Date,Game,Inning,Pitcher,Hand,Batter,Stand,AB_ID,Result,AB_Total,AB_Count,Pfx_ID,Play_ID,Balls,Strikes,Outs,Code,Pdes,Type,Zone,Con,SZ_Top,SZ_Bot,Start_Speed,End_Speed,Nasty_Factor,X0,Y0,Z0,PX,PZ,PfxX,PfxZ,VX0,VY0,VZ0,AX,AY,AZ,Break_Angle,Break_Length,Break_Y,Spin_Rate,Spin_Direction,Runner 1B,Runner 2B,Runner 3B,End 1B,End 2B,End 3B,Runs,Outs On Play,Run Diff,Half
2017-04-03,490104,1,445060,R,434658,R,4,Strikeout,7,1,170404_021660,730cd912-8acd-4655-80bc-1c722cd559f7,0,1,0,C,Called Strike,FT,14,2.0,3.43,1.75,92.3,83.9,63.18,-0.64,50.0,5.81,1.08,2.19,-11.49,9.25,8.47,-133.77,-6.61,-20.73,30.04,-15.49,48.0,6.0,24.0,2042,230,,,,,,,0,1,0,bottom
2017-04-03,490104,1,445060,R,434658,R,4,Strikeout,7,2,170404_021713,a46fa037-4835-4a99-8d0d-9de11579643e,0,1,0,B,Ball,FT,14,2.0,3.34,1.58,92.4,84.6,69.1,-0.62,50.0,5.64,0.67,1.21,-9.05,9.82,6.53,-133.99,-9.04,-16.49,28.35,-14.29,43.2,4.8,24.0,1964,222,,,,,,,0,1,0,bottom
2017-04-03,490104,1,445060,R,434658,R,4,Strikeout,7,3,170404_021726,f3d7b5b9-4dab-48b8-8b35-e53c14c35157,1,2,0,C,Called Strike,SL,14,2.0,3.17,1.49,81.4,75.7,48.23,-1.02,50.0,5.99,0.89,2.48,2.86,-2.58,3.61,-118.36,-0.6,4.1,20.36,-35.87,7.2,10.8,24.0,2417,53,,,,,,,0,1,0,bottom
2017-04-03,490104,1,445060,R,434658,R,4,Strikeout,7,4,170404_021744,72405254-22af-478e-8411-803fc3ce2057,1,2,0,B,Ball,SL,14,2.0,3.3,1.44,82.5,76.2,16.45,-0.88,50.0,5.78,1.68,0.56,2.06,-0.02,5.42,-119.76,-5.51,2.99,23.44,-32.2,7.2,9.6,24.0,,78,,,,,,,0,1,0,bottom
2017-04-03,490104,1,445060,R,434658,R,4,Strikeout,7,5,170404_021808,55d2de3d-d7b1-4761-816d-da6dc69ff6e6,2,2,0,F,Foul,FT,7,2.0,3.68,1.5,92.2,83.4,41.43,-0.81,50.0,5.77,-0.3,2.08,-10.75,5.65,5.01,-133.88,-5.5,-19.26,32.38,-22.06,37.2,7.2,24.0,2011,243,,,,,,,0,1,0,bottom
2017-04-03,490104,1,445060,R,434658,R,4,Strikeout,7,6,170404_021834,8d6e45a2-5fae-4a4e-92ca-8938f74f04a3,2,2,0,F,Foul,SL,8,2.0,3.68,1.5,81.6,75.4,36.05,-1.12,50.0,5.76,-0.14,1.76,1.59,-3.69,1.83,-118.61,-1.41,2.27,21.97,-37.45,3.6,10.8,24.0,812,26,,,,,,,0,1,0,bottom
2017-04-03,490104,1,445060,R,434658,R,4,Strikeout,7,7,170404_021858,bcaf84d2-e8f3-49af-b47d-483466f91156,2,3,0,W,Swinging Strike (Blocked),SL,14,2.0,3.68,1.5,81.1,74.3,40.08,-0.92,50.0,5.85,1.25,0.45,0.83,-1.52,4.78,-117.69,-5.09,1.15,24.56,-34.29,3.6,10.8,24.0,2394,37,,,,,,,0,1,0,bottom
2017-04-03,490104,1,445060,R,459964,L,5,Strikeout,3,1,170404_021941,3a05b5d1-06f1-4bb4-bf75-4eda8391babb,0,1,1,C,Called Strike,FT,11,2.0,3.44,1.77,91.5,82.9,59.9,-0.93,50.0,5.8,-1.06,2.57,-10.09,5.54,3.07,-132.86,-4.15,-17.83,31.38,-22.39,36.0,7.2,24.0,2001,241,,,,,,,0,1,0,bottom
2017-04-03,490104,1,445060,R,459964,L,5,Strikeout,3,2,170404_021957,7438ae50-37e1-4caf-9591-cabf83d6a909,0,1,1,S,Swinging Strike,FF,6,2.0,3.68,1.5,91.4,82.6,38.64,-0.71,50.0,5.81,0.41,2.27,-5.51,9.13,4.79,-132.65,-6.14,-9.69,31.76,-16.12,26.4,4.8,24.0,2321,209,,,,,,,0,1,0,bottom
2017-04-03,490104,1,445060,R,459964,L,5,Strikeout,3,3,170404_022017,d3e93451-3e0d-41c1-8328-28910b058646,0,2,1,S,Swinging Strike,FT,5,2.0,3.68,1.5,92.5,84.4,36.84,-0.72,50.0,5.69,0.22,2.64,-10.03,3.51,5.92,-134.45,-3.24,-18.29,30.13,-25.77,32.4,7.2,24.0,2071,250,,,,,,,0,1,0,bottom
2017-04-03,490104,1,445060,R,592387,R,6,Groundout,6,1,170404_022055,11b92a40-c636-41f9-92e2-1edfbfd4a907,0,1,2,C,Called Strike,FF,14,2.0,3.51,1.72,92.2,83.3,68.4,-0.66,50.0,5.73,1.13,2.36,-6.99,9.11,7.09,-133.76,-5.82,-12.51,32.07,-15.86,32.4,4.8,24.0,2332,215,,,,,,,0,1,0,bottom
2017-04-03,490104,1,445060,R,592387,R,6,Groundout,6,2,170404_022112,a97b743d-22b2-4096-9e6b-659f588346ba,0,1,2,B,Ball,SL,14,2.0,3.31,1.3,81.5,74.2,59.53,-0.92,50.0,5.81,0.82,1.29,1.45,-3.08,3.59,-118.3,-2.65,2.03,25.87,-36.47,3.6,10.8,24.0,2410,31,,,,,,,0,1,0,bottom
2017-04-03,490104,1,445060,R,592387,R,6,Groundout,6,3,170404_022132,050f23fc-5324-477f-a5a2-7dc09f6c3b75,1,1,2,B,Ball,SL,14,2.0,3.27,1.38,81.5,74.7,42.55,-1.13,50.0,5.83,0.89,1.11,1.01,-4.05,4.42,-118.37,-2.85,1.41,24.66,-37.87,3.6,10.8,24.0,2412,21,,,,,,,0,1,0,bottom
2017-04-03,490104,1,445060,R,592387,R,6,Groundout,6,4,170404_022153,bb7d1467-d92a-4689-9325-ee0e08956ad8,2,1,2,B,Ball,FT,14,2.0,3.37,1.64,93.0,84.3,40.08,-0.67,50.0,5.69,1.33,1.66,-9.66,9.4,8.61,-134.71,-7.85,-17.61,31.28,-15.03,43.2,4.8,24.0,2135,224,,,,,,,0,1,0,bottom
2017-04-03,490104,1,445060,R,592387,R,6,Groundout,6,5,170404_022214,c5747ebd-d52f-4979-b455-671440763ae3,3,2,2,F,Foul,FT,5,2.0,3.85,1.57,92.3,84.1,34.24,-0.88,50.0,5.68,-0.04,2.93,-8.81,5.79,5.26,-134.11,-3.17,-16.0,29.81,-21.66,33.6,6.0,24.0,2090,235,,,,,,,0,1,0,bottom
2017-04-03,490104,1,445060,R,592387,R,6,Groundout,6,6,170404_022241,15102d94-ea37-4051-86c4-ee570e151148,3,2,2,X,In play- out(s),FF,9,2.0,3.85,1.57,93.0,84.3,40.84,-0.7,50.0,5.7,0.24,1.97,-6.25,7.28,4.63,-135.05,-6.36,-11.42,32.36,-18.87,26.4,4.8,24.0,2048,220,,,,,,,0,1,0,bottom
2017-04-03,490104,2,445060,R,501981,R,11,Groundout,4,1,170404_023534,284b1f2b-bf57-4f4e-9945-d706ef996e27,0,0,0,S,Swinging Strike,SL,3,2.0,3.83,1.62,80.9,74.4,71.61,-1.05,50.0,5.98,0.44,3.29,2.08,-0.59,2.83,-117.55,0.84,2.92,21.7,-33.0,6.0,9.6,24.0,,83,,,,,,,0,1,0,bottom
2017-04-03,490104,2,445060,R,501981,R,11,Groundout,4,2,170404_023549,22d58b58-da89-4110-ba64-0d047bb5dc41,0,2,0,C,Called Strike,FT,13,2.0,3.4,1.44,90.1,82.1,64.08,-0.96,50.0,5.75,-0.64,1.52,-10.22,6.65,4.25,-130.78,-6.87,-17.6,29.09,-20.72,37.2,6.0,24.0,2066,238,,,,,,,0,1,0,bottom
2017-04-03,490104,2,445060,R,501981,R,11,Groundout,4,3,170404_023610,d10e4205-d888-4343-b304-65c50fa07729,0,2,0,F,Foul,FF,12,2.0,3.83,1.62,92.0,82.9,56.43,-0.56,50.0,5.93,0.95,2.92,-6.5,10.04,6.18,-133.53,-5.16,-11.57,32.62,-14.3,32.4,4.8,24.0,2384,210,,,,,,,0,1,0,bottom
2017-04-03,490104,2,445060,R,501981,R,11,Groundout,4,4,170404_023635,137c5c0f-4513-441e-a46e-08aad1861c1e,0,2,0,X,In play- out(s),KC,14,2.0,3.83,1.62,74.7,67.6,75.71,-0.8,50.0,6.12,0.88,1.5,6.96,-8.04,1.64,-108.35,0.04,8.04,24.0,-41.46,10.8,14.4,24.0,2656,43,,,,,,,0,1,0,bottom
2017-04-03,490104,2,445060,R,519390,L,12,Home Run,8,1,170404_023718,860fca40-c841-46b6-8c5c-ce052b0f58b9,0,0,1,B,Ball,FT,13,2.0,3.49,1.53,90.2,82.1,44.79,-0.81,50.0,5.55,-0.48,1.05,-11.69,3.66,4.73,-131.0,-6.56,-20.1,30.42,-25.89,34.8,8.4,24.0,1926,255,,,,,,,1,0,0,bottom
2017-04-03,490104,2,445060,R,519390,L,12,Home Run,8,2,170404_023735,68ac978c-c837-49c1-a173-65bb514e6409,1,1,1,C,Called Strike,FT,13,2.0,3.31,1.55,91.4,82.7,52.26,-0.74,50.0,5.67,-0.15,1.32,-11.59,5.78,5.43,-132.55,-7.09,-20.33,31.89,-22.03,38.4,7.2,24.0,2042,245,,,,,,,1,0,0,bottom
2017-04-03,490104,2,445060,R,519390,L,12,Home Run,8,3,170404_023750,10518c90-8807-4040-ba8f-8d6a5cc7806c,1,1,1,B,Ball,FF,14,2.0,3.31,1.6,89.9,80.6,50.18,-0.69,50.0,5.92,1.09,2.44,-6.85,11.96,6.81,-130.41,-6.53,-11.56,32.54,-11.99,36.0,3.6,24.0,2169,207,,,,,,,1,0,0,bottom
2017-04-03,490104,2,445060,R,519390,L,12,Home Run,8,4,170404_023808,79d1ef74-77e1-4333-b604-611e67bcc6cb,2,2,1,F,Foul,FT,13,2.0,3.73,1.5,90.9,81.7,52.98,-0.83,50.0,5.56,-0.23,1.39,-13.75,4.93,6.16,-131.86,-6.18,-23.69,33.63,-23.68,40.8,8.4,24.0,1964,251,,,,,,,1,0,0,bottom
2017-04-03,490104,2,445060,R,519390,L,12,Home Run,8,5,170404_023834,6ff39012-f2ca-4128-9fc0-9aebe8062c99,2,2,1,F,Foul,FT,14,2.0,3.73,1.5,91.5,82.5,61.17,-0.7,50.0,5.57,0.42,1.25,-12.37,5.11,7.09,-132.69,-6.77,-21.67,33.0,-23.22,38.4,7.2,24.0,1930,249,,,,,,,1,0,0,bottom
2017-04-03,490104,2,445060,R,519390,L,12,Home Run,8,6,170404_023916,34425e04-e953-4f5e-a01e-f0888e6f8d74,2,2,1,F,Foul,FT,1,2.0,3.73,1.5,91.3,82.9,51.61,-1.01,50.0,5.73,-0.46,2.9,-10.47,5.12,5.0,-132.64,-2.98,-18.52,30.23,-23.12,36.0,7.2,24.0,2028,243,,,,,,,1,0,0,bottom
2017-04-03,490104,2,445060,R,519390,L,12,Home Run,8,7,170404_023956,5e5bd29f-6378-4301-b800-d1a0bb211f24,2,2,1,B,Ball,SL,14,2.0,3.3,1.52,79.7,72.5,34.55,-0.86,50.0,5.82,2.13,1.52,-0.22,-2.78,6.83,-115.58,-1.83,-0.29,24.85,-35.87,1.2,10.8,24.0,2341,17,,,,,,,1,0,0,bottom
2017-04-03,490104,2,445060,R,519390,L,12,Home Run,8,8,170404_024019,ce8d5652-ea85-4d07-be0c-42b623099fd0,3,2,1,E,In play- run(s),FT,8,2.0,3.73,1.5,90.2,81.7,36.37,-0.84,50.0,5.67,0.09,1.9,-11.65,5.0,6.27,-130.92,-5.09,-19.99,30.6,-23.59,37.2,7.2,24.0,1842,247,,,,,,,1,0,0,bottom
2017-04-03,490104,2,445060,R,476704,L,13,Single,2,1,170404_024109,ac659363-58f8-4cbb-b37d-9777201a2afe,0,0,1,B,Ball,KC,11,2.0,3.42,1.6,71.1,64.4,79.17,-1.32,50.0,6.39,-1.04,2.65,8.38,-7.78,-1.62,-102.87,2.48,8.79,20.34,-40.34,12.0,15.6,24.0,2639,49,,,,476704,,,0,0,-1,bottom
2017-04-03,490104,2,445060,R,476704,L,13,Single,2,2,170404_024127,27285642-60bc-4147-bdfd-2c1d3c61c260,1,0,1,D,In play- no out,FT,7,2.0,3.75,1.53,90.8,83.4,49.73,-0.92,50.0,5.65,-0.5,2.02,-9.83,5.03,4.44,-132.07,-5.0,-17.4,27.44,-23.26,34.8,7.2,24.0,1970,243,,,,476704,,,0,0,-1,bottom
2017-04-03,490104,2,445060,R,461858,R,14,Grounded Into DP,4,1,170404_024220,e7c34a2c-d2b0-4683-a290-50cd91bd84ec,0,0,1,B,Ball,FT,14,2.0,3.18,1.48,90.7,82.9,35.62,-0.62,50.0,5.54,1.32,0.68,-11.6,7.39,8.94,-131.44,-8.89,-20.26,28.35,-19.27,40.8,6.0,24.0,2015,238,476704,,,,,,0,2,-1,bottom
2017-04-03,490104,2,445060,R,461858,R,14,Grounded Into DP,4,2,170404_024245,3d30376b-3841-4e9d-9f5d-927e3a5751a1,2,0,1,*B,Ball In Dirt,SL,14,2.0,2.96,1.49,80.1,73.6,22.03,-0.91,50.0,5.65,1.96,0.46,1.26,1.15,6.2,-116.16,-5.19,1.71,22.85,-30.61,4.8,9.6,24.0,2359,106,476704,,,,,,0,2,-1,bottom
2017-04-03,490104,2,445060,R,461858,R,14,Grounded Into DP,4,3,170404_024336,aa9bcf77-f3f5-499a-8356-404cecafdf5e,2,0,1,X,In play- out(s),FT,8,2.0,3.83,1.57,90.4,81.6,40.93,-0.74,50.0,5.7,-0.05,1.59,-11.3,8.81,5.55,-131.05,-7.26,-19.39,31.23,-17.06,44.4,6.0,24.0,1964,232,476704,,,,,,0,2,-1,bottom
2017-04-03,490104,3,445060,R,475174,L,20,Groundout,3,1,170404_025919,26994cad-7a90-4064-b2fc-5777a1be0e6e,0,0,0,B,Ball,FS,11,2.0,3.34,1.52,79.4,72.5,76.07,-1.08,50.0,6.01,-1.41,3.23,-7.91,3.41,1.6,-115.36,-0.27,-10.63,22.12,-27.59,20.4,8.4,24.0,1416,244,,,,,,,0,1,1,bottom
2017-04-03,490104,3,445060,R,475174,L,20,Groundout,3,2,170404_025933,94551f22-a4c3-49a8-b59b-bc57fb73d357,1,0,0,B,Ball,FT,9,2.0,3.46,1.63,90.2,82.1,54.23,-0.83,50.0,5.76,0.67,2.02,-9.1,9.05,6.92,-130.95,-6.44,-15.72,28.95,-16.54,38.4,4.8,24.0,2070,224,,,,,,,0,1,1,bottom
2017-04-03,490104,3,445060,R,475174,L,20,Groundout,3,3,170404_025950,1cc460b1-5cd0-4e9d-9342-5e71dd8af1d0,2,0,0,X,In play- out(s),FT,4,2.0,3.79,1.48,90.2,82.5,53.03,-0.8,50.0,5.74,-0.65,2.59,-10.17,4.48,3.81,-131.06,-3.44,-17.67,28.03,-24.39,33.6,7.2,24.0,2022,246,,,,,,,0,1,1,bottom
2017-04-03,490104,3,445060,R,543760,R,21,Flyout,2,1,170404_030039,9f3d7999-3ce3-484c-8280-6673b365c19b,0,1,1,C,Called Strike,SL,14,2.0,3.32,1.52,80.1,73.8,73.54,-1.07,50.0,5.91,0.71,2.2,1.63,-0.9,3.62,-116.4,-1.25,2.24,21.58,-33.41,4.8,9.6,24.0,2378,68,,,,,,,0,1,1,bottom
2017-04-03,490104,3,445060,R,543760,R,21,Flyout,2,2,170404_030054,31099c68-59db-4154-9788-546142467d45,0,1,1,X,In play- out(s),FT,13,2.0,3.87,1.61,90.0,81.3,61.07,-0.97,50.0,5.73,-0.91,2.02,-9.72,8.3,3.39,-130.59,-5.99,-16.55,31.13,-18.05,39.6,6.0,24.0,1930,230,,,,,,,0,1,1,bottom
2017-04-03,490104,3,445060,R,434658,R,22,Pop Out,2,1,170404_030145,125f21df-adaa-4a9e-b975-be62caee2b35,0,1,2,C,Called Strike,FT,14,2.0,3.23,1.46,90.1,81.7,73.64,-0.74,50.0,5.66,0.99,1.63,-9.05,7.77,7.45,-130.63,-6.68,-15.49,30.02,-18.88,33.6,6.0,24.0,2117,228,,,,,,,0,1,1,bottom
2017-04-03,490104,3,445060,R,434658,R,22,Pop Out,2,2,170404_030159,9c35a361-f468-411e-b10e-87907c272f6a,0,1,2,X,In play- out(s),SL,12,2.0,3.87,1.61,81.8,74.5,50.9,-1.05,50.0,6.1,0.76,2.97,3.07,0.21,3.3,-118.79,-0.49,4.35,24.7,-31.88,8.4,9.6,24.0,806,96,,,,,,,0,1,1,bottom
2017-04-03,490104,4,445060,R,459964,L,26,Lineout,4,1,_,a8ba11ea-79fc-4ed1-8fdb-1e2f342dc08a,0,0,0,B,Ball,FS,11,2.0,3.73,1.66,80.5,73.7,81.01,-1.01,50.0,5.96,-1.57,3.45,-7.44,1.04,0.93,-116.96,0.86,-10.3,22.28,-30.74,18.0,9.6,24.0,1422,259,,,,,,,0,1,1,bottom
2017-04-03,490104,4,445060,R,459964,L,26,Lineout,4,2,170404_031153,c815b973-2027-4f07-8267-41e1797ec417,1,1,0,B,Ball,FT,14,2.0,3.36,1.66,91.4,83.1,71.29,-0.81,50.0,5.58,0.94,1.53,-9.13,7.59,7.66,-132.55,-6.97,-16.13,30.04,-18.76,36.0,6.0,24.0,2121,229,,,,,,,0,1,1,bottom
2017-04-03,490104,4,445060,R,459964,L,26,Lineout,4,3,170404_031213,469f6931-b5a5-45f7-ba1f-33b67517e7e5,2,1,0,X,In play- out(s),FT,7,2.0,3.39,1.78,90.7,82.7,50.5,-0.87,50.0,5.68,-0.37,1.9,-9.07,6.8,4.37,-131.85,-5.92,-15.87,29.64,-20.27,34.8,6.0,24.0,2103,233,,,,,,,0,1,1,bottom
2017-04-03,490104,4,445060,R,592387,R,27,Lineout,4,1,170404_031257,19921d1c-d1cc-4473-affe-8eafe99575f9,0,1,1,C,Called Strike,SL,2,2.0,3.33,1.6,80.6,73.9,54.02,-1.06,50.0,5.97,0.06,3.03,1.13,-1.1,2.24,-117.16,0.5,1.57,22.34,-33.7,3.6,9.6,24.0,2329,60,,,,,,,0,1,1,bottom
2017-04-03,490104,4,445060,R,592387,R,27,Lineout,4,2,170404_031315,4ee62599-e860-4b14-a8b4-8c408942e5b6,0,1,1,B,Ball,SL,14,2.0,3.36,1.65,81.2,74.5,57.65,-0.82,50.0,5.96,1.2,1.65,1.79,-2.31,4.13,-117.89,-2.37,2.5,23.72,-35.41,4.8,10.8,24.0,2288,44,,,,,,,0,1,1,bottom
2017-04-03,490104,4,445060,R,592387,R,27,Lineout,4,3,170404_031333,9c3564a8-5e21-4164-9c0d-daab30eb8860,1,1,1,B,Ball,SL,14,2.0,3.31,1.32,82.4,75.9,36.94,-1.05,50.0,5.72,0.71,0.73,2.67,-1.72,3.34,-119.72,-4.44,3.87,23.99,-34.65,7.2,9.6,24.0,2468,55,,,,,,,0,1,1,bottom
2017-04-03,490104,4,445060,R,592387,R,27,Lineout,4,4,170404_031357,6bf44fe3-dfd5-4e9a-877b-b2d034139640,2,1,1,X,In play- out(s),FT,5,2.0,3.85,1.57,92.0,83.1,33.68,-0.74,50.0,5.75,-0.23,2.46,-9.39,6.92,4.53,-133.54,-4.83,-16.73,32.36,-19.85,37.2,6.0,24.0,2128,233,,,,,,,0,1,1,bottom
2017-04-03,490104,4,445060,R,501981,R,28,Single,1,1,170404_031434,7c8a4ab0-ab60-4a1f-8e9e-a7cb6be3b7b3,0,0,2,D,In play- no out,FT,5,2.0,3.85,1.57,92.3,83.1,36.73,-0.62,50.0,5.73,0.12,2.36,-10.25,8.54,5.43,-133.96,-5.63,-18.34,33.18,-16.91,43.2,6.0,24.0,2145,230,,,,501981,,,0,0,1,bottom
2017-04-03,490104,4,445060,R,519390,L,29,Flyout,4,1,170404_031526,58470f97-899d-481a-9399-a6083057f731,1,0,2,*B,Ball In Dirt,FT,13,2.0,3.5,1.54,89.9,81.5,36.53,-0.83,50.0,5.64,-0.24,0.5,-10.12,5.64,4.87,-130.34,-8.74,-17.16,31.02,-22.61,33.6,7.2,24.0,1791,244,501981,,,,,,0,1,1,bottom
2017-04-03,490104,4,445060,R,519390,L,29,Flyout,4,2,170404_031555,07eea08e-c270-43a7-b84a-4370809bd56d,1,0,2,B,Ball,FT,13,2.0,3.34,1.65,90.5,81.9,59.94,-0.96,50.0,5.61,-0.83,2.23,-9.54,5.97,3.52,-131.5,-4.49,-16.5,31.17,-21.86,34.8,6.0,24.0,2068,238,501981,,,,,,0,1,1,bottom
2017-04-03,490104,4,445060,R,519390,L,29,Flyout,4,3,170404_031621,7c7c9681-ae49-4291-856b-3751b5a99c28,2,1,2,C,Called Strike,FT,8,2.0,3.34,1.49,90.2,81.8,43.17,-0.92,50.0,5.6,-0.05,1.7,-9.44,6.89,5.4,-131.02,-6.1,-16.22,30.67,-20.33,34.8,6.0,24.0,1919,234,501981,,,,,,0,1,1,bottom
2017-04-03,490104,4,445060,R,519390,L,29,Flyout,4,4,170404_031651,7c141dd7-0c44-4623-b7ce-937585d29d2b,2,1,2,X,In play- out(s),SL,14,2.0,3.73,1.5,81.7,74.5,53.17,-1.0,50.0,5.84,0.75,1.91,1.55,-3.0,3.62,-118.69,-1.35,2.19,25.36,-36.4,4.8,10.8,24.0,2331,35,501981,,,,,,0,1,1,bottom
2017-04-03,490104,5,445060,R,476704,L,34,Single,5,1,170404_032926,335fe695-180c-4b22-8e88-1916147f4dbb,0,1,0,C,Called Strike,FS,1,2.0,3.25,1.58,79.1,71.9,93.05,-0.88,50.0,6.02,-0.58,3.13,-7.09,4.45,2.77,-114.93,-0.72,-9.4,23.01,-26.27,18.0,8.4,24.0,1440,235,,,,476704,,,0,0,1,bottom
2017-04-03,490104,5,445060,R,476704,L,34,Single,5,2,170404_032943,5f02f252-1571-417b-8979-e2f7815f4278,0,1,0,B,Ball,FF,12,2.0,3.37,1.43,89.8,80.8,51.89,-0.66,50.0,5.98,0.42,3.59,-4.94,9.74,4.4,-130.37,-3.05,-8.37,31.37,-15.66,24.0,4.8,24.0,2184,204,,,,476704,,,0,0,1,bottom
2017-04-03,490104,5,445060,R,476704,L,34,Single,5,3,170404_033000,0036a589-15be-4490-9e4e-655eb255d4e4,1,1,0,B,Ball,KC,14,2.0,3.24,1.36,72.5,66.2,55.89,-0.91,50.0,6.07,0.93,0.23,7.22,-7.99,1.85,-105.25,-2.05,7.88,22.37,-40.89,10.8,15.6,24.0,2477,43,,,,476704,,,0,0,1,bottom
2017-04-03,490104,5,445060,R,476704,L,34,Single,5,4,170404_033027,5e2f70c5-2a9d-4955-98ba-b9834e069d5d,2,1,0,B,Ball,FT,13,2.0,3.29,1.65,88.8,80.4,28.17,-0.93,50.0,5.75,-1.37,2.26,-7.86,8.28,1.45,-129.02,-5.19,-13.07,30.09,-18.4,33.6,6.0,24.0,1938,224,,,,476704,,,0,0,1,bottom
2017-04-03,490104,5,445060,R,476704,L,34,Single,5,5,170404_033047,a579d0ca-6426-4a64-971e-665463cc24c6,3,1,0,D,In play- no out,FT,5,2.0,3.75,1.53,89.9,81.4,31.24,-1.0,50.0,5.84,0.07,2.41,-8.64,6.73,5.62,-130.51,-4.74,-14.72,30.45,-20.7,31.2,6.0,24.0,2047,231,,,,476704,,,0,0,1,bottom
2017-04-03,490104,5,445060,R,461858,R,35,Groundout,1,1,170404_033130,25845c13-4b3c-4761-9f21-4c40111478f1,0,0,0,X,In play- out(s),SL,13,2.0,3.75,1.53,80.8,74.2,80.47,-1.24,50.0,5.83,-0.53,1.47,0.31,0.17,1.55,-117.51,-3.19,0.43,23.3,-31.94,1.2,9.6,24.0,2404,83,476704,,,,476704,,0,1,1,bottom
2017-04-03,490104,5,445060,R,475174,L,36,Single,2,1,170404_033233,796e02f6-57c2-4d22-8913-76a1b7805bc6,0,0,1,B,Ball,FT,13,2.0,3.12,1.47,87.5,79.3,72.48,-1.0,50.0,5.63,-0.75,1.12,-9.2,5.77,3.61,-127.04,-6.67,-14.82,29.46,-22.87,30.0,7.2,24.0,1839,240,,476704,,475174,,,1,0,1,bottom
2017-04-03,490104,5,445060,R,475174,L,36,Single,2,2,170404_033257,6a747438-5e25-4ba5-b389-e97ad242c6ec,1,0,1,E,In play- run(s),FT,13,2.0,3.83,1.57,89.9,81.4,62.79,-1.02,50.0,5.74,-0.87,2.1,-9.1,6.81,3.42,-130.54,-5.34,-15.53,30.44,-20.55,33.6,6.0,24.0,1937,234,,476704,,475174,,,1,0,1,bottom
2017-04-03,490104,5,445060,R,543760,R,37,Walk,6,1,170404_033356,9f756ef5-0856-4d12-9e30-fb151bcc3173,0,1,1,F,Foul,SL,9,2.0,3.87,1.61,79.5,72.3,73.3,-0.97,50.0,5.95,0.55,1.93,1.46,-1.35,3.0,-115.49,-1.62,1.94,24.54,-33.96,3.6,10.8,24.0,,55,475174,,,543760,475174,,0,0,0,bottom
2017-04-03,490104,5,445060,R,543760,R,37,Walk,6,2,170404_033425,f2f59b6e-48a7-46af-9917-a392f23d1486,0,2,1,W,Swinging Strike (Blocked),SL,14,2.0,3.87,1.61,81.1,74.1,16.49,-0.77,50.0,5.88,1.77,0.46,2.26,0.08,5.2,-117.67,-5.57,3.13,25.31,-32.07,7.2,9.6,24.0,734,80,475174,,,543760,475174,,0,0,0,bottom
2017-04-03,490104,5,445060,R,543760,R,37,Walk,6,3,170404_033454,d474391f-4d68-4ac8-bffc-7a4620b5f38a,1,2,1,*B,Ball In Dirt,SL,14,2.0,3.16,1.61,78.9,73.1,40.28,-1.01,50.0,5.7,1.27,-0.05,2.74,-2.82,4.34,-114.54,-5.06,3.63,21.6,-35.91,7.2,10.8,24.0,2317,45,475174,,,543760,475174,,0,0,0,bottom
2017-04-03,490104,5,445060,R,543760,R,37,Walk,6,4,170404_033533,1edcd31c-78b9-4bec-bc07-81d08e18828d,2,2,1,*B,Ball In Dirt,SL,14,2.0,3.26,1.61,78.2,72.7,16.97,-0.97,50.0,5.73,1.3,-0.22,2.45,-3.96,4.37,-113.67,-5.02,3.2,21.26,-37.34,6.0,12.0,24.0,2294,34,475174,,,543760,475174,,0,0,0,bottom
2017-04-03,490104,5,445060,R,543760,R,37,Walk,6,5,170404_033608,4a41cc0f-5406-497e-ae64-24fce966c292,2,2,1,B,Ball,FT,14,2.0,3.33,1.61,90.2,81.1,45.39,-0.82,50.0,5.59,0.65,0.89,-10.09,5.64,7.1,-130.7,-7.6,-17.08,33.09,-22.64,32.4,7.2,24.0,2023,242,475174,,,543760,475174,,0,0,0,bottom
2017-04-03,490104,5,445060,R,543760,R,37,Walk,6,6,170404_033635,ba1a3afb-72a0-426b-9e9c-f9bd1a93b7ff,3,2,1,B,Ball,SL,14,2.0,3.31,1.52,81.1,74.2,65.16,-1.09,50.0,5.85,0.95,1.19,1.41,0.54,4.31,-117.76,-3.99,1.96,24.28,-31.42,4.8,9.6,24.0,2381,95,475174,,,543760,475174,,0,0,0,bottom
2017-04-03,490104,5,445060,R,434658,R,38,Strikeout,4,1,170404_033729,bee0b61b-9298-4a7e-9ee3-dfeaeb11cad1,0,1,1,F,Foul,FT,14,2.0,3.68,1.5,91.3,82.3,58.48,-0.68,50.0,5.82,0.71,2.21,-9.89,6.95,6.94,-132.42,-5.53,-17.29,32.28,-20.03,36.0,6.0,24.0,1994,234,543760,475174,,543760,475174,,0,1,0,bottom
2017-04-03,490104,5,445060,R,434658,R,38,Strikeout,4,2,170404_033802,6c9f8977-9bae-40d8-a5c0-82298f11bea8,1,1,1,*B,Ball In Dirt,SL,14,2.0,3.14,1.36,80.8,74.8,22.37,-0.77,50.0,5.67,1.81,0.15,1.05,-3.24,5.66,-117.35,-4.84,1.46,22.71,-36.68,3.6,10.8,24.0,2217,26,543760,475174,,543760,475174,,0,1,0,bottom
2017-04-03,490104,5,445060,R,434658,R,38,Strikeout,4,3,170404_033833,389f9c1b-0875-45b8-bd23-d33fe7b133ff,1,2,1,F,Foul,SL,14,2.0,3.68,1.5,80.8,74.1,25.98,-1.0,50.0,5.79,0.4,0.76,2.28,-0.64,2.55,-117.4,-4.47,3.15,24.09,-33.06,6.0,9.6,24.0,,68,543760,475174,,543760,475174,,0,1,0,bottom
2017-04-03,490104,5,445060,R,434658,R,38,Strikeout,4,4,170404_033908,3a1be271-5747-4581-b2d9-ad5947f039eb,1,2,1,S,Swinging Strike,KC,14,2.0,3.68,1.5,73.0,66.3,61.31,-0.97,50.0,6.18,0.49,1.51,9.99,-7.74,0.33,-105.9,0.18,11.06,22.27,-40.75,15.6,15.6,24.0,2642,53,543760,475174,,543760,475174,,0,1,0,bottom
2017-04-03,490104,5,445060,R,459964,L,39,Lineout,2,1,170404_033960,f9b6079d-2bc4-47ba-8ccb-c94846c0ae7a,0,0,2,B,Ball,KC,13,2.0,3.11,1.66,71.6,65.6,53.89,-1.23,50.0,6.19,-0.2,1.03,9.8,-7.03,-0.48,-103.87,-0.74,10.52,20.31,-39.72,14.4,15.6,24.0,2477,54,543760,475174,,,,,0,1,0,bottom
2017-04-03,490104,5,445060,R,459964,L,39,Lineout,2,2,170404_034024,11cdfa90-5865-43ac-ac99-3ff6f1e73793,1,0,2,X,In play- out(s),FT,8,2.0,3.73,1.66,90.2,81.8,30.45,-0.84,50.0,5.69,0.01,2.12,-8.77,5.09,5.13,-131.01,-4.62,-15.07,30.55,-23.43,30.0,7.2,24.0,2003,240,543760,475174,,,,,0,1,0,bottom
2017-04-03,490104,6,445060,R,592387,R,44,Strikeout,5,1,170404_035138,b55f0f04-5b43-4e1b-babf-116000236a5b,0,0,0,B,Ball,SL,14,2.0,3.54,1.75,79.8,74.1,93.12,-0.89,50.0,5.81,1.08,1.43,2.08,-1.8,3.9,-116.05,-2.51,2.86,20.63,-34.65,6.0,10.8,24.0,2367,53,,,,,,,0,1,0,bottom
2017-04-03,490104,6,445060,R,592387,R,44,Strikeout,5,2,170404_035156,13207e21-f090-4076-88bf-b6bd71f72d43,1,1,0,C,Called Strike,FF,6,2.0,3.56,1.72,90.3,82.6,34.12,-0.59,50.0,5.83,0.41,2.46,-5.75,7.77,4.53,-131.26,-5.12,-10.02,27.95,-18.63,25.2,4.8,24.0,2081,215,,,,,,,0,1,0,bottom
2017-04-03,490104,6,445060,R,592387,R,44,Strikeout,5,3,170404_035216,87ea656c-fef3-478f-bda3-b3028de42000,1,2,0,C,Called Strike,KC,14,2.0,3.59,1.71,73.1,67.2,58.7,-0.96,50.0,6.21,0.38,1.41,5.67,-7.94,1.27,-106.1,-0.14,6.39,20.28,-41.11,9.6,15.6,24.0,2582,37,,,,,,,0,1,0,bottom
2017-04-03,490104,6,445060,R,592387,R,44,Strikeout,5,4,170404_035238,289a3247-a880-4088-9e62-10f2c6aa7e3e,1,2,0,B,Ball,SL,14,2.0,3.57,1.76,81.7,75.4,17.58,-0.65,50.0,5.71,1.58,0.7,0.9,-3.78,4.95,-118.61,-3.68,1.28,23.24,-37.54,3.6,10.8,24.0,2333,21,,,,,,,0,1,0,bottom
2017-04-03,490104,6,445060,R,592387,R,44,Strikeout,5,5,170404_035303,e6d02287-243a-45ad-87bf-fc51a5c033a2,2,3,0,C,Called Strike,FT,14,2.0,3.51,1.75,91.4,83.4,69.25,-0.82,50.0,5.76,0.94,1.68,-10.52,7.18,8.17,-132.62,-6.96,-18.67,29.24,-19.43,39.6,6.0,24.0,2149,235,,,,,,,0,1,0,bottom
2017-04-03,490104,6,445060,R,501981,R,45,Home Run,1,1,170404_035337,fe84cad0-704a-4bb6-a992-acf775dbd1ef,0,0,1,E,In play- run(s),SL,4,2.0,3.85,1.57,80.1,73.7,57.15,-1.0,50.0,5.94,-0.3,2.5,1.83,-4.65,1.06,-116.46,0.49,2.51,22.22,-38.55,3.6,10.8,24.0,2318,24,,,,,,,1,0,0,bottom
2017-04-03,490104,6,445060,R,519390,L,46,Single,2,1,170404_035426,659dcd2f-64ca-49c5-aa11-aa2709c4a83c,0,1,1,C,Called Strike,FT,7,2.0,3.54,1.56,89.6,81.3,53.89,-0.89,50.0,5.76,-0.27,1.57,-8.31,8.33,4.35,-130.0,-7.18,-14.08,29.8,-18.06,33.6,6.0,24.0,2110,225,,,,519390,,,0,0,-1,bottom
2017-04-03,490104,6,445060,R,519390,L,46,Single,2,2,170404_035442,5fe3ad3b-4527-4629-89e9-e6d54e23ac21,0,1,1,D,In play- no out,FS,13,2.0,3.73,1.5,80.5,74.0,47.65,-1.03,50.0,5.88,-0.86,1.91,-5.64,1.23,2.08,-117.03,-2.57,-7.81,22.4,-30.48,13.2,9.6,24.0,1422,258,,,,519390,,,0,0,-1,bottom
2017-04-03,490104,6,445060,R,476704,L,47,Flyout,6,1,170404_035608,08000fd4-a3a0-4469-8a50-a57939428d73,0,0,1,B,Ball,FS,13,2.0,3.36,1.59,78.4,71.4,61.96,-1.17,50.0,5.9,-1.39,2.44,-6.98,1.15,1.54,-113.92,-0.89,-9.07,23.09,-30.68,15.6,9.6,24.0,1380,259,519390,,,519390,,,0,1,-1,bottom
2017-04-03,490104,6,445060,R,476704,L,47,Flyout,6,2,170404_035633,2acfef35-595d-44d7-85c5-3f202c0d4ebe,1,0,1,S,Swinging Strike,FT,7,2.0,3.75,1.53,89.8,80.8,53.6,-0.87,50.0,5.74,-0.55,1.91,-9.69,9.7,4.02,-130.3,-6.68,-16.35,32.12,-15.81,42.0,6.0,24.0,2080,225,519390,,,519390,,,0,1,-1,bottom
2017-04-03,490104,6,445060,R,476704,L,47,Flyout,6,3,170404_035660,dcde6e02-08f9-447c-8f29-0bdc39488799,1,1,1,B,Ball,FT,13,2.0,3.31,1.48,90.9,82.4,64.08,-0.85,50.0,5.65,-0.92,2.12,-9.84,6.32,3.13,-132.09,-5.1,-17.17,31.2,-21.14,36.0,6.0,24.0,2097,238,519390,,,519390,,,0,1,-1,bottom
2017-04-03,490104,6,445060,R,476704,L,47,Flyout,6,4,170404_035747,e7f72846-ee4f-40fd-bb98-3c344fb219c7,2,1,1,B,Ball,FT,13,2.0,3.21,1.44,89.5,81.5,44.08,-0.88,50.0,5.64,-0.48,1.15,-8.45,7.9,3.81,-129.94,-7.82,-14.35,29.07,-18.76,33.6,6.0,24.0,2024,228,519390,,,519390,,,0,1,-1,bottom
2017-04-03,490104,6,445060,R,476704,L,47,Flyout,6,5,170404_035834,340d8bee-e19d-49ee-befb-3db1396e77a8,3,1,1,X,In play- out(s),FT,13,2.0,3.75,1.53,89.3,81.7,61.44,-0.85,50.0,5.58,-0.42,1.34,-8.99,5.51,4.09,-129.77,-6.39,-15.28,27.82,-22.8,31.2,7.2,24.0,2000,240,519390,,,519390,,,0,1,-1,bottom
2017-04-03,490104,6,445060,R,461858,R,48,Walk,5,1,170404_035941,c77bb1e8-75e4-4436-b1c7-1dbe969a9ff3,0,0,2,B,Ball,FT,7,2.0,3.08,1.46,90.1,81.6,56.16,-0.9,50.0,5.75,-0.41,1.7,-9.48,6.49,4.41,-130.78,-6.3,-16.22,30.71,-21.06,33.6,6.0,24.0,2066,236,519390,,,461858,519390,,0,0,-1,bottom
2017-04-03,490104,6,445060,R,461858,R,48,Walk,5,2,170404_040005,860cccaf-a17d-44cf-b7d3-92320a17459b,1,0,2,B,Ball,SL,14,2.0,3.11,1.23,81.4,75.2,45.75,-1.01,50.0,5.76,1.12,1.0,2.33,-1.66,4.26,-118.26,-3.72,3.3,22.55,-34.52,6.0,9.6,24.0,2328,56,519390,,,461858,519390,,0,0,-1,bottom
2017-04-03,490104,6,445060,R,461858,R,48,Walk,5,3,170404_040031,d8270085-86ad-4379-91ab-7f33d7daf8d9,2,0,2,B,Ball,FT,13,2.0,3.08,1.49,91.0,82.7,33.37,-0.85,50.0,5.56,-0.3,1.08,-9.22,6.96,4.54,-131.99,-7.79,-16.13,30.26,-20.0,34.8,6.0,24.0,2140,234,519390,,,461858,519390,,0,0,-1,bottom
2017-04-03,490104,6,445060,R,461858,R,48,Walk,5,4,170404_040057,888ee2c1-5f2c-4aa1-a5e2-2c39951558da,3,1,2,F,Foul,FT,5,2.0,3.75,1.53,90.0,82.2,33.46,-0.87,50.0,5.6,-0.17,2.45,-10.39,2.46,5.28,-130.8,-2.72,-17.94,28.48,-27.93,30.0,7.2,24.0,2072,256,519390,,,461858,519390,,0,0,-1,bottom
2017-04-03,490104,6,445060,R,461858,R,48,Walk,5,5,170404_040134,256f81d8-e3fa-4ffb-a58e-6fa17eaed065,4,1,2,*B,Ball In Dirt,FT,14,2.0,3.1,1.53,89.7,81.9,56.24,-0.7,50.0,5.53,1.08,0.47,-11.29,4.96,8.31,-129.93,-8.3,-19.2,28.62,-23.74,34.8,7.2,24.0,2044,248,519390,,,461858,519390,,0,0,-1,bottom
2017-04-08,490175,1,445060,R,516416,R,0,Single,3,1,170409_021845,1bff5cf3-06fc-46e2-b277-8984a15f705e,0,1,0,F,Foul,FF,5,2.0,3.68,1.5,89.8,81.7,46.97,-0.97,50.0,5.98,-0.17,2.94,-6.03,9.81,4.06,-130.24,-4.81,-10.33,27.86,-15.35,30.0,4.8,24.0,2211,213,,,,516416,,,0,0,0,top
2017-04-08,490175,1,445060,R,516416,R,0,Single,3,2,170409_021907,bebf4973-2d7c-42f2-be89-aaab990dea03,0,1,0,B,Ball,FT,14,2.0,3.16,1.51,90.2,82.7,51.21,-0.83,50.0,5.72,0.76,1.09,-10.43,5.14,7.61,-130.68,-7.45,-18.08,26.96,-23.26,33.6,7.2,24.0,2039,249,,,,516416,,,0,0,0,top
2017-04-08,490175,1,445060,R,516416,R,0,Single,3,3,170409_021921,15ea034f-d365-406f-bf62-d05c74671e9b,1,1,0,D,In play- no out,FT,5,2.0,3.68,1.5,89.9,82.5,28.49,-0.66,50.0,5.88,-0.01,2.54,-9.59,4.76,4.91,-130.62,-3.98,-16.63,26.65,-23.93,32.4,7.2,24.0,2096,248,,,,516416,,,0,0,0,top
2017-04-08,490175,1,445060,R,571745,R,1,Home Run,8,1,170409_022002,2757319d-e91f-42c4-98c3-8daba28d9730,0,0,0,B,Ball,FT,4,2.0,3.78,1.8,89.4,82.2,50.72,-0.86,50.0,5.96,-0.65,2.82,-10.14,4.99,3.93,-129.83,-3.49,-17.42,25.6,-23.6,34.8,7.2,24.0,2007,248,516416,,,,,,2,0,0,top
2017-04-08,490175,1,445060,R,571745,R,1,Home Run,8,2,170409_022026,67b5e75a-038a-434d-9bda-02ab0db037f6,1,0,0,B,Ball,SL,12,2.0,3.19,1.37,80.4,74.2,54.76,-0.9,50.0,6.05,1.22,2.8,3.33,-1.48,3.9,-116.69,-0.11,4.61,20.95,-34.23,8.4,9.6,24.0,2430,58,516416,,,,,,2,0,0,top
2017-04-08,490175,1,445060,R,571745,R,1,Home Run,8,3,170409_022111,20351fa5-524c-4df3-b101-4e0754ef53af,2,1,0,F,Foul,FF,4,2.0,3.84,1.59,90.0,82.2,41.63,-0.91,50.0,5.99,-0.57,3.04,-4.36,10.08,2.36,-130.63,-4.78,-7.54,27.22,-14.73,24.0,3.6,24.0,2123,204,516416,,,,,,2,0,0,top
2017-04-08,490175,1,445060,R,571745,R,1,Home Run,8,4,170409_022151,97e21627-bffa-4a54-ab42-0068401d451d,2,1,0,B,Ball,SL,14,2.0,3.1,1.31,79.4,73.0,56.84,-0.9,50.0,5.92,1.0,1.42,3.08,-2.23,3.41,-115.17,-2.48,4.12,22.03,-35.16,7.2,10.8,24.0,2264,46,516416,,,,,,2,0,0,top
2017-04-08,490175,1,445060,R,571745,R,1,Home Run,8,5,170409_022236,5ff025fe-165c-4fb2-8976-61ea7fe19307,3,2,0,F,Foul,FT,5,2.0,3.84,1.59,89.8,82.1,33.04,-0.75,50.0,5.9,-0.15,2.41,-8.75,6.07,4.46,-130.27,-4.75,-15.04,27.1,-21.74,32.4,6.0,24.0,2015,239,516416,,,,,,2,0,0,top
2017-04-08,490175,1,445060,R,571745,R,1,Home Run,8,6,170409_022337,d81a9eb7-5386-45f7-b12c-77ed5bc21f48,3,2,0,E,In play- run(s),FT,7,2.0,3.84,1.59,89.5,81.3,54.99,-0.81,50.0,5.84,-0.44,1.92,-9.47,5.95,4.06,-129.77,-5.69,-16.03,29.08,-22.1,33.6,7.2,24.0,1934,243,516416,,,,,,2,0,0,top
2017-04-08,490175,1,445060,R,429664,L,2,Groundout,1,1,170409_022431,b00bb69b-ea73-4be4-a91a-3b45aa7df540,0,0,0,X,In play- out(s),FT,13,2.0,3.75,1.53,90.4,82.6,59.2,-1.02,50.0,5.85,-0.74,2.28,-8.5,4.57,3.59,-131.15,-4.58,-14.79,27.99,-24.23,28.8,7.2,24.0,2096,247,,,,,,,0,1,-2,top
2017-04-08,490175,1,445060,R,443558,R,3,Flyout,2,1,170409_022522,4b62042e-14ed-4baa-846d-fa1f8fd836a1,0,0,1,B,Ball,SL,11,2.0,3.75,1.87,79.4,74.0,82.59,-1.43,50.0,6.07,-0.98,3.28,1.76,-2.35,0.51,-115.47,1.3,2.42,18.15,-35.41,3.6,10.8,24.0,2355,31,,,,,,,0,1,-2,top
2017-04-08,490175,1,445060,R,443558,R,3,Flyout,2,2,170409_022534,4f9577e5-5578-4f2b-87b2-571426d7cc62,1,0,1,X,In play- out(s),SL,9,2.0,3.84,1.59,80.1,74.1,29.72,-1.12,50.0,6.1,0.27,2.22,3.16,-2.71,2.25,-116.31,-1.14,4.35,20.6,-35.91,7.2,10.8,24.0,2398,43,,,,,,,0,1,-2,top
2017-04-08,490175,1,445060,R,572122,L,4,Lineout,3,1,170409_022616,80b1a28c-b6b3-450a-9ba1-1a5f0a3dfd3a,0,1,2,C,Called Strike,FT,13,2.0,3.17,1.43,91.0,83.9,67.5,-1.01,50.0,5.77,-0.64,1.38,-9.19,4.12,4.1,-132.04,-6.7,-16.33,26.33,-24.85,31.2,7.2,24.0,2056,252,,,,,,,0,1,-2,top
2017-04-08,490175,1,445060,R,572122,L,4,Lineout,3,2,170409_022634,9ede48f1-1d78-4f34-8388-ac6eaea08614,0,2,2,C,Called Strike,FF,9,2.0,3.08,1.54,90.8,83.2,46.67,-0.65,50.0,5.99,0.56,2.01,-3.42,9.41,4.29,-131.62,-7.34,-6.01,27.08,-15.62,16.8,3.6,24.0,2250,200,,,,,,,0,1,-2,top
2017-04-08,490175,1,445060,R,572122,L,4,Lineout,3,3,170409_022651,ec52dc8f-38f4-4e6a-b9f0-1bf660776a9a,0,2,2,X,In play- out(s),KC,13,2.0,3.75,1.53,73.0,67.1,68.24,-1.31,50.0,6.25,-0.76,1.63,7.29,-9.8,-0.83,-105.99,0.76,8.19,20.21,-43.19,10.8,15.6,24.0,2523,33,,,,,,,0,1,-2,top
2017-04-08,490175,2,445060,R,502143,R,8,Groundout,4,1,170409_024015,a3e68789-85b9-4f83-936b-c74bfcc071b8,0,1,0,C,Called Strike,FT,14,2.0,3.91,1.93,88.9,81.3,76.46,-0.47,50.0,5.83,0.99,1.62,-8.62,5.64,6.56,-128.77,-6.24,-14.47,26.84,-22.72,28.8,7.2,24.0,1974,242,,,,,,,0,1,-2,top
2017-04-08,490175,2,445060,R,502143,R,8,Groundout,4,2,170409_024032,34c02853-333f-4e01-bafa-10ace489cbfb,0,1,0,B,Ball,SL,14,2.0,3.23,1.52,81.1,74.8,46.94,-0.88,50.0,5.91,0.95,0.88,4.07,-0.63,3.02,-117.64,-4.55,5.71,22.43,-33.06,10.8,9.6,24.0,2325,65,,,,,,,0,1,-2,top
2017-04-08,490175,2,445060,R,502143,R,8,Groundout,4,3,170409_024050,d229716b-3626-4fad-90ae-4a21451e0040,1,1,0,B,Ball,SL,14,2.0,3.23,1.59,81.6,75.6,16.51,-0.95,50.0,5.9,1.37,0.71,2.31,-0.36,4.75,-118.38,-5.15,3.28,21.82,-32.68,7.2,9.6,24.0,2307,59,,,,,,,0,1,-2,top
2017-04-08,490175,2,445060,R,502143,R,8,Groundout,4,4,170409_024115,6815cd8c-424a-4c17-ab9c-e215b4e791b4,2,1,0,X,In play- out(s),FT,8,2.0,3.84,1.59,90.1,82.9,37.52,-0.67,50.0,5.87,0.14,2.09,-7.12,5.65,4.49,-130.85,-5.48,-12.42,26.16,-22.32,26.4,6.0,24.0,1961,236,,,,,,,0,1,-2,top
2017-04-08,490175,2,445060,R,547982,L,9,Flyout,8,1,170409_024157,1208b38b-5b88-46f2-9258-dd43abeb5529,0,1,1,M,Missed Bunt,FT,7,2.0,3.84,1.59,89.9,82.7,68.12,-0.94,50.0,5.84,-0.7,1.69,-9.25,4.0,3.72,-130.48,-5.81,-16.01,26.27,-25.24,30.0,7.2,24.0,1965,253,,,,,,,0,1,-2,top
2017-04-08,490175,2,445060,R,547982,L,9,Flyout,8,2,170409_024234,c5f18653-ec3d-44a9-af5d-c759f3be05b1,0,1,1,B,Ball,FS,11,2.0,3.14,1.61,80.7,74.7,17.25,-1.37,50.0,6.01,-1.87,2.8,-6.33,-1.12,0.76,-117.31,-0.2,-8.89,20.58,-33.74,14.4,9.6,24.0,1383,287,,,,,,,0,1,-2,top
2017-04-08,490175,2,445060,R,547982,L,9,Flyout,8,3,170409_024253,68ca17cb-83fb-45cc-a528-c52d47f567ad,1,1,1,B,Ball,FF,14,2.0,3.19,1.52,90.2,82.5,21.69,-0.58,50.0,5.92,1.33,2.16,-5.86,8.91,6.88,-130.63,-6.47,-10.15,26.8,-16.73,26.4,4.8,24.0,2231,214,,,,,,,0,1,-2,top
2017-04-08,490175,2,445060,R,547982,L,9,Flyout,8,4,170409_024332,dc05cfb7-9816-4ae8-be3c-68705c59ba88,2,1,1,B,Ball,FT,11,2.0,3.32,1.57,91.4,83.6,32.99,-1.06,50.0,5.9,-1.63,2.86,-8.96,5.03,1.55,-132.67,-3.54,-15.99,28.18,-23.2,33.6,6.0,24.0,1916,246,,,,,,,0,1,-2,top
2017-04-08,490175,2,445060,R,547982,L,9,Flyout,8,5,170409_024347,355cfe18-9710-438c-b00f-94c8572d6330,3,1,1,S,Swinging Strike,FT,4,2.0,3.84,1.59,90.9,83.5,42.28,-1.01,50.0,5.88,-0.43,2.72,-7.81,6.4,4.16,-131.9,-4.28,-13.86,26.11,-20.81,31.2,6.0,24.0,2005,234,,,,,,,0,1,-2,top
2017-04-08,490175,2,445060,R,547982,L,9,Flyout,8,6,170409_024406,7f31f23c-5f81-4ff6-ad2f-b783abb914f4,3,2,1,F,Foul,FF,13,2.0,3.84,1.59,91.2,83.8,60.71,-0.81,50.0,5.82,-0.81,1.97,-4.6,7.47,1.57,-132.36,-6.49,-8.21,26.84,-18.84,21.6,4.8,24.0,2096,215,,,,,,,0,1,-2,top
2017-04-08,490175,2,445060,R,547982,L,9,Flyout,8,7,170409_024434,337a9da4-f5e1-4c96-b5d8-9efc81317df0,3,2,1,F,Foul,FF,7,2.0,3.84,1.59,91.0,83.8,41.17,-0.99,50.0,5.83,-0.41,2.22,-4.03,8.54,2.88,-132.22,-6.22,-7.19,26.12,-16.94,20.4,4.8,24.0,2025,207,,,,,,,0,1,-2,top
2017-04-08,490175,2,445060,R,547982,L,9,Flyout,8,8,170409_024458,a03b32ff-1291-4d76-ab94-b98099a5d790,3,2,1,X,In play- out(s),SL,7,2.0,3.3,1.48,80.0,73.7,45.13,-1.41,50.0,5.86,-0.62,1.78,-0.21,-0.88,1.87,-116.23,-2.09,-0.28,21.7,-33.38,0.0,9.6,24.0,2303,1,,,,,,,0,1,-2,top
2017-04-08,490175,2,445060,R,572287,R,10,Pop Out,3,1,170409_024537,3843926e-07f9-4207-842d-fe23edaf1848,0,1,2,F,Foul,FF,9,2.0,3.84,1.59,92.3,84.7,71.71,-0.61,50.0,5.87,0.57,1.64,-6.32,7.71,5.32,-133.84,-7.76,-11.51,27.74,-18.13,27.6,4.8,24.0,2158,222,,,,,,,0,1,-2,top
2017-04-08,490175,2,445060,R,572287,R,10,Pop Out,3,2,170409_024558,e994f36a-f76d-4bfd-a80b-c44d583723b8,0,1,2,B,Ball,SL,11,2.0,3.67,1.76,80.3,74.3,50.59,-1.13,50.0,6.1,-0.79,3.32,2.65,-3.74,-0.01,-116.68,1.66,3.68,20.26,-37.37,6.0,10.8,24.0,2266,31,,,,,,,0,1,-2,top
2017-04-08,490175,2,445060,R,572287,R,10,Pop Out,3,3,170409_024615,27f80cea-c177-400c-8604-f7fa62ae6365,1,1,2,X,In play- out(s),SL,11,2.0,3.84,1.59,80.5,73.9,16.02,-1.21,50.0,6.06,-1.29,2.92,1.33,-4.97,-0.59,-116.88,1.23,1.84,22.15,-39.04,2.4,10.8,24.0,2207,12,,,,,,,0,1,-2,top
2017-04-08,490175,3,445060,R,502481,L,17,Pop Out,4,1,170409_030436,89bc3298-ff0d-41c9-9b6b-ac6f0a0017e9,0,1,0,C,Called Strike,KC,13,0.9,3.68,1.5,69.2,63.5,85.07,-1.23,50.0,6.35,-0.79,1.92,8.91,-9.19,-1.41,-100.29,1.77,8.95,18.18,-41.41,12.0,16.8,24.0,2488,40,,,,,,,0,1,-1,top
2017-04-08,490175,3,445060,R,502481,L,17,Pop Out,4,2,170409_030448,3f16834c-40bc-4510-818f-c51027be3c52,0,2,0,F,Foul,FF,6,2.0,3.68,1.5,88.6,81.3,38.42,-0.92,50.0,6.04,0.46,2.32,-5.27,7.82,5.25,-128.55,-5.7,-8.86,25.59,-19.03,21.6,4.8,24.0,2022,215,,,,,,,0,1,-1,top
2017-04-08,490175,3,445060,R,502481,L,17,Pop Out,4,3,170409_030511,348c90f5-120b-4492-a6dd-29aa796f0303,0,2,0,F,Foul,SL,13,2.0,3.68,1.5,78.5,72.8,61.48,-1.28,50.0,5.99,-1.02,1.37,1.23,-3.68,0.22,-114.03,-2.22,1.63,19.94,-37.04,2.4,12.0,24.0,2216,14,,,,,,,0,1,-1,top
2017-04-08,490175,3,445060,R,502481,L,17,Pop Out,4,4,170409_030535,f2d02323-06d2-47fd-8502-5ddbbd29ab8d,0,2,0,X,In play- out(s),FS,14,2.0,3.68,1.5,79.6,73.5,15.93,-0.99,50.0,5.81,0.21,0.96,-5.68,2.43,4.42,-115.41,-4.74,-7.69,20.71,-28.88,13.2,9.6,24.0,1313,258,,,,,,,0,1,-1,top
2017-04-08,490175,3,445060,R,516416,R,18,Single,8,1,170409_030627,72a1f746-7889-4292-a4fe-4cce6f5f1226,0,1,1,C,Called Strike,FF,6,2.0,3.06,1.51,90.2,82.0,48.68,-0.75,50.0,5.91,0.3,2.42,-3.08,9.56,3.76,-130.65,-5.95,-5.3,28.38,-15.71,14.4,3.6,24.0,2002,197,,,,516416,,,0,0,-1,top
2017-04-08,490175,3,445060,R,516416,R,18,Single,8,2,170409_030641,2648fee1-5810-427d-bbb2-93046fb03b62,0,2,1,F,Foul,SL,5,2.0,3.68,1.5,81.0,74.9,15.33,-1.15,50.0,5.98,0.0,2.44,3.65,-1.57,1.59,-117.63,-0.87,5.15,20.88,-34.39,8.4,9.6,24.0,2258,57,,,,516416,,,0,0,-1,top
2017-04-08,490175,3,445060,R,516416,R,18,Single,8,3,170409_030707,58d97050-7a03-4977-b97f-965eaa4cefdd,0,2,1,F,Foul,FF,5,2.0,3.68,1.5,89.6,81.6,25.89,-0.69,50.0,6.06,0.16,2.78,-2.16,9.43,2.89,-129.97,-5.27,-3.69,27.93,-16.08,9.6,3.6,24.0,2094,192,,,,516416,,,0,0,-1,top
2017-04-08,490175,3,445060,R,516416,R,18,Single,8,4,170409_030730,d084efa6-6a0c-4c83-8e3c-c0511f12e893,0,2,1,B,Ball,KC,11,2.0,2.82,1.41,73.6,67.1,29.53,-0.93,50.0,6.41,-0.09,3.49,8.47,-9.13,-0.54,-106.64,4.04,9.65,20.22,-42.58,13.2,15.6,24.0,2531,41,,,,516416,,,0,0,-1,top
2017-04-08,490175,3,445060,R,516416,R,18,Single,8,5,170409_030749,638b8bc5-01a3-4c2b-966a-e6ad8ef93b53,1,2,1,F,Foul,FT,6,2.0,3.68,1.5,90.8,83.2,43.07,-0.6,50.0,5.89,0.54,2.62,-8.7,3.69,5.93,-131.76,-3.59,-15.34,27.17,-25.67,28.8,7.2,24.0,2003,252,,,,516416,,,0,0,-1,top
2017-04-08,490175,3,445060,R,516416,R,18,Single,8,6,170409_030830,da57c922-4af2-43bd-95d9-dd97ccecdb20,1,2,1,B,Ball,FF,13,2.0,3.14,1.34,91.4,83.8,33.26,-0.89,50.0,5.89,-1.36,1.6,-2.63,8.75,-0.34,-132.63,-8.08,-4.69,27.68,-16.56,14.4,4.8,24.0,2005,200,,,,516416,,,0,0,-1,top
2017-04-08,490175,3,445060,R,516416,R,18,Single,8,7,170409_030847,02a415b1-1876-4282-8f8d-43593d206d9b,2,2,1,B,Ball,SL,14,2.0,2.9,1.3,81.0,74.9,31.48,-0.69,50.0,5.9,1.61,0.91,3.66,-3.47,4.22,-117.64,-3.6,5.12,22.64,-37.03,8.4,10.8,24.0,2412,41,,,,516416,,,0,0,-1,top
2017-04-08,490175,3,445060,R,516416,R,18,Single,8,8,170409_030907,755f8132-844a-40f0-b164-3a456a90dde7,3,2,1,D,In play- no out,FT,13,2.0,3.68,1.5,91.0,83.8,43.04,-0.83,50.0,5.58,-0.04,1.15,-9.6,4.65,5.35,-132.0,-6.98,-17.04,26.55,-23.93,32.4,7.2,24.0,1991,250,,,,516416,,,0,0,-1,top
2017-04-08,490175,3,445060,R,571745,R,19,Double Play,9,1,170409_031028,031b8173-aa3a-406e-a081-aee787cd8ab7,0,0,1,B,Ball,SL,14,2.0,3.1,1.35,80.1,73.6,84.4,-0.9,50.0,5.89,1.15,1.63,2.08,-2.29,4.08,-116.23,-2.06,2.84,22.37,-35.3,6.0,10.8,24.0,,37,516416,,,,,,0,2,-1,top
2017-04-08,490175,3,445060,R,571745,R,19,Double Play,9,2,170409_031052,a462b7dc-a37d-458e-8a8f-2599f7208260,1,1,1,C,Called Strike,SL,9,2.0,3.1,1.22,79.8,73.9,36.39,-1.13,50.0,5.88,0.27,1.36,1.12,-3.84,2.88,-115.95,-2.19,1.53,20.97,-37.42,2.4,10.8,24.0,,16,516416,,,,,,0,2,-1,top
2017-04-08,490175,3,445060,R,571745,R,19,Double Play,9,3,170409_031119,d4bf283a-c172-419c-9206-9aabf7ee74b6,1,2,1,C,Called Strike,SL,8,2.0,3.04,1.16,80.9,74.0,27.01,-1.02,50.0,5.87,-0.1,1.5,0.08,-3.62,2.1,-117.31,-2.03,0.11,23.93,-37.17,1.2,10.8,24.0,2328,4,516416,,,,,,0,2,-1,top
2017-04-08,490175,3,445060,R,571745,R,19,Double Play,9,4,170409_031145,f76fb7dc-297a-47d3-b5b6-3498dc06bee6,1,2,1,B,Ball,FF,13,2.0,3.08,1.55,88.7,81.3,32.0,-0.94,50.0,5.87,-1.39,1.63,-3.72,8.75,0.07,-128.66,-7.34,-6.25,26.09,-17.48,18.0,4.8,24.0,2059,207,516416,,,,,,0,2,-1,top
2017-04-08,490175,3,445060,R,571745,R,19,Double Play,9,5,170409_031237,4f72de7c-ed25-4723-9b84-3e61130c5afa,3,2,1,*B,Ball In Dirt,KC,14,2.0,2.93,1.24,73.6,67.8,33.27,-0.79,50.0,6.13,1.38,0.67,8.84,-7.94,2.15,-106.82,-1.61,10.08,20.75,-41.22,14.4,15.6,24.0,2580,44,516416,,,,,,0,2,-1,top
2017-04-08,490175,3,445060,R,571745,R,19,Double Play,9,6,170409_031311,d317203b-564d-48ab-babe-2967806c59ae,3,2,1,X,In play- out(s),SL,6,2.0,3.84,1.59,80.4,74.4,34.29,-1.14,50.0,5.93,0.49,2.43,0.8,-1.44,3.55,-116.83,-0.7,1.11,20.59,-34.18,2.4,9.6,24.0,2266,28,516416,,,,,,0,2,-1,top
2017-04-08,490175,4,445060,R,429664,L,26,Flyout,2,1,170409_033418,0bd052e5-e09f-4b24-9ab9-3c170beee54c,0,0,0,B,Ball,FT,13,2.0,3.77,1.83,88.1,80.7,59.76,-1.01,50.0,5.84,-1.16,2.61,-9.83,3.33,2.86,-127.9,-2.88,-16.3,26.25,-26.66,30.0,7.2,24.0,1973,256,,,,,,,0,1,0,top
2017-04-08,490175,4,445060,R,429664,L,26,Flyout,2,2,170409_033440,c7c989ca-8390-46a8-9050-2201a7388386,1,0,0,X,In play- out(s),FT,11,2.0,3.75,1.53,88.3,80.5,53.74,-1.23,50.0,5.85,-0.71,2.76,-9.57,3.98,4.45,-128.12,-2.75,-15.87,27.07,-25.58,30.0,7.2,24.0,2008,252,,,,,,,0,1,0,top
2017-04-08,490175,4,445060,R,443558,R,27,Strikeout,5,1,170409_033528,d343362a-c2cb-450b-a565-dde1d3a280d7,0,0,1,B,Ball,FF,12,2.0,3.58,1.68,89.0,80.7,75.28,-0.57,50.0,6.07,1.1,3.25,-4.36,10.62,5.66,-128.91,-4.34,-7.31,27.8,-14.37,21.6,3.6,24.0,2250,201,,,,,,,0,1,0,top
2017-04-08,490175,4,445060,R,443558,R,27,Strikeout,5,2,170409_033545,256e1f68-a122-499d-b18e-dbd10f109620,1,1,1,F,Foul,FF,9,2.0,3.84,1.59,90.1,82.2,47.34,-0.69,50.0,5.92,0.64,2.32,-3.99,10.61,4.75,-130.63,-6.59,-6.89,27.53,-13.85,21.6,3.6,24.0,2230,200,,,,,,,0,1,0,top
2017-04-08,490175,4,445060,R,443558,R,27,Strikeout,5,3,170409_033608,263f145f-e5dd-4050-af75-e857b798b1d3,1,2,1,C,Called Strike,FT,14,2.0,3.97,2.03,90.0,82.7,54.75,-0.68,50.0,5.73,0.94,1.4,-7.4,6.64,6.67,-130.5,-7.18,-12.81,26.32,-20.67,27.6,6.0,24.0,1973,232,,,,,,,0,1,0,top
2017-04-08,490175,4,445060,R,443558,R,27,Strikeout,5,4,170409_033635,6d15b839-5f3f-4e5c-86a9-da58fe9b9ad9,1,2,1,F,Foul,FF,14,2.0,3.84,1.59,91.5,83.6,49.3,-0.43,50.0,6.02,1.22,2.71,-2.13,10.06,5.04,-132.67,-5.95,-3.8,27.83,-14.21,9.6,3.6,24.0,2071,190,,,,,,,0,1,0,top
2017-04-08,490175,4,445060,R,443558,R,27,Strikeout,5,5,170409_033704,fb7bc41e-7b6c-406f-92d1-af5c2049c647,1,3,1,C,Called Strike,KC,6,2.0,3.94,1.85,73.2,67.0,37.77,-0.82,50.0,6.4,0.25,2.71,8.95,-8.33,-0.19,-106.17,2.27,10.11,20.03,-41.58,13.2,15.6,24.0,2545,44,,,,,,,0,1,0,top
2017-04-08,490175,4,445060,R,572122,L,28,Flyout,3,1,170409_033741,d1a4e94d-1868-404f-ad29-58a35c9bb8e0,0,0,2,B,Ball,KC,11,2.0,3.23,1.39,69.8,64.2,78.79,-1.15,50.0,6.44,-1.24,2.51,9.2,-9.4,-2.54,-101.17,2.68,9.46,17.74,-41.84,12.0,16.8,24.0,2439,40,,,,,,,0,1,0,top
2017-04-08,490175,4,445060,R,572122,L,28,Flyout,3,2,170409_033758,8719714d-155a-4724-bb40-98f15cfb6c3b,1,0,2,S,Swinging Strike,FS,13,2.0,3.84,1.59,79.5,74.3,23.58,-0.99,50.0,5.83,-0.45,0.7,-6.26,-0.01,3.11,-115.51,-4.77,-8.57,18.72,-32.19,14.4,9.6,24.0,1420,282,,,,,,,0,1,0,top
2017-04-08,490175,4,445060,R,572122,L,28,Flyout,3,3,170409_033821,56c2d4be-d7e4-427f-bf0e-749dcf6661e9,1,1,2,X,In play- out(s),FF,6,2.0,3.84,1.59,89.5,82.2,33.69,-0.7,50.0,5.9,0.31,2.38,-3.19,10.48,3.67,-129.92,-6.3,-5.49,25.65,-14.15,16.8,3.6,24.0,2172,196,,,,,,,0,1,0,top
2017-04-08,490175,5,445060,R,502143,R,33,Double,5,1,170409_034658,89b854f8-27f3-4e2c-a3bf-df66eaa3d080,0,1,0,C,Called Strike,SL,14,2.0,3.83,1.8,80.4,74.5,74.62,-0.89,50.0,5.9,0.91,1.22,3.56,-1.74,3.09,-116.78,-3.32,4.93,21.34,-34.58,8.4,10.8,24.0,,53,,,,,502143,,0,0,0,top
2017-04-08,490175,5,445060,R,502143,R,33,Double,5,2,170409_034715,35fa99ef-e252-4b18-ac11-003b94482a61,0,1,0,B,Ball,FF,14,2.0,3.29,1.52,88.3,81.0,41.04,-0.78,50.0,5.83,0.15,1.15,-3.36,10.61,3.45,-127.84,-8.96,-5.58,25.33,-14.55,16.8,3.6,24.0,2212,198,,,,,502143,,0,0,0,top
2017-04-08,490175,5,445060,R,502143,R,33,Double,5,3,170409_034734,5768a6ce-5903-4bef-9954-a0b75b97bc14,1,1,0,B,Ball,SL,14,2.0,3.29,1.57,81.0,75.6,20.62,-1.03,50.0,5.73,0.23,0.5,0.9,-1.95,2.68,-117.65,-4.71,1.28,20.06,-34.94,2.4,9.6,24.0,2260,20,,,,,502143,,0,0,0,top
2017-04-08,490175,5,445060,R,502143,R,33,Double,5,4,170409_034801,ab781063-3b14-4ee5-96d8-5650d30e8843,2,1,0,B,Ball,FT,13,2.0,3.21,1.48,89.7,83.1,45.19,-1.08,50.0,5.59,-0.65,0.56,-9.82,5.06,4.43,-130.21,-8.44,-17.03,24.81,-23.4,33.6,7.2,24.0,2010,249,,,,,502143,,0,0,0,top
2017-04-08,490175,5,445060,R,502143,R,33,Double,5,5,170409_034827,62ca7586-5d1a-423f-971e-ca24f1b98859,3,1,0,D,In play- no out,FT,8,2.0,3.84,1.59,90.1,82.8,49.3,-0.81,50.0,5.66,-0.19,1.73,-8.91,4.88,4.59,-130.68,-5.59,-15.48,26.38,-23.69,30.0,7.2,24.0,2018,246,,,,,502143,,0,0,0,top
2017-04-08,490175,5,445060,R,547982,L,34,Flyout,2,1,170409_034929,d35b8ccb-0ac4-4a8c-9685-82399efc5a28,0,0,0,S,Swinging Strike,FS,14,2.0,3.84,1.59,80.1,73.7,86.38,-1.08,50.0,5.83,0.21,1.55,-4.84,7.99,4.4,-116.09,-5.21,-6.65,20.63,-21.21,15.6,7.2,24.0,1465,213,,502143,,,,502143,0,1,0,top
2017-04-08,490175,5,445060,R,547982,L,34,Flyout,2,2,170409_034955,c3c2ddec-10c7-487e-9572-7d49c64df77f,0,1,0,X,In play- out(s),FT,7,2.0,3.84,1.59,89.4,81.5,46.48,-0.81,50.0,5.94,-0.46,2.29,-6.45,7.3,3.02,-129.68,-5.46,-10.96,27.71,-19.76,26.4,6.0,24.0,2109,225,,502143,,,,502143,0,1,0,top
2017-04-08,490175,5,445060,R,572287,R,35,Strikeout,5,1,170409_035051,15cef268-4630-4c8c-b14f-6037a668df5e,0,0,1,S,Swinging Strike,SL,14,2.0,3.84,1.59,81.2,75.0,64.34,-1.04,50.0,5.85,0.58,1.02,0.73,-0.91,3.56,-117.89,-4.07,1.03,22.21,-33.45,2.4,9.6,24.0,2296,28,,,502143,,,502143,0,1,0,top
2017-04-08,490175,5,445060,R,572287,R,35,Strikeout,5,2,170409_035113,0455e4af-a03d-45f6-ad74-26018c991c17,0,1,1,B,Ball,FT,14,2.0,3.32,1.42,91.3,83.5,50.9,-0.45,50.0,5.81,1.24,0.91,-8.84,6.74,7.39,-132.16,-8.9,-15.62,28.35,-20.27,32.4,6.0,24.0,2208,237,,,502143,,,502143,0,1,0,top
2017-04-08,490175,5,445060,R,572287,R,35,Strikeout,5,3,170409_035138,650e1dfc-ed19-4add-a773-355b69f3293d,1,1,1,B,Ball,FT,13,2.0,3.25,1.31,91.3,83.5,35.19,-0.73,50.0,5.75,-0.22,0.8,-11.26,3.73,5.14,-132.28,-7.99,-19.9,28.94,-25.59,34.8,7.2,24.0,2221,259,,,502143,,,502143,0,1,0,top
2017-04-08,490175,5,445060,R,572287,R,35,Strikeout,5,4,170409_035205,43fa2a7d-18b5-4908-8c65-76bc7ed0046e,2,1,1,S,Swinging Strike,SL,14,2.0,3.84,1.59,82.6,75.9,36.32,-0.86,50.0,5.82,1.47,1.28,2.67,1.91,4.69,-119.85,-4.5,3.87,23.68,-29.41,8.4,8.4,24.0,2468,98,,,502143,,,502143,0,1,0,top
2017-04-08,490175,5,445060,R,572287,R,35,Strikeout,5,5,170409_035235,06a1c1c4-6bc9-4131-92d4-4a5c0a29f002,2,3,1,W,Swinging Strike (Blocked),SL,14,2.0,3.84,1.59,82.6,76.3,40.47,-0.92,50.0,5.73,0.82,0.76,2.52,1.18,3.35,-119.9,-5.36,3.68,22.61,-30.45,7.2,8.4,24.0,2467,85,,,502143,,,502143,0,1,0,top
2017-04-08,490175,5,445060,R,502481,L,36,Walk,4,1,170409_035322,e0435687-78d6-4213-81eb-253cdeed2de9,1,0,2,*B,Ball In Dirt,KC,13,2.0,3.12,1.56,72.6,67.1,51.54,-1.16,50.0,6.08,-0.13,0.58,7.38,-9.7,0.15,-105.47,-1.04,8.21,19.93,-42.97,10.8,15.6,24.0,2490,34,,,502143,502481,,502143,0,0,0,top
2017-04-08,490175,5,445060,R,502481,L,36,Walk,4,2,170409_035350,1c4d710d-7040-406f-b115-41947c567a8a,1,0,2,B,Ball,FT,13,2.0,3.06,1.64,90.2,83.2,69.13,-1.05,50.0,5.71,-1.19,1.6,-9.75,3.6,2.94,-131.03,-5.68,-17.07,25.92,-25.87,31.2,7.2,24.0,1988,256,,,502143,502481,,502143,0,0,0,top
2017-04-08,490175,5,445060,R,502481,L,36,Walk,4,3,170409_035415,9244c37a-052e-48a9-b6d3-8d28ea30b174,2,0,2,B,Ball,FT,11,2.0,3.06,1.49,90.8,83.2,29.53,-1.28,50.0,5.88,-2.11,2.38,-9.29,5.76,0.97,-131.84,-4.89,-16.37,27.65,-22.02,34.8,6.0,24.0,1987,244,,,502143,502481,,502143,0,0,0,top
2017-04-08,490175,5,445060,R,502481,L,36,Walk,4,4,170409_035438,baa0318c-d3d8-4411-8ab8-2ace64b60a9c,3,0,2,B,Ball,FF,11,2.0,3.32,1.64,89.3,82.1,54.84,-0.89,50.0,5.85,-1.19,2.76,-4.18,7.71,0.62,-129.67,-4.25,-7.18,25.24,-18.96,19.2,4.8,24.0,2156,212,,,502143,502481,,502143,0,0,0,top
2017-04-08,490175,5,445060,R,516416,R,37,Groundout,2,1,170409_035538,d88d34c3-eb29-47ff-8771-de00a659c5d1,0,0,2,B,Ball,SL,13,2.0,2.92,1.38,80.4,74.8,54.83,-1.04,50.0,5.84,-0.3,0.91,0.94,-2.67,1.45,-116.88,-3.66,1.3,20.62,-35.89,2.4,10.8,24.0,2295,16,502481,,502143,,,,0,1,0,top
2017-04-08,490175,5,445060,R,516416,R,37,Groundout,2,2,170409_035605,7c4e1258-0ec5-4f7e-bfd1-b4ffadd2f094,1,0,2,X,In play- out(s),FT,13,2.0,3.68,1.5,91.4,83.5,59.34,-0.94,50.0,5.75,-0.79,2.01,-8.97,5.09,3.45,-132.59,-5.36,-15.96,28.63,-23.12,32.4,6.0,24.0,1956,246,502481,,502143,,,,0,1,0,top
2017-04-08,490175,6,445060,R,571745,R,43,Groundout,5,1,170409_041031,77f64aac-7ace-4ce8-9e8b-6f0030a66b1c,0,0,0,B,Ball,KC,14,2.0,3.16,1.46,71.1,66.3,58.16,-0.72,50.0,6.22,1.44,0.83,8.44,-6.89,2.16,-103.31,-1.28,9.12,17.34,-39.62,13.2,15.6,24.0,2462,47,,,,,,,0,1,1,top
2017-04-08,490175,6,445060,R,571745,R,43,Groundout,5,2,170409_041048,0d8c2221-9061-40c3-a86c-291911e9ba5f,1,0,0,B,Ball,SL,11,2.0,3.17,1.54,79.8,73.7,55.53,-1.17,50.0,6.13,-0.98,3.0,0.56,-2.97,0.28,-115.87,0.71,0.76,20.13,-36.24,1.2,10.8,24.0,2181,9,,,,,,,0,1,1,top
2017-04-08,490175,6,445060,R,571745,R,43,Groundout,5,3,170409_041107,3d399504-414d-4798-9501-af2cea4492c7,2,1,0,C,Called Strike,FF,9,2.0,3.06,1.22,89.1,81.3,44.88,-0.54,50.0,5.9,0.55,1.67,-1.97,10.8,3.43,-129.17,-8.04,-3.33,27.36,-13.97,9.6,3.6,24.0,2205,189,,,,,,,0,1,1,top
2017-04-08,490175,6,445060,R,571745,R,43,Groundout,5,4,170409_041124,e12b658c-b8d0-4503-abed-57f6fb5404df,2,2,0,C,Called Strike,SL,9,2.0,2.9,1.31,80.0,73.8,47.83,-1.01,50.0,5.83,0.59,1.37,0.99,0.14,3.36,-116.09,-3.25,1.36,21.27,-31.99,3.6,9.6,24.0,2319,51,,,,,,,0,1,1,top
2017-04-08,490175,6,445060,R,571745,R,43,Groundout,5,5,170409_041140,64187922-73f4-497b-9c45-6acf89839cd7,2,2,0,X,In play- out(s),SL,14,2.0,3.84,1.59,81.4,75.3,56.1,-0.83,50.0,6.06,0.74,1.54,2.86,-1.4,2.81,-118.21,-3.25,4.06,21.88,-34.16,7.2,9.6,24.0,2381,51,,,,,,,0,1,1,top
2017-04-08,490175,6,445060,R,429664,L,44,Flyout,2,1,170409_041225,c21d5a5f-07ab-4711-a725-2d784c42f7b6,0,1,1,C,Called Strike,FF,9,2.0,3.73,1.95,90.1,81.6,68.48,-0.73,50.0,5.98,0.51,2.02,-3.83,9.32,4.46,-130.49,-7.0,-6.55,29.56,-16.24,18.0,4.8,24.0,2129,203,,,,,,,0,1,1,top
2017-04-08,490175,6,445060,R,429664,L,44,Flyout,2,2,170409_041242,d1d1a550-14a0-4d69-9204-91137930307b,0,1,1,X,In play- out(s),FS,7,2.0,3.75,1.53,80.8,74.4,45.65,-1.03,50.0,5.84,-0.71,2.02,-6.0,0.31,2.56,-117.34,-2.0,-8.37,21.86,-31.75,14.4,9.6,24.0,1356,277,,,,,,,0,1,1,top
2017-04-08,490175,6,445060,R,443558,R,45,Strikeout,4,1,170409_041327,c6309aa5-a6c2-4f8f-8732-1920acbbf696,0,0,2,B,Ball,SL,14,2.0,3.62,1.59,81.2,74.4,73.62,-0.97,50.0,5.8,0.85,0.77,1.64,0.18,3.73,-117.77,-4.78,2.28,23.83,-31.92,4.8,9.6,24.0,2295,57,,,,,,,0,1,1,top
2017-04-08,490175,6,445060,R,443558,R,45,Strikeout,4,2,170409_041348,585d8c91-3750-4267-bd71-a43bc7d7525e,1,0,2,S,Swinging Strike,SL,14,2.0,3.84,1.59,80.8,74.3,25.01,-0.98,50.0,5.88,0.37,0.95,1.23,-0.8,2.76,-117.23,-4.2,1.7,22.79,-33.29,3.6,9.6,24.0,2237,35,,,,,,,0,1,1,top
2017-04-08,490175,6,445060,R,443558,R,45,Strikeout,4,3,170409_041407,fe2203a7-92c2-405b-9214-3aad52852566,1,2,2,F,Foul,FF,12,2.0,3.84,1.59,91.4,83.2,27.04,-0.43,50.0,6.12,1.82,3.34,-1.19,11.79,6.28,-132.47,-5.1,-2.12,28.57,-11.24,3.6,2.4,24.0,2286,182,,,,,,,0,1,1,top
2017-04-08,490175,6,445060,R,443558,R,45,Strikeout,4,4,170409_041433,502efe94-f375-4ad5-9457-d966bb2cfe91,1,2,2,S,Swinging Strike,SL,13,2.0,3.84,1.59,80.6,75.0,20.69,-0.97,50.0,5.89,-0.23,1.04,1.69,-2.05,1.19,-117.13,-3.72,2.37,20.24,-35.05,3.6,10.8,24.0,2260,29,,,,,,,0,1,1,top
2017-04-13,490239,1,445060,R,460576,R,0,Home Run,2,1,170413_193802,ecf61507-ad8a-48da-ab39-2840ae874dad,0,1,0,F,Foul,FT,5,2.0,3.87,1.6,90.4,83.0,32.87,-0.97,50.0,6.06,-0.03,2.96,-7.96,6.05,5.12,-131.21,-3.87,-13.96,26.25,-21.57,30.0,6.0,24.0,2140,236,,,,,,,1,0,0,top
2017-04-13,490239,1,445060,R,460576,R,0,Home Run,2,2,170413_193819,486e553b-60ac-40db-9410-10450e73f1ba,0,1,0,E,In play- run(s),FF,9,2.0,3.87,1.6,90.3,83.2,41.13,-0.84,50.0,6.0,0.32,2.16,-4.8,7.39,4.63,-131.16,-6.3,-8.44,25.65,-19.2,20.4,4.8,24.0,2127,215,,,,,,,1,0,0,top
2017-04-13,490239,1,445060,R,425783,L,1,Strikeout,5,1,170413_193904,ceb67e05-ff42-4613-8a7e-0e5700614804,0,0,0,B,Ball,FT,11,2.0,3.38,1.64,89.1,81.6,37.29,-1.45,50.0,5.86,-2.02,2.99,-9.44,2.31,1.68,-129.48,-1.82,-16.04,26.99,-28.26,28.8,7.2,24.0,2028,261,,,,,,,0,1,-1,top
2017-04-13,490239,1,445060,R,425783,L,1,Strikeout,5,2,170413_193916,6e463b0f-e396-4997-b2af-1589245937b8,1,0,0,B,Ball,FT,11,2.0,3.38,1.66,88.4,81.8,30.73,-1.21,50.0,5.95,-1.71,2.69,-7.78,3.41,1.29,-128.62,-3.13,-13.16,24.13,-26.4,25.2,7.2,24.0,1899,252,,,,,,,0,1,-1,top
2017-04-13,490239,1,445060,R,425783,L,1,Strikeout,5,3,170413_193933,fc536dba-db8b-48df-b5c3-18d7e90f6028,2,1,0,C,Called Strike,FT,11,2.0,3.34,1.65,89.6,82.2,68.64,-1.1,50.0,5.97,-0.98,3.1,-7.61,4.68,2.84,-130.17,-2.72,-13.1,26.47,-24.12,26.4,6.0,24.0,2012,243,,,,,,,0,1,-1,top
2017-04-13,490239,1,445060,R,425783,L,1,Strikeout,5,4,170413_193948,3fa7f89b-4820-4af6-9b41-c6518e166350,2,2,0,C,Called Strike,SL,13,2.0,3.27,1.66,77.9,71.9,51.24,-1.56,50.0,5.9,-1.03,2.24,1.51,-4.93,0.76,-113.23,0.44,1.96,20.47,-38.58,3.6,12.0,24.0,2274,15,,,,,,,0,1,-1,top
2017-04-13,490239,1,445060,R,425783,L,1,Strikeout,5,5,170413_194002,4601cc8f-001b-4190-9e39-920ac4a7baae,2,2,0,S,Swinging Strike,SL,8,2.0,3.69,1.51,80.5,74.0,19.45,-1.19,50.0,6.02,-0.01,2.22,3.26,-3.91,1.74,-116.87,-0.62,4.49,22.5,-37.57,7.2,10.8,24.0,2341,35,,,,,,,0,1,-1,top
2017-04-13,490239,1,445060,R,608577,L,2,Strikeout,7,1,170413_194037,6b767b5e-9bbb-4f1f-9778-76bf1df0447d,0,0,1,B,Ball,FS,14,2.0,3.44,1.72,80.1,74.7,91.98,-1.08,50.0,5.88,0.35,1.44,-4.39,1.2,4.62,-116.31,-3.65,-6.11,18.68,-30.51,9.6,9.6,24.0,,269,,,,,,,0,1,-1,top
2017-04-13,490239,1,445060,R,608577,L,2,Strikeout,7,2,170413_194050,199dd284-1e5b-4420-b2f0-a219db6b18b8,1,1,1,C,Called Strike,FS,13,2.0,3.5,1.58,79.8,74.5,41.69,-1.21,50.0,5.83,-0.5,1.23,-8.14,-1.4,4.06,-115.95,-3.18,-11.24,18.86,-34.1,16.8,10.8,24.0,1378,288,,,,,,,0,1,-1,top
2017-04-13,490239,1,445060,R,608577,L,2,Strikeout,7,3,170413_194107,98a10377-7ce8-4bab-874c-75bb744427b8,1,1,1,B,Ball,SL,13,2.0,3.49,1.79,78.5,72.8,24.17,-1.55,50.0,5.81,-1.38,1.94,3.64,-3.76,-0.68,-114.11,-0.52,4.83,19.53,-37.17,7.2,12.0,24.0,2339,37,,,,,,,0,1,-1,top
2017-04-13,490239,1,445060,R,608577,L,2,Strikeout,7,4,170413_194122,bf3a2153-5f3f-4db7-8c38-f3d1243a2faa,2,2,1,F,Foul,FT,13,2.0,3.69,1.51,89.6,81.6,53.52,-1.18,50.0,5.79,-1.21,2.45,-8.6,6.46,2.76,-129.94,-4.44,-14.65,28.21,-21.17,32.4,6.0,24.0,2042,238,,,,,,,0,1,-1,top
2017-04-13,490239,1,445060,R,608577,L,2,Strikeout,7,5,170413_194146,846d026a-e041-4168-8c6d-6aa2b156ec32,2,2,1,B,Ball,FF,11,2.0,3.44,1.78,90.5,82.3,62.94,-1.05,50.0,6.02,-1.17,3.27,-3.36,8.96,0.82,-131.32,-3.9,-5.84,28.55,-16.57,18.0,4.8,24.0,2142,202,,,,,,,0,1,-1,top
2017-04-13,490239,1,445060,R,608577,L,2,Strikeout,7,6,170413_194211,6f68434e-49fa-4299-a8e2-8f711aa6f83a,3,2,1,F,Foul,SL,8,2.0,3.69,1.51,78.9,73.3,26.55,-1.25,50.0,5.95,0.19,2.13,2.66,-1.42,2.47,-114.64,-1.18,3.58,19.2,-34.08,6.0,10.8,24.0,2287,52,,,,,,,0,1,-1,top
2017-04-13,490239,1,445060,R,608577,L,2,Strikeout,7,7,170413_194237,905e96a3-05c2-4cb1-bd3e-8af12bbc7ef7,3,3,1,T,Foul Tip,FT,11,2.0,3.69,1.51,91.4,83.3,64.68,-1.01,50.0,5.97,-0.92,3.35,-8.71,4.28,3.2,-132.62,-2.16,-15.48,28.86,-24.56,31.2,7.2,24.0,2120,248,,,,,,,0,1,-1,top
2017-04-13,490239,1,445060,R,435063,R,3,Flyout,5,1,170413_194320,32f8d6af-5c3d-4a49-b36c-8622c9c616bf,0,0,2,B,Ball,FF,12,2.0,3.33,1.39,91.2,82.6,65.14,-0.77,50.0,5.98,0.31,3.44,-2.93,11.51,3.8,-132.24,-4.35,-5.16,29.75,-11.9,18.0,3.6,24.0,2321,193,,,,,,,0,1,-1,top
2017-04-13,490239,1,445060,R,435063,R,3,Flyout,5,2,170413_194333,42effe0a-9130-4a98-913e-0cefd36eb245,1,1,2,C,Called Strike,SL,2,2.0,3.09,1.5,80.2,73.7,25.38,-1.23,50.0,5.99,-0.13,2.69,2.48,-2.5,1.79,-116.43,0.17,3.4,21.83,-35.6,6.0,10.8,24.0,2408,39,,,,,,,0,1,-1,top
2017-04-13,490239,1,445060,R,435063,R,3,Flyout,5,3,170413_194350,3556380d-7a3a-4e45-b621-e164ebbd83ed,1,2,2,C,Called Strike,SL,4,2.0,3.16,1.41,80.7,74.2,27.87,-1.22,50.0,5.96,-0.32,2.07,2.88,-2.95,1.22,-117.1,-1.16,3.99,22.24,-36.27,6.0,10.8,24.0,2300,37,,,,,,,0,1,-1,top
2017-04-13,490239,1,445060,R,435063,R,3,Flyout,5,4,170413_194405,b031ead2-ed21-4046-8f25-1c4c095899e7,1,2,2,F,Foul,KC,9,2.0,3.92,1.63,73.6,67.0,49.79,-0.99,50.0,6.31,0.44,2.24,11.22,-9.08,-0.05,-106.63,1.66,12.67,21.65,-42.42,16.8,15.6,24.0,2647,48,,,,,,,0,1,-1,top
2017-04-13,490239,1,445060,R,435063,R,3,Flyout,5,5,170413_194432,d965a7ea-1233-4286-8095-d30be7e7fc66,1,2,2,X,In play- out(s),FF,7,2.0,3.92,1.63,90.9,82.6,48.63,-0.9,50.0,5.83,-0.54,2.01,-2.67,8.54,1.82,-131.82,-6.61,-4.66,29.56,-17.24,13.2,4.8,24.0,2191,199,,,,,,,0,1,-1,top
2017-04-13,490239,2,445060,R,596059,L,9,Single,3,1,170413_200141,f14e59b8-a3aa-43f5-a295-9d944673949c,0,0,0,B,Ball,FS,14,2.0,3.12,1.72,80.9,75.4,90.6,-1.07,50.0,5.85,0.86,0.97,-7.36,6.06,6.73,-117.33,-6.32,-10.44,18.7,-23.58,21.6,7.2,24.0,1617,234,,,,596059,,,0,0,-1,top
2017-04-13,490239,2,445060,R,596059,L,9,Single,3,2,170413_200156,e36fa970-fdd0-4ef3-bc20-a8757377acb7,1,0,0,S,Swinging Strike,SL,14,2.0,3.69,1.51,80.3,75.6,58.48,-1.13,50.0,5.81,1.07,1.28,2.81,-0.76,4.26,-116.8,-3.4,3.97,17.49,-33.25,7.2,9.6,24.0,2420,61,,,,596059,,,0,0,-1,top
2017-04-13,490239,2,445060,R,596059,L,9,Single,3,3,170413_200214,58aa4ffe-8795-4ae4-94be-4eeff86fa57c,1,1,0,D,In play- no out,FT,13,2.0,3.69,1.51,89.6,82.2,66.51,-0.89,50.0,5.78,-1.23,1.62,-9.73,4.84,2.37,-130.07,-6.03,-16.69,26.99,-23.87,32.4,7.2,24.0,2077,250,,,,596059,,,0,0,-1,top
2017-04-13,490239,2,445060,R,462101,R,10,Forceout,5,1,170413_200355,467945ac-0fc1-4774-adbf-a5c685b4fba2,0,1,0,C,Called Strike,SL,14,2.0,3.18,1.39,80.5,75.0,81.29,-0.99,50.0,5.9,0.56,1.36,3.06,-0.69,2.67,-116.97,-3.4,4.29,19.82,-33.15,8.4,9.6,24.0,2416,61,596059,,,462101,,,0,1,-1,top
2017-04-13,490239,2,445060,R,462101,R,10,Forceout,5,2,170413_200420,fd6400aa-8b78-4a59-907d-2ea61955953d,0,2,0,F,Foul,SL,14,2.0,3.75,1.53,80.7,75.4,53.82,-0.9,50.0,5.99,1.07,1.85,3.81,0.33,3.44,-117.33,-2.84,5.4,18.83,-31.71,10.8,9.6,24.0,2463,81,596059,,,462101,,,0,1,-1,top
2017-04-13,490239,2,445060,R,462101,R,10,Forceout,5,3,170413_200454,61d81a27-2f8d-49ee-8b70-7e06645f3743,0,2,0,X,In play- out(s),SL,5,2.0,3.75,1.53,80.2,74.5,15.78,-1.04,50.0,6.01,-0.02,2.47,1.8,-2.06,1.83,-116.54,-0.61,2.5,19.46,-35.04,4.8,10.8,24.0,,35,596059,,,462101,,,0,1,-1,top
2017-04-13,490239,2,445060,R,608336,L,11,Strikeout,7,1,170413_200546,0776c55f-f531-4aa3-92b9-4106a1cb9dcd,0,0,1,S,Swinging Strike,FT,13,2.0,3.95,1.68,88.7,80.9,75.59,-0.85,50.0,5.73,-0.81,1.46,-11.35,2.59,3.82,-128.64,-5.31,-18.89,28.46,-27.87,32.4,8.4,24.0,2032,264,462101,,,,462101,,0,1,-1,top
2017-04-13,490239,2,445060,R,608336,L,11,Strikeout,7,2,170413_200651,87524b98-f5ac-4a5b-993f-2466a22c5676,0,1,1,B,Ball,FT,13,2.0,3.73,1.78,88.4,79.9,45.89,-0.99,50.0,5.76,-1.62,1.7,-10.56,2.64,1.84,-128.12,-4.67,-17.28,30.45,-27.85,30.0,8.4,24.0,1953,263,462101,,,,462101,,0,1,-1,top
2017-04-13,490239,2,445060,R,608336,L,11,Strikeout,7,3,170413_200716,154a728f-c1bc-4b28-86bf-0e5424c33589,1,1,1,B,Ball,FF,13,2.0,3.71,1.87,89.5,81.4,36.83,-0.84,50.0,5.69,-1.5,1.95,-6.71,8.45,0.54,-129.77,-6.06,-11.38,28.63,-17.85,30.0,4.8,24.0,2058,223,462101,,,,462101,,0,1,-1,top
2017-04-13,490239,2,445060,R,608336,L,11,Strikeout,7,4,170413_200741,367851fc-11d2-43e2-911c-d457726ebc46,2,1,1,S,Swinging Strike,FS,13,2.0,3.95,1.68,79.8,72.9,19.39,-0.87,50.0,5.81,-0.22,0.9,-6.28,-1.66,3.32,-115.7,-3.6,-8.42,23.72,-34.4,12.0,10.8,24.0,1522,298,462101,,,,462101,,0,1,-1,top
2017-04-13,490239,2,445060,R,608336,L,11,Strikeout,7,5,170413_200824,6b15fbaa-1c29-49eb-83c4-32892336dfec,2,2,1,B,Ball,KC,13,2.0,3.54,1.81,72.8,66.4,44.32,-1.34,50.0,6.12,-0.52,1.13,9.17,-9.96,-0.77,-105.57,0.15,10.12,21.56,-43.18,13.2,16.8,24.0,2591,39,462101,,,,462101,,0,1,-1,top
2017-04-13,490239,2,445060,R,608336,L,11,Strikeout,7,6,170413_200851,740a8def-efa6-40ac-a0a7-ab35b070f16b,3,3,1,C,Called Strike,SL,11,2.0,3.44,1.62,80.6,73.9,44.12,-1.65,50.0,5.89,-0.88,2.57,2.99,-3.24,0.89,-116.95,0.28,4.13,22.39,-36.66,7.2,10.8,24.0,2379,37,462101,,,,462101,,0,1,-1,top
2017-04-13,490239,2,445060,R,455139,R,12,Double,2,1,170413_200933,b23416c9-cabf-4c6b-aeea-5465b6d9d142,0,0,2,B,Ball,FF,14,2.0,3.21,1.5,91.4,83.1,74.07,-0.74,50.0,5.65,0.55,1.28,-6.12,8.37,5.44,-132.38,-8.07,-10.8,29.56,-17.4,26.4,4.8,24.0,2044,219,,462101,,,455139,,1,0,-1,top
2017-04-13,490239,2,445060,R,455139,R,12,Double,2,2,170413_200959,a10f9acd-9540-44d7-9282-7a2ea7eae2ac,1,0,2,E,In play- run(s),FF,8,2.0,3.95,1.68,91.6,83.3,40.23,-0.86,50.0,5.76,0.14,1.78,-6.86,8.54,4.95,-132.72,-7.14,-12.18,29.68,-17.02,31.2,4.8,24.0,2040,222,,462101,,,455139,,1,0,-1,top
2017-04-13,490239,2,445060,R,595777,L,13,Single,2,1,170413_201126,712e9b24-40b5-4a21-b87c-f496daaf85c0,0,0,2,E,In play- run(s),FT,13,2.0,3.79,1.56,90.6,82.8,65.06,-1.0,50.0,5.81,-1.12,2.14,-8.53,4.98,2.57,-131.52,-4.99,-14.91,28.37,-23.47,30.0,6.0,24.0,1937,245,,455139,,595777,,,1,0,-2,top
2017-04-13,490239,2,445060,R,460576,R,14,Pop Out,2,1,170413_201211,4911b4af-c40f-466b-9107-81966a3cfbb5,0,1,2,C,Called Strike,SL,8,2.0,3.27,1.49,80.8,73.7,60.22,-1.02,50.0,5.88,-0.03,1.62,3.38,-1.98,1.26,-117.14,-2.23,4.65,24.09,-34.9,8.4,10.8,24.0,2278,47,595777,,,,,,0,1,-3,top
2017-04-13,490239,2,445060,R,460576,R,14,Pop Out,2,2,170413_201232,731cf041-f115-4157-8a8e-011bf4a61a8e,0,1,2,X,In play- out(s),FF,8,2.0,3.87,1.6,91.5,82.9,27.25,-0.89,50.0,5.73,-0.06,2.22,-5.23,8.08,3.95,-132.52,-5.72,-9.23,30.28,-17.92,24.0,4.8,24.0,2180,215,595777,,,,,,0,1,-3,top
2017-04-13,490239,3,445060,R,425783,L,19,Single,4,1,170413_202819,bea6fd95-57e6-4e9b-8f3a-6a2bcde322eb,0,0,0,B,Ball,FS,11,2.0,3.36,1.65,80.5,74.0,70.91,-1.22,50.0,6.03,-1.69,3.01,-6.48,1.97,0.86,-116.79,-0.6,-8.99,21.12,-29.44,16.8,9.6,24.0,1432,260,,,,425783,,,0,0,-3,top
2017-04-13,490239,3,445060,R,425783,L,19,Single,4,2,170413_202831,6ea07b97-5596-4003-a86d-49f700e0c4fb,1,1,0,F,Foul,FT,13,2.0,3.69,1.51,89.2,82.0,54.53,-1.17,50.0,5.81,-0.89,2.56,-8.58,2.27,3.56,-129.58,-2.79,-14.65,25.91,-28.3,26.4,7.2,24.0,1903,261,,,,425783,,,0,0,-3,top
2017-04-13,490239,3,445060,R,425783,L,19,Single,4,3,170413_202849,2d36d949-d695-4d92-af9c-683666ef8609,1,2,0,F,Foul,KC,14,2.0,3.69,1.51,71.1,64.6,60.68,-0.98,50.0,6.32,0.72,1.99,10.4,-8.23,0.7,-103.02,1.41,10.92,20.78,-40.82,15.6,16.8,24.0,2526,48,,,,425783,,,0,0,-3,top
2017-04-13,490239,3,445060,R,425783,L,19,Single,4,4,170413_202912,8d440ee0-902d-493e-8b9d-2e59613498c4,1,2,0,D,In play- no out,FT,5,2.0,3.69,1.51,90.3,82.6,29.79,-0.78,50.0,5.98,-0.04,2.87,-8.0,4.39,4.59,-131.13,-3.31,-13.93,27.69,-24.52,27.6,7.2,24.0,1937,246,,,,425783,,,0,0,-3,top
2017-04-13,490239,3,445060,R,608577,L,20,Home Run,3,1,170413_203000,d1901115-467f-478d-ab5f-eceb00426713,0,1,0,C,Called Strike,FS,11,2.0,3.35,1.81,80.2,74.1,91.3,-1.0,50.0,5.95,-0.8,2.72,-5.66,-0.12,2.16,-116.49,-0.45,-7.84,20.13,-32.34,13.2,9.6,24.0,1322,280,425783,,,,,,2,0,-3,top
2017-04-13,490239,3,445060,R,608577,L,20,Home Run,3,2,170413_203022,a0272634-9d86-41d2-9990-f64a0b58f321,0,1,0,B,Ball,FS,11,2.0,3.31,1.61,78.0,71.7,20.06,-1.27,50.0,5.92,-1.7,3.21,-4.54,3.66,0.36,-113.25,0.03,-5.92,19.75,-27.4,12.0,8.4,24.0,1345,238,425783,,,,,,2,0,-3,top
2017-04-13,490239,3,445060,R,608577,L,20,Home Run,3,3,170413_203047,5d3c9964-da3e-4cc2-916d-b4d52c11a6c3,1,1,0,E,In play- run(s),FF,2,2.0,3.92,1.63,88.9,81.6,33.32,-0.57,50.0,6.06,0.15,3.45,-3.88,7.8,3.15,-129.15,-2.97,-6.6,25.29,-18.92,16.8,4.8,24.0,1965,207,425783,,,,,,2,0,-3,top
2017-04-13,490239,3,445060,R,435063,R,21,Strikeout,6,1,170413_203148,593a36ff-0ab7-4b55-8db0-5c7f58e83d58,0,1,0,F,Foul,FF,12,2.0,3.79,1.56,91.1,83.6,73.65,-0.67,50.0,5.97,1.23,3.33,-4.83,9.89,6.63,-132.11,-4.1,-8.61,26.15,-14.57,25.2,3.6,24.0,2156,205,,,,,,,0,1,-5,top
2017-04-13,490239,3,445060,R,435063,R,21,Strikeout,6,2,170413_203206,cd52b846-0d78-44c6-b455-705d4525af78,0,2,0,F,Foul,FT,13,2.0,3.79,1.56,90.1,83.6,73.07,-0.9,50.0,5.77,-0.88,1.53,-9.02,2.44,3.1,-131.0,-5.65,-15.87,24.61,-27.88,27.6,7.2,24.0,2060,261,,,,,,,0,1,-5,top
2017-04-13,490239,3,445060,R,435063,R,21,Strikeout,6,3,170413_203226,33cfed46-3076-4d7e-b724-664a93e8f733,0,2,0,B,Ball,SL,14,2.0,2.78,1.34,80.6,75.4,45.41,-0.89,50.0,5.78,1.16,0.11,0.62,-2.4,4.58,-117.05,-5.53,0.86,19.76,-35.54,2.4,10.8,24.0,2337,17,,,,,,,0,1,-5,top
2017-04-13,490239,3,445060,R,435063,R,21,Strikeout,6,4,170413_203251,8a667cda-d6fd-4135-ba6d-7b99a4f90441,1,2,0,F,Foul,SL,8,2.0,3.79,1.56,80.9,75.0,28.84,-1.04,50.0,5.97,-0.09,1.84,3.2,-2.5,1.24,-117.6,-1.93,4.51,21.13,-35.7,7.2,10.8,24.0,2403,44,,,,,,,0,1,-5,top
2017-04-13,490239,3,445060,R,435063,R,21,Strikeout,6,5,170413_203330,390d747c-d3f9-4d6d-b3b5-cc43a638b8c6,1,2,0,B,Ball,SL,14,2.0,2.91,1.49,80.7,74.9,16.55,-0.84,50.0,5.83,1.4,0.35,1.65,-1.94,4.7,-117.1,-5.16,2.29,21.63,-34.87,4.8,10.8,24.0,2461,34,,,,,,,0,1,-5,top
2017-04-13,490239,3,445060,R,435063,R,21,Strikeout,6,6,170413_203355,433846de-b8f0-4e6e-9868-e0ae1fdd7aa2,2,2,0,S,Swinging Strike,SL,14,2.0,3.79,1.56,80.4,74.3,44.5,-0.89,50.0,5.82,0.35,1.38,-1.75,3.81,3.39,-116.65,-4.44,-2.42,20.67,-26.89,3.6,8.4,24.0,1365,208,,,,,,,0,1,-5,top
2017-04-13,490239,3,445060,R,596059,L,22,Pop Out,4,1,170413_203435,af3f8660-21ea-42a8-8db2-913a3eb797eb,0,0,1,B,Ball,KC,13,2.0,3.21,1.66,70.7,64.9,53.48,-1.35,50.0,6.25,-1.53,2.14,7.53,-9.32,-2.33,-102.59,2.13,7.94,18.7,-42.0,10.8,16.8,24.0,2470,35,,,,,,,0,1,-5,top
2017-04-13,490239,3,445060,R,596059,L,22,Pop Out,4,2,170413_203452,b1ac909e-83dc-481f-b49f-b86512c217d8,1,1,1,F,Foul,FS,7,2.0,3.79,1.56,81.0,75.4,35.63,-1.16,50.0,5.82,-0.38,1.76,-7.02,1.24,3.96,-117.63,-2.99,-9.98,19.28,-30.41,16.8,9.6,24.0,1353,267,,,,,,,0,1,-5,top
2017-04-13,490239,3,445060,R,596059,L,22,Pop Out,4,3,170413_203516,7a8d8105-cc47-4a8e-a408-746a5ffa8a97,1,1,1,B,Ball,FS,13,2.0,3.3,1.53,79.5,73.3,10.78,-1.21,50.0,5.96,-2.01,2.13,-6.45,1.24,0.08,-115.48,-2.05,-8.74,20.92,-30.5,15.6,9.6,24.0,1210,269,,,,,,,0,1,-5,top
2017-04-13,490239,3,445060,R,596059,L,22,Pop Out,4,4,170413_203540,9685e23f-47ca-4fae-bde1-d7db0a7d8b19,2,1,1,X,In play- out(s),FF,6,2.0,3.79,1.56,91.0,83.4,41.61,-0.81,50.0,5.99,0.56,2.97,-5.77,8.59,5.54,-132.03,-4.65,-10.25,26.67,-16.92,27.6,4.8,24.0,2135,214,,,,,,,0,1,-5,top
2017-04-13,490239,3,445060,R,462101,R,23,Single,1,1,170413_203620,11161c18-ebc0-4576-bd80-a275201fc14a,0,0,2,D,In play- no out,FT,9,2.0,3.75,1.53,90.8,83.6,52.03,-0.7,50.0,5.78,0.36,1.9,-8.57,4.7,5.68,-131.88,-5.57,-15.19,26.42,-23.84,30.0,6.0,24.0,2077,246,,,,462101,,,0,0,-5,top
2017-04-13,490239,3,445060,R,608336,L,24,Caught Stealing 2B,6,1,170413_203704,be6c5df5-bc3d-46f3-ba07-b3b594fe117d,0,0,2,B,Ball,FS,14,2.0,3.71,1.72,80.9,74.4,71.54,-0.85,50.0,5.74,0.3,0.78,-8.65,1.59,5.28,-117.32,-5.01,-12.04,22.41,-29.96,20.4,9.6,24.0,1501,269,462101,,,,,,0,1,-5,top
2017-04-13,490239,3,445060,R,608336,L,24,Caught Stealing 2B,6,2,170413_203758,8f2f4e02-3bb0-4eaa-b044-c908665a7e88,1,0,2,S,Swinging Strike,FT,11,2.0,3.95,1.68,87.4,80.1,51.3,-0.96,50.0,5.97,-0.79,2.83,-9.35,5.72,3.49,-126.98,-3.34,-15.28,25.61,-22.82,32.4,7.2,24.0,2025,242,462101,,,,,,0,1,-5,top
2017-04-13,490239,3,445060,R,608336,L,24,Caught Stealing 2B,6,3,170413_203844,aba17c39-22e8-450c-8090-cc15400775e3,2,1,2,*B,Ball In Dirt,FT,13,2.0,3.34,1.68,88.6,81.7,56.14,-0.93,50.0,5.64,-1.09,0.05,-10.11,4.18,2.94,-128.51,-9.24,-16.95,26.14,-25.17,31.2,7.2,24.0,2040,256,462101,,,,,,0,1,-5,top
2017-04-13,490239,3,445060,R,608336,L,24,Caught Stealing 2B,6,4,170413_203915,998f6956-b354-44a3-8df5-b900ea9e9bb0,2,2,2,C,Called Strike,SL,13,2.0,3.54,1.78,77.2,71.7,47.68,-1.26,50.0,5.95,-1.03,2.6,3.43,-3.79,-0.48,-112.18,0.88,4.42,18.19,-37.06,7.2,12.0,24.0,2294,36,462101,,,,,,0,1,-5,top
2017-04-13,490239,4,445060,R,608336,L,29,Single,7,1,170413_205645,6a21dce0-a7d5-4734-b90b-bc5ef8434234,0,0,0,B,Ball,FT,13,2.0,3.39,1.68,87.6,81.0,35.46,-1.19,50.0,5.77,-2.03,1.19,-10.43,3.14,1.32,-127.29,-6.19,-17.21,24.74,-27.0,31.2,8.4,24.0,1957,260,,,,608336,,,0,0,-5,top
2017-04-13,490239,4,445060,R,608336,L,29,Single,7,2,170413_205660,fe7e54ad-4f60-4e7c-9eea-af520183739d,1,0,0,B,Ball,FF,11,2.0,3.64,1.79,88.9,81.7,30.39,-1.01,50.0,6.01,-1.3,3.21,-6.43,8.12,1.39,-129.08,-3.56,-10.93,25.14,-18.37,28.8,4.8,24.0,2118,221,,,,608336,,,0,0,-5,top
2017-04-13,490239,4,445060,R,608336,L,29,Single,7,3,170413_205714,28c24e9c-77aa-4547-ae41-a437c8b1b54c,2,0,0,B,Ball,FF,13,2.0,3.62,1.72,89.3,82.4,53.34,-0.88,50.0,5.99,-1.09,2.38,-4.74,8.83,1.06,-129.71,-5.98,-8.16,24.36,-16.97,24.0,4.8,24.0,2191,211,,,,608336,,,0,0,-5,top
2017-04-13,490239,4,445060,R,608336,L,29,Single,7,4,170413_205729,d74ac76d-88bf-46d4-910a-03b7e5a82eb4,3,1,0,C,Called Strike,FF,8,2.0,3.34,1.57,88.2,81.3,36.0,-1.04,50.0,5.78,0.05,1.67,-5.68,8.43,4.63,-127.96,-6.87,-9.49,24.39,-18.08,24.0,4.8,24.0,2148,216,,,,608336,,,0,0,-5,top
2017-04-13,490239,4,445060,R,608336,L,29,Single,7,5,170413_205745,63d572bb-50e3-4bec-ac96-7d1c60542cdd,3,2,0,F,Foul,FT,8,2.0,3.95,1.68,90.1,82.9,42.54,-1.02,50.0,5.72,0.08,1.86,-8.31,5.85,5.63,-130.74,-5.72,-14.48,25.93,-21.98,30.0,6.0,24.0,2061,239,,,,608336,,,0,0,-5,top
2017-04-13,490239,4,445060,R,608336,L,29,Single,7,6,170413_205815,49e2b198-6aff-40f2-8611-e23cc8ed13b7,3,2,0,F,Foul,FF,4,2.0,3.95,1.68,91.1,82.5,39.39,-0.79,50.0,6.02,-0.41,3.08,-5.01,8.59,2.67,-132.12,-4.36,-8.79,30.23,-17.12,24.0,4.8,24.0,2248,212,,,,608336,,,0,0,-5,top
2017-04-13,490239,4,445060,R,608336,L,29,Single,7,7,170413_205837,092e3d78-f636-4f61-8381-29acfd2e670c,3,2,0,D,In play- no out,FT,7,2.0,3.95,1.68,89.9,82.4,55.29,-0.95,50.0,5.79,-0.67,2.36,-8.52,4.56,3.57,-130.47,-4.14,-14.74,26.67,-24.29,28.8,7.2,24.0,1866,247,,,,608336,,,0,0,-5,top
2017-04-13,490239,4,445060,R,455139,R,30,Pop Out,2,1,170413_205919,f4bd1b1a-b4f6-4913-902c-d1ff8e9a9df9,0,0,0,B,Ball,SL,11,2.0,3.15,1.55,80.2,74.2,71.38,-1.19,50.0,6.17,-0.78,3.67,2.65,-1.32,0.15,-116.41,1.61,3.69,19.42,-34.01,6.0,9.6,24.0,,54,608336,,,608336,,,0,1,-5,top
2017-04-13,490239,4,445060,R,455139,R,30,Pop Out,2,2,170413_205944,213bf25a-7917-42e6-9d81-1981e450dfc8,1,0,0,X,In play- out(s),FT,4,2.0,3.95,1.68,89.4,82.1,34.11,-0.87,50.0,5.85,-0.3,2.87,-7.73,3.66,4.05,-129.79,-2.61,-13.25,25.89,-25.91,25.2,7.2,24.0,2043,249,608336,,,608336,,,0,1,-5,top
2017-04-13,490239,4,445060,R,595777,L,31,Strikeout,6,1,170413_210031,4afed333-50ad-4ada-869e-76e9b57359dd,0,1,1,T,Foul Tip,FT,7,2.0,3.75,1.53,88.6,80.7,51.26,-1.55,50.0,5.49,-0.44,2.13,-10.46,4.54,6.25,-128.42,-3.64,-17.42,27.27,-24.62,32.4,7.2,24.0,1935,251,608336,,,,608336,,0,1,-5,top
2017-04-13,490239,4,445060,R,595777,L,31,Strikeout,6,2,170413_210055,162e0cd6-b9bc-4c6c-ba81-b5a1e5c9ac87,0,2,1,F,Foul,FS,13,2.0,3.75,1.53,81.1,74.7,26.43,-1.13,50.0,5.68,-0.53,1.1,-10.25,1.51,4.5,-117.64,-4.18,-14.39,21.89,-30.05,24.0,9.6,24.0,1502,269,608336,,,,608336,,0,1,-5,top
2017-04-13,490239,4,445060,R,595777,L,31,Strikeout,6,3,170413_210146,41856df8-f818-4eec-ba01-0d79d6431806,1,2,1,*B,Ball In Dirt,SL,14,2.0,3.0,1.54,79.2,73.9,37.09,-0.98,50.0,5.81,0.78,0.57,3.32,-2.32,3.04,-115.09,-4.21,4.49,19.67,-35.32,7.2,10.8,24.0,2484,45,608336,,,,608336,,0,1,-5,top
2017-04-13,490239,4,445060,R,595777,L,31,Strikeout,6,4,170413_210238,4413e879-7293-4739-b645-b97db4d26ee7,1,2,1,B,Ball,FS,13,2.0,3.23,1.57,80.1,74.3,10.01,-1.26,50.0,5.84,-1.62,2.34,-6.22,0.97,1.04,-116.35,-1.4,-8.63,19.53,-30.82,15.6,9.6,24.0,1368,269,608336,,,,608336,,0,1,-5,top
2017-04-13,490239,4,445060,R,595777,L,31,Strikeout,6,5,170413_210303,8586aeb6-e32b-457b-a030-362d5258eea5,2,2,1,S,Swinging Strike,SL,13,2.0,3.75,1.53,79.1,73.2,42.68,-1.21,50.0,5.94,-0.74,2.19,3.56,-1.7,0.02,-114.87,-0.95,4.79,19.82,-34.46,8.4,10.8,24.0,2196,53,608336,,,,608336,,0,1,-5,top
2017-04-13,490239,4,445060,R,460576,R,32,Strikeout,7,1,170413_210415,52e211c3-e6b5-4a85-8f13-9e39406421a9,0,1,2,F,Foul,SL,13,2.0,3.75,1.53,80.3,74.3,69.69,-1.2,50.0,5.94,-0.17,1.23,1.97,-2.94,1.79,-116.64,-2.99,2.72,21.56,-36.23,4.8,10.8,24.0,2309,28,,608336,,,,,0,1,-5,top
2017-04-13,490239,4,445060,R,460576,R,32,Strikeout,7,2,170413_210448,829ab06b-77ee-4570-b169-0c38c8b79f10,0,2,2,W,Swinging Strike (Blocked),SL,13,2.0,3.75,1.53,81.6,75.2,19.99,-1.16,50.0,5.71,-0.22,-0.04,0.21,-3.31,2.15,-118.43,-5.52,0.29,23.97,-36.84,1.2,10.8,24.0,2328,5,,608336,,,,,0,1,-5,top
2017-04-13,490239,4,445060,R,460576,R,32,Strikeout,7,3,170413_210522,5b13e427-963b-4e3a-b662-cd6f0c5fa4ff,0,2,2,B,Ball,SL,14,2.0,3.21,1.54,79.8,74.3,41.58,-1.0,50.0,5.7,0.85,-0.49,1.45,-0.97,3.81,-115.83,-6.85,1.98,20.85,-33.49,3.6,10.8,24.0,,37,,608336,,,,,0,1,-5,top
2017-04-13,490239,4,445060,R,460576,R,32,Strikeout,7,4,170413_210614,420de2da-8a0e-43c5-9295-9527f2b571e9,2,2,2,*B,Ball In Dirt,FS,14,2.0,3.21,1.48,80.5,74.7,31.82,-0.86,50.0,5.56,0.67,-0.5,-7.13,0.53,5.68,-116.74,-7.18,-9.87,21.2,-31.43,15.6,9.6,24.0,1284,280,,608336,,,,,0,1,-5,top
2017-04-13,490239,4,445060,R,460576,R,32,Strikeout,7,5,170413_210646,8e10f18d-5991-44a0-957f-c39d57038a57,2,2,2,B,Ball,FF,12,2.0,3.06,1.44,91.9,83.2,24.49,-0.44,50.0,5.85,1.91,2.57,-4.44,10.64,7.66,-133.09,-6.07,-7.91,30.41,-13.22,22.8,3.6,24.0,2123,200,,608336,,,,,0,1,-5,top
2017-04-13,490239,4,445060,R,460576,R,32,Strikeout,7,6,170413_210707,d8fb80aa-db26-4ede-a770-607eeca141ac,3,2,2,F,Foul,SL,14,2.0,3.75,1.53,81.7,74.9,39.08,-1.07,50.0,5.87,0.2,1.29,1.62,-1.54,2.48,-118.52,-3.35,2.3,23.73,-34.35,4.8,9.6,24.0,2274,35,,608336,,,,,0,1,-5,top
2017-04-13,490239,4,445060,R,460576,R,32,Strikeout,7,7,170413_210735,e6c293e4-d392-416b-bdec-22838657993b,3,3,2,W,Swinging Strike (Blocked),SL,14,2.0,3.75,1.53,81.1,74.1,23.25,-1.1,50.0,5.64,0.32,-0.05,1.79,-1.61,2.73,-117.58,-5.67,2.48,25.08,-34.39,4.8,10.8,24.0,2249,33,,608336,,,,,0,1,-5,top
2017-04-13,490239,5,445060,R,425783,L,36,Flyout,5,1,170413_211643,5061eb60-7d34-4afb-b05a-1f24fe77d6c5,0,0,0,B,Ball,SL,11,2.0,3.31,1.61,78.3,72.4,52.86,-1.42,50.0,6.0,-1.49,2.86,2.89,-3.13,-1.0,-113.68,1.0,3.8,19.44,-36.3,6.0,10.8,24.0,,35,,,,,,,0,1,-5,top
2017-04-13,490239,5,445060,R,425783,L,36,Flyout,5,2,170413_211655,b6602240-7fe5-48ab-b22c-3f36acdae873,1,0,0,S,Swinging Strike,FS,13,2.0,3.69,1.51,79.0,73.5,52.58,-1.12,50.0,5.84,-0.72,1.21,-7.79,1.92,3.22,-114.73,-4.05,-10.51,18.83,-29.58,18.0,9.6,24.0,1459,265,,,,,,,0,1,-5,top
2017-04-13,490239,5,445060,R,425783,L,36,Flyout,5,3,170413_211712,e75f79b9-6eb9-4372-93e3-ea6bcdf2bc5c,1,1,0,B,Ball,FT,11,2.0,3.23,1.64,88.8,80.5,71.83,-1.11,50.0,5.91,-1.18,3.45,-7.44,7.5,2.28,-128.73,-2.35,-12.41,28.28,-19.66,30.0,6.0,24.0,2184,228,,,,,,,0,1,-5,top
2017-04-13,490239,5,445060,R,425783,L,36,Flyout,5,4,170413_211726,df8341e1-4354-49ee-a0ce-0d30374e5ac5,2,1,0,B,Ball,FF,13,2.0,3.19,1.61,88.2,80.5,40.3,-1.06,50.0,5.61,-0.03,1.54,-6.18,8.57,4.61,-127.84,-6.69,-10.21,26.89,-18.02,25.2,4.8,24.0,2092,219,,,,,,,0,1,-5,top
2017-04-13,490239,5,445060,R,425783,L,36,Flyout,5,5,170413_211744,1fa63eb7-47a9-4144-af7b-d8d10a36510c,3,1,0,X,In play- out(s),FT,1,2.0,3.69,1.51,89.6,81.8,46.77,-1.15,50.0,5.78,-0.39,3.12,-9.43,3.88,5.08,-130.01,-1.85,-16.14,27.29,-25.54,30.0,7.2,24.0,2063,251,,,,,,,0,1,-5,top
2017-04-13,490239,5,445060,R,608577,L,37,Strikeout,7,1,170413_211830,a080dab6-f2ed-4cef-8c61-34e0e1324119,0,0,1,B,Ball,FT,11,2.0,3.46,1.7,90.4,82.6,39.27,-1.0,50.0,5.94,-1.5,3.16,-6.47,7.44,0.86,-131.18,-3.5,-11.28,27.36,-19.19,28.8,4.8,24.0,2298,225,,,,,,,0,1,-5,top
2017-04-13,490239,5,445060,R,608577,L,37,Strikeout,7,2,170413_211845,6852ddc9-df68-402f-8985-8d5dcabfb983,1,0,1,B,Ball,FF,14,2.0,3.35,1.63,91.4,83.9,51.0,-0.6,50.0,5.93,0.98,2.47,-5.06,9.02,5.89,-132.59,-6.01,-9.06,26.71,-16.01,25.2,4.8,24.0,2196,209,,,,,,,0,1,-5,top
2017-04-13,490239,5,445060,R,608577,L,37,Strikeout,7,3,170413_211900,938b6d49-7530-4321-bdfd-52313f67c807,2,1,1,C,Called Strike,FT,8,2.0,3.54,1.76,90.8,83.7,42.38,-0.96,50.0,5.73,-0.14,1.99,-8.35,4.47,4.97,-131.87,-5.13,-14.81,25.9,-24.23,28.8,6.0,24.0,1966,247,,,,,,,0,1,-5,top
2017-04-13,490239,5,445060,R,608577,L,37,Strikeout,7,4,170413_211915,af8174d3-cf4d-484d-b7b6-298fb840fcc8,2,1,1,B,Ball,SL,11,2.0,3.41,1.68,81.2,75.2,29.7,-1.56,50.0,5.83,-2.13,3.19,2.25,-0.73,-2.02,-117.96,0.91,3.22,19.74,-33.22,4.8,9.6,24.0,2477,55,,,,,,,0,1,-5,top
2017-04-13,490239,5,445060,R,608577,L,37,Strikeout,7,5,170413_211933,6ba29e8a-5ec6-4a8d-b992-fe3c069433bc,3,2,1,C,Called Strike,SL,13,2.0,3.39,1.61,80.0,74.7,57.77,-1.4,50.0,5.69,-0.9,1.7,3.01,-3.15,0.26,-116.4,-1.33,4.18,19.13,-36.56,6.0,10.8,24.0,2563,36,,,,,,,0,1,-5,top
2017-04-13,490239,5,445060,R,608577,L,37,Strikeout,7,6,170413_211947,5af861e8-f026-47be-91d3-6ed2d5fc0d16,3,2,1,F,Foul,FT,11,2.0,3.92,1.63,91.9,84.3,54.47,-1.1,50.0,5.72,-1.02,2.93,-8.0,6.5,2.97,-132.8,-3.46,-14.45,25.47,-20.45,33.6,6.0,24.0,2118,238,,,,,,,0,1,-5,top
2017-04-13,490239,5,445060,R,608577,L,37,Strikeout,7,7,170413_212012,2d0dfa3d-c13f-4c17-878b-6a7b4c02e6e3,3,3,1,C,Called Strike,FF,5,2.0,3.31,1.67,91.0,83.4,32.23,-0.92,50.0,5.67,0.22,2.32,-3.14,8.01,4.03,-132.1,-5.32,-5.57,27.0,-17.97,14.4,4.8,24.0,2136,201,,,,,,,0,1,-5,top
2017-04-13,490239,5,445060,R,435063,R,38,Catcher Interference,5,1,170413_212051,cf88e1fb-0c26-44b4-8421-bd80789aaaad,0,0,2,B,Ball,SL,14,2.0,2.92,1.35,82.2,76.4,72.65,-0.99,50.0,5.82,1.22,0.5,1.9,-2.52,4.64,-119.37,-4.96,2.75,21.89,-35.83,4.8,10.8,24.0,2457,32,,,,435063,,,0,0,-5,top
2017-04-13,490239,5,445060,R,435063,R,38,Catcher Interference,5,2,170413_212110,538e26c7-f6c3-40dc-b4b0-194c2f2c1b71,1,1,2,C,Called Strike,SL,8,2.0,3.16,1.5,81.5,75.2,23.6,-1.22,50.0,5.83,-0.07,1.91,2.99,-3.32,1.78,-118.45,-1.31,4.25,22.18,-36.91,7.2,10.8,24.0,2352,37,,,,435063,,,0,0,-5,top
2017-04-13,490239,5,445060,R,435063,R,38,Catcher Interference,5,3,170413_212126,dcc99d7a-79b6-4204-b2e1-31f696b1e05c,1,1,2,S,Swinging Strike,SL,14,2.0,3.92,1.63,81.9,75.9,47.8,-0.96,50.0,5.92,0.45,1.42,4.04,-2.41,2.07,-118.93,-3.01,5.82,21.7,-35.65,9.6,10.8,24.0,,50,,,,435063,,,0,0,-5,top
2017-04-13,490239,5,445060,R,435063,R,38,Catcher Interference,5,4,170413_212146,b4c22866-3989-4961-817e-d811526d1b5e,1,2,2,B,Ball,FF,12,2.0,3.07,1.26,93.5,85.0,30.08,-0.68,50.0,6.06,0.37,3.76,-1.67,9.54,3.39,-135.6,-3.46,-3.1,30.13,-14.44,8.4,3.6,24.0,2176,188,,,,435063,,,0,0,-5,top
2017-04-13,490239,5,445060,R,435063,R,38,Catcher Interference,5,5,170413_212203,6a9c1826-b8bf-4ce4-a5cf-15c1a7615092,2,2,2,F,Foul,FF,12,2.0,3.92,1.63,92.7,84.2,51.71,-0.63,50.0,5.96,0.83,3.02,-2.17,10.3,4.62,-134.46,-5.27,-3.95,30.19,-13.39,12.0,3.6,24.0,2256,190,,,,435063,,,0,0,-5,top
2017-04-13,490239,5,445060,R,596059,L,39,Lineout,1,1,170413_212257,70ba09d3-1be1-410b-9946-d9ffdb628e6c,0,0,2,X,In play- out(s),SL,13,2.0,3.79,1.56,79.4,73.7,70.46,-1.26,50.0,5.62,-0.74,1.08,0.79,-6.64,0.97,-115.43,-1.34,1.07,20.93,-41.16,1.2,12.0,24.0,2403,6,435063,,,,,,0,1,-5,top
2017-04-18,490302,1,445060,R,543807,R,4,Pop Out,1,1,170419_002102,9ad07bce-5ff5-40c0-a2a8-17419554e7b7,0,0,0,X,In play- out(s),FF,6,2.0,3.87,1.6,90.5,82.6,61.35,-0.76,50.0,5.95,0.68,2.56,-6.39,10.47,5.86,-131.18,-6.1,-11.14,27.56,-13.91,33.6,4.8,24.0,2283,212,,,,,,,0,1,0,bottom
2017-04-18,490302,1,445060,R,502210,L,5,Groundout,5,1,170419_002141,d0db3d23-01e7-4711-bd7e-f30a299f2ccb,0,1,1,C,Called Strike,FF,8,2.0,3.6,1.71,89.5,81.7,54.78,-0.98,50.0,5.81,0.1,1.78,-4.5,11.05,4.28,-129.65,-7.72,-7.67,26.88,-13.35,24.0,3.6,24.0,2144,203,,,,,,,0,1,0,bottom
2017-04-18,490302,1,445060,R,502210,L,5,Groundout,5,2,170419_002154,ab2e32f3-5ae7-4e2d-ac49-3530d862a702,0,1,1,B,Ball,FT,13,2.0,3.59,1.95,90.0,82.6,31.92,-1.2,50.0,5.71,-1.32,1.08,-10.53,4.34,3.23,-130.64,-7.17,-18.18,27.71,-24.69,33.6,7.2,24.0,2090,254,,,,,,,0,1,0,bottom
2017-04-18,490302,1,445060,R,502210,L,5,Groundout,5,3,170419_002208,a6125d05-b353-470d-b0a5-6acb7f20c889,1,2,1,C,Called Strike,KC,13,2.0,3.53,1.71,73.6,67.6,57.3,-1.3,50.0,6.16,-0.33,1.49,8.98,-8.31,-0.42,-106.77,0.14,10.24,20.47,-41.65,13.2,15.6,24.0,2607,43,,,,,,,0,1,0,bottom
2017-04-18,490302,1,445060,R,502210,L,5,Groundout,5,4,170419_002222,2d36aaf4-cfcb-4e20-ac4d-906169764b9a,1,2,1,B,Ball,SL,14,2.0,3.54,1.84,82.4,76.2,41.28,-0.94,50.0,5.74,1.18,0.01,2.26,-1.26,4.3,-119.46,-6.31,3.27,23.24,-33.99,6.0,9.6,24.0,,44,,,,,,,0,1,0,bottom
2017-04-18,490302,1,445060,R,502210,L,5,Groundout,5,5,170419_002245,be8b23e3-e41d-4d5f-bd88-e99fadcb7145,2,2,1,X,In play- out(s),SL,13,2.0,3.84,1.59,79.8,73.9,53.46,-1.33,50.0,5.91,-0.78,1.79,1.51,-3.07,0.82,-115.99,-1.52,2.07,20.8,-36.37,3.6,10.8,24.0,2454,21,,,,,,,0,1,0,bottom
2017-04-18,490302,1,445060,R,514888,R,6,Single,3,1,170419_002334,aa93c727-8a52-461c-a7cf-dddc32dbbc75,0,0,2,B,Ball,FF,14,2.0,3.1,1.59,91.2,82.7,36.22,-0.8,50.0,5.77,1.63,2.31,-4.34,11.81,7.79,-132.06,-6.8,-7.63,29.55,-11.43,25.2,3.6,24.0,2152,198,,,,514888,,,0,0,0,bottom
2017-04-18,490302,1,445060,R,514888,R,6,Single,3,2,170419_002356,bdf6a25c-3c23-4a3f-b919-c36e76735f85,1,0,2,B,Ball,SL,11,2.0,3.08,1.52,80.8,74.1,48.15,-1.38,50.0,5.96,-0.95,2.59,-0.11,-2.27,1.04,-117.24,-0.17,-0.16,22.25,-35.33,0.0,10.8,24.0,,0,,,,514888,,,0,0,0,bottom
2017-04-18,490302,1,445060,R,514888,R,6,Single,3,3,170419_002416,cb6e6694-939d-45bf-81f5-513bec2ec3ab,2,0,2,D,In play- no out,FT,8,2.0,3.84,1.59,91.1,83.0,39.4,-0.75,50.0,5.79,-0.21,2.12,-12.52,5.23,5.65,-132.08,-5.13,-22.05,29.02,-22.96,40.8,7.2,24.0,2071,251,,,,514888,,,0,0,0,bottom
2017-04-18,490302,1,445060,R,136860,L,7,Flyout,5,1,170419_002457,617ea864-d142-4c13-b6dd-a1aa694a5957,0,0,2,B,Ball,FF,13,2.0,3.74,1.9,90.6,82.5,78.83,-1.08,50.0,5.78,-0.91,2.08,-6.19,8.48,2.51,-131.41,-6.24,-10.78,28.64,-17.39,28.8,4.8,24.0,2201,220,514888,,,,,,0,1,0,bottom
2017-04-18,490302,1,445060,R,136860,L,7,Flyout,5,2,170419_002553,ba1c39fd-0b1c-4d03-9d65-c10ef3fe1337,1,0,2,B,Ball,FT,13,2.0,3.69,1.91,89.4,81.1,32.63,-1.23,50.0,5.87,-2.12,2.41,-10.36,4.43,1.15,-129.62,-3.96,-17.46,29.62,-24.71,33.6,7.2,24.0,1943,253,514888,,,,,,0,1,0,bottom
2017-04-18,490302,1,445060,R,136860,L,7,Flyout,5,3,170419_002617,cbb56925-8f41-4411-a015-56deb9c93324,2,0,2,X,In play- out(s),FT,7,2.0,3.48,1.45,91.2,83.5,44.77,-1.02,50.0,5.66,-0.32,2.09,-9.83,4.94,5.18,-132.29,-4.86,-17.44,27.83,-23.41,33.6,7.2,24.0,1989,248,514888,,,,,,0,1,0,bottom
2017-04-18,490302,2,445060,R,435263,L,14,Groundout,5,1,170419_004106,57be9783-ed88-4472-b4c2-53c2e53e0447,0,1,0,F,Foul,FT,7,2.0,3.87,1.6,89.6,82.1,53.11,-1.05,50.0,5.78,-0.34,1.87,-10.83,3.99,5.43,-130.06,-5.11,-18.55,27.16,-25.33,33.6,7.2,24.0,1994,255,,,,,,,0,1,1,bottom
2017-04-18,490302,2,445060,R,435263,L,14,Groundout,5,2,170419_004129,8a96d3c9-e765-4728-801c-9e606577ab6d,0,1,0,B,Ball,KC,14,2.0,3.62,1.97,74.8,69.1,53.95,-1.07,50.0,6.1,1.23,0.71,6.37,-6.06,3.16,-108.58,-2.29,7.53,20.66,-39.34,10.8,14.4,24.0,2622,42,,,,,,,0,1,1,bottom
2017-04-18,490302,2,445060,R,435263,L,14,Groundout,5,3,170419_004149,9fe7b684-ff54-48c5-9250-424d2d64032c,1,1,0,B,Ball,KC,11,2.0,3.4,1.92,72.4,65.6,46.08,-1.45,50.0,6.44,-2.51,3.56,8.59,-9.28,-4.46,-104.68,4.38,9.39,20.13,-42.31,12.0,15.6,24.0,2611,38,,,,,,,0,1,1,bottom
2017-04-18,490302,2,445060,R,435263,L,14,Groundout,5,4,170419_004209,b7355ebf-b0f1-4541-8570-c57889bab596,2,1,0,B,Ball,FF,11,2.0,3.45,1.92,90.2,81.9,64.85,-0.98,50.0,5.93,-0.91,3.46,-4.65,8.9,1.74,-130.84,-3.09,-8.02,28.72,-16.82,24.0,4.8,24.0,2182,209,,,,,,,0,1,1,bottom
2017-04-18,490302,2,445060,R,435263,L,14,Groundout,5,5,170419_004226,1a5ab247-be7f-419c-ab35-44b6be9203ea,3,1,0,X,In play- out(s),FT,4,2.0,3.87,1.6,89.8,82.1,38.08,-0.99,50.0,5.81,-0.26,2.48,-11.57,1.63,5.74,-130.32,-2.85,-19.87,27.79,-29.38,32.4,8.4,24.0,2012,266,,,,,,,0,1,1,bottom
2017-04-18,490302,2,445060,R,608324,R,15,Strikeout,5,1,170419_004316,ea72b1bd-5a4a-4f1e-81e5-d21972bd83cb,0,1,1,C,Called Strike,SL,5,2.0,3.45,1.8,81.4,73.7,46.59,-1.14,50.0,5.99,0.02,2.57,0.44,-3.53,2.55,-117.94,0.08,0.61,25.67,-37.07,1.2,10.8,24.0,2301,10,,,,,,,0,1,1,bottom
2017-04-18,490302,2,445060,R,608324,R,15,Strikeout,5,2,170419_004332,669d709c-55b4-457d-be99-9189a1ddd608,0,2,1,C,Called Strike,SL,14,2.0,3.45,1.85,80.9,73.7,57.11,-1.01,50.0,6.05,0.75,1.75,1.06,-3.98,3.74,-117.24,-1.73,1.46,24.69,-37.65,3.6,10.8,24.0,2433,17,,,,,,,0,1,1,bottom
2017-04-18,490302,2,445060,R,608324,R,15,Strikeout,5,3,170419_004351,d457420b-a957-498f-a0c3-cbc67b779a32,0,2,1,B,Ball,FF,12,2.0,3.34,1.73,92.0,82.7,36.14,-0.54,50.0,6.09,1.77,3.69,-5.83,12.03,8.03,-133.13,-4.23,-10.33,31.79,-10.84,36.0,3.6,24.0,2196,204,,,,,,,0,1,1,bottom
2017-04-18,490302,2,445060,R,608324,R,15,Strikeout,5,4,170419_004411,3e56a44d-1304-484b-9b7f-a8f2f5a99f43,1,2,1,B,Ball,SL,14,2.0,3.4,1.7,80.6,74.9,21.15,-1.04,50.0,5.8,0.24,0.69,0.72,-5.76,2.73,-117.19,-3.17,1.0,21.54,-40.2,2.4,12.0,24.0,,8,,,,,,,0,1,1,bottom
2017-04-18,490302,2,445060,R,608324,R,15,Strikeout,5,5,170419_004433,4fbb4158-fdbc-4936-a10f-537bb6b6426e,2,3,1,C,Called Strike,SL,2,2.0,3.39,1.75,80.8,74.5,24.88,-1.03,50.0,6.05,0.15,2.93,1.67,-2.67,2.22,-117.33,0.48,2.34,21.06,-35.91,4.8,10.8,24.0,2395,29,,,,,,,0,1,1,bottom
2017-04-18,490302,2,445060,R,503556,L,16,Strikeout,4,1,170419_004515,26870c9f-64dd-42c4-87be-b4ed859dfa16,0,1,2,F,Foul,FT,11,2.0,3.75,1.53,91.2,83.7,66.66,-0.82,50.0,5.88,-0.96,3.21,-10.62,3.02,3.24,-132.56,-1.88,-18.95,27.53,-26.78,33.6,7.2,24.0,1937,258,,,,,,,0,1,1,bottom
2017-04-18,490302,2,445060,R,503556,L,16,Strikeout,4,2,170419_004545,55bc9f4c-0b39-46f7-82eb-c626b2420a6c,0,1,2,B,Ball,FS,13,2.0,3.3,1.8,81.5,75.9,9.82,-1.09,50.0,5.91,-2.01,2.47,-6.31,0.61,-0.23,-118.56,-1.45,-9.11,19.67,-31.29,15.6,9.6,24.0,1372,272,,,,,,,0,1,1,bottom
2017-04-18,490302,2,445060,R,503556,L,16,Strikeout,4,3,170419_004610,075787fc-8e39-4ae8-a7aa-a904942833b3,1,2,2,T,Foul Tip,FS,7,2.0,3.75,1.53,81.7,75.5,34.43,-1.14,50.0,5.82,-0.43,1.74,-5.59,0.73,3.37,-118.58,-2.95,-8.01,21.36,-31.12,13.2,9.6,24.0,1445,274,,,,,,,0,1,1,bottom
2017-04-18,490302,2,445060,R,503556,L,16,Strikeout,4,4,170419_004636,460a8bca-918a-43bf-b01a-b252762e1d9d,1,2,2,S,Swinging Strike,SL,13,2.0,3.75,1.53,80.4,75.0,58.49,-1.33,50.0,5.7,-1.01,1.22,3.43,-2.74,-0.29,-116.95,-2.63,4.81,19.69,-36.01,7.2,10.8,24.0,2376,41,,,,,,,0,1,1,bottom
2017-04-18,490302,3,445060,R,493329,R,20,Home Run,1,1,170419_005758,d0599154-7507-4575-9760-39a3bf477111,0,0,0,E,In play- run(s),FT,2,2.0,3.75,1.53,91.1,83.6,38.12,-0.96,50.0,5.92,-0.11,3.04,-7.44,6.54,4.75,-132.26,-3.64,-13.26,26.5,-20.51,30.0,6.0,24.0,2215,231,,,,,,,1,0,1,bottom
2017-04-18,490302,3,445060,R,493114,L,21,Lineout,3,1,170419_005851,4ebd31f7-77b6-46db-b71e-aa72a3e90ac1,0,0,0,B,Ball,FT,11,2.0,3.33,1.67,89.5,82.4,29.48,-0.99,50.0,5.78,-1.29,2.57,-9.21,3.06,2.29,-129.98,-3.05,-15.86,25.62,-26.91,28.8,7.2,24.0,1998,257,,,,,,,0,1,0,bottom
2017-04-18,490302,3,445060,R,493114,L,21,Lineout,3,2,170419_005906,bc7a2247-b613-4178-9540-2389d9dcea70,1,1,0,C,Called Strike,FT,11,2.0,3.39,1.65,90.4,82.3,57.97,-0.97,50.0,5.86,-0.94,2.56,-10.44,6.14,3.58,-131.14,-4.36,-18.11,28.83,-21.53,37.2,7.2,24.0,2049,244,,,,,,,0,1,0,bottom
2017-04-18,490302,3,445060,R,493114,L,21,Lineout,3,3,170419_005924,366717ff-38ca-4640-9eaf-d349edd79764,1,1,0,X,In play- out(s),FS,13,2.0,3.66,1.49,81.7,75.2,53.64,-1.08,50.0,5.86,-0.84,1.54,-8.18,2.44,3.03,-118.6,-4.01,-11.66,22.42,-28.7,20.4,8.4,24.0,1456,261,,,,,,,0,1,0,bottom
2017-04-18,490302,3,445060,R,543807,R,22,Home Run,6,1,170419_010003,b59089e5-3263-4ef7-9fd6-32e3cd175f1c,0,1,1,F,Foul,SL,4,2.0,3.66,1.49,82.0,75.3,66.66,-1.36,50.0,5.89,-0.62,2.63,1.6,1.96,1.27,-119.1,-1.44,2.3,22.6,-29.36,4.8,8.4,24.0,2332,117,,,,,,,1,0,0,bottom
2017-04-18,490302,3,445060,R,543807,R,22,Home Run,6,2,170419_010027,a89d5962-dd15-4940-be14-1885642fdcc3,0,1,1,B,Ball,SL,14,2.0,3.83,1.95,81.9,75.2,16.37,-0.74,50.0,5.82,1.59,0.51,1.39,-0.85,5.03,-118.77,-5.29,1.97,24.29,-33.37,4.8,9.6,24.0,2386,40,,,,,,,1,0,0,bottom
2017-04-18,490302,3,445060,R,543807,R,22,Home Run,6,3,170419_010047,a1de9935-1c77-42d3-8228-a9c75173fa33,1,1,1,S,Swinging Strike,FT,6,2.0,3.66,1.49,92.1,84.6,39.48,-0.63,50.0,5.73,0.42,2.7,-10.43,3.45,6.37,-133.68,-3.14,-19.0,27.06,-25.89,33.6,7.2,24.0,1997,255,,,,,,,1,0,0,bottom
2017-04-18,490302,3,445060,R,543807,R,22,Home Run,6,4,170419_010108,b42931c2-abf1-46b8-9381-96c58789ecb3,1,2,1,B,Ball,SL,14,2.0,3.71,1.87,83.6,77.4,22.07,-0.56,50.0,5.8,2.39,0.75,1.85,-0.39,6.5,-121.22,-5.28,2.76,23.06,-32.75,6.0,9.6,24.0,2310,55,,,,,,,1,0,0,bottom
2017-04-18,490302,3,445060,R,543807,R,22,Home Run,6,5,170419_010135,84df9d2b-78d6-450f-adba-a56835b9eb07,2,2,1,B,Ball,SL,14,2.0,3.76,1.93,81.3,74.8,25.27,-0.91,50.0,5.77,0.37,0.86,0.87,-4.3,2.72,-118.09,-3.2,1.22,23.59,-38.22,2.4,10.8,24.0,2393,12,,,,,,,1,0,0,bottom
2017-04-18,490302,3,445060,R,543807,R,22,Home Run,6,6,170419_010155,94004695-09e4-4744-bb19-533edf07cc93,3,2,1,E,In play- run(s),FF,6,2.0,3.66,1.49,92.2,84.0,38.04,-0.77,50.0,5.8,0.58,2.53,-6.8,8.58,5.91,-133.66,-5.46,-12.29,29.06,-16.66,31.2,4.8,24.0,2121,220,,,,,,,1,0,0,bottom
2017-04-18,490302,3,445060,R,502210,L,23,Groundout,4,1,170419_010247,230f9eac-4324-442a-9cfc-8a716e26992e,0,1,1,C,Called Strike,KC,13,2.0,3.66,1.99,71.8,65.5,73.29,-1.16,50.0,6.34,-0.73,2.76,7.82,-9.22,-1.19,-104.08,3.0,8.45,19.94,-42.14,10.8,15.6,24.0,2461,37,,,,,,,0,1,-1,bottom
2017-04-18,490302,3,445060,R,502210,L,23,Groundout,4,2,170419_010259,6bbb52ea-33f5-4f81-afd0-191824716d42,0,2,1,F,Foul,FS,7,2.0,3.84,1.59,81.3,75.0,34.87,-1.11,50.0,5.9,-0.52,2.13,-6.6,-0.71,3.38,-118.11,-1.71,-9.35,21.67,-33.18,14.4,9.6,24.0,1442,285,,,,,,,0,1,-1,bottom
2017-04-18,490302,3,445060,R,502210,L,23,Groundout,4,3,170419_010320,e0201bb3-6443-483c-ae6f-2f831513461e,0,2,1,B,Ball,FS,13,2.0,3.58,1.92,81.5,75.8,18.36,-1.18,50.0,5.57,-0.37,0.12,-7.93,2.24,4.33,-118.34,-6.61,-11.36,20.52,-28.97,19.2,8.4,24.0,1331,264,,,,,,,0,1,-1,bottom
2017-04-18,490302,3,445060,R,502210,L,23,Groundout,4,4,170419_010339,4d42adc8-806d-4d98-80f0-eb25d4c84bce,1,2,1,X,In play- out(s),SL,7,2.0,3.84,1.59,79.4,73.6,41.67,-1.25,50.0,5.8,-0.68,2.19,3.79,-1.44,0.17,-115.44,-0.8,5.15,19.95,-34.13,8.4,10.8,24.0,2312,58,,,,,,,0,1,-1,bottom
2017-04-18,490302,3,445060,R,514888,R,24,Single,5,1,170419_010419,2296a1f3-2bb4-4134-bba2-6a04036fb867,0,1,2,C,Called Strike,SL,9,2.0,3.15,1.61,80.6,74.4,69.92,-1.1,50.0,5.91,0.42,1.87,1.36,-2.5,3.11,-117.09,-1.64,1.89,21.54,-35.66,3.6,10.8,24.0,2224,26,,,,514888,,,0,0,-1,bottom
2017-04-18,490302,3,445060,R,514888,R,24,Single,5,2,170419_010435,49c1c842-fc4d-4d01-806f-561560ef9222,0,1,2,B,Ball,FF,13,2.0,3.18,1.59,89.9,82.7,19.37,-1.05,50.0,5.83,-1.85,2.28,-4.03,5.87,-0.71,-130.63,-4.92,-7.0,26.14,-21.97,16.8,6.0,24.0,2087,221,,,,514888,,,0,0,-1,bottom
2017-04-18,490302,3,445060,R,514888,R,24,Single,5,3,170419_010452,460cfb43-6f8f-4588-a541-5e1ee4a540f9,1,1,2,B,Ball,FF,12,2.0,3.18,1.52,91.8,83.7,65.59,-0.72,50.0,5.9,1.02,3.2,-6.05,10.71,6.63,-133.13,-4.64,-10.86,28.39,-12.94,34.8,3.6,24.0,2198,209,,,,514888,,,0,0,-1,bottom
2017-04-18,490302,3,445060,R,514888,R,24,Single,5,4,170419_010508,c2d5a336-42bc-4e0c-99d4-d2a0d5c23b5b,2,2,2,C,Called Strike,SL,14,2.0,3.25,1.43,80.3,73.9,43.75,-0.95,50.0,5.83,0.34,1.14,1.43,-3.07,2.56,-116.62,-2.85,1.96,22.93,-36.38,3.6,10.8,24.0,2316,22,,,,514888,,,0,0,-1,bottom
2017-04-18,490302,3,445060,R,514888,R,24,Single,5,5,170419_010525,4c03dd69-5b08-4c43-a57a-f67e7b0ea021,2,2,2,D,In play- no out,SL,14,2.0,3.84,1.59,82.0,75.5,27.35,-0.8,50.0,5.92,1.41,1.74,0.4,-0.85,5.07,-118.99,-2.72,0.57,22.8,-33.39,2.4,9.6,24.0,2315,28,,,,514888,,,0,0,-1,bottom
2017-04-18,490302,3,445060,R,136860,L,25,Groundout,6,1,170419_010609,7a6f4c9f-2b57-4220-8238-3b1db3e73d50,1,0,2,*B,Ball In Dirt,KC,13,2.0,3.58,1.85,72.6,67.0,58.21,-1.26,50.0,6.01,-0.0,0.61,7.84,-8.24,0.51,-105.41,-1.22,8.72,19.79,-41.35,12.0,15.6,24.0,2476,39,514888,,,,,,0,1,-1,bottom
2017-04-18,490302,3,445060,R,136860,L,25,Groundout,6,2,170419_010635,a7ca18d8-cccd-47ae-872d-f1257e501210,1,1,2,C,Called Strike,FS,13,2.0,3.7,1.93,81.5,75.4,51.78,-1.29,50.0,5.79,-1.07,2.03,-7.46,0.71,2.81,-118.45,-2.16,-10.68,21.1,-31.16,18.0,9.6,24.0,1437,272,514888,,,,,,0,1,-1,bottom
2017-04-18,490302,3,445060,R,136860,L,25,Groundout,6,3,170419_010738,23ce75ab-63e8-4562-a2a0-a56e0ca8a255,1,1,2,S,Swinging Strike,FS,13,2.0,3.48,1.45,81.7,75.5,34.25,-1.05,50.0,5.68,-0.29,1.09,-6.69,2.03,3.82,-118.59,-4.53,-9.58,21.64,-29.26,16.8,8.4,24.0,1484,264,514888,,,,,,0,1,-1,bottom
2017-04-18,490302,3,445060,R,136860,L,25,Groundout,6,4,170419_010805,4beb4ce1-579b-47c8-bddd-c942b42b9a1b,1,2,2,X,In play- out(s),SL,8,2.0,3.48,1.45,81.0,74.7,32.34,-1.32,50.0,5.78,-0.15,1.46,1.52,-3.65,2.25,-117.63,-2.0,2.13,22.34,-37.29,3.6,10.8,24.0,2460,21,514888,,,,,,0,1,-1,bottom
2017-04-18,490302,4,445060,R,435263,L,30,Single,5,1,170419_012016,30fc94a3-aef3-40e2-b26c-2ad63c5c1fa7,0,0,0,B,Ball,FF,13,2.0,3.58,1.97,90.0,82.1,46.22,-1.09,50.0,5.85,-2.28,2.25,-5.65,9.29,-1.2,-130.51,-6.13,-9.72,27.89,-16.17,30.0,4.8,24.0,2166,216,,,,,,,0,1,-1,bottom
2017-04-18,490302,4,445060,R,435263,L,30,Single,5,2,170419_012030,3ffd3efe-4794-4380-8ed8-fa8faa84d858,1,0,0,B,Ball,FT,13,2.0,3.49,1.6,90.3,83.1,51.35,-1.04,50.0,5.63,-0.76,1.15,-8.95,5.83,3.74,-130.96,-7.38,-15.63,26.34,-22.0,32.4,6.0,24.0,2075,243,,,,,,,0,1,-1,bottom
2017-04-18,490302,4,445060,R,435263,L,30,Single,5,3,170419_012044,97558d03-a10a-4a77-b0df-b3f1af5a700f,2,1,0,F,Foul,FT,13,2.0,3.49,1.6,91.4,84.0,32.06,-1.0,50.0,5.55,-0.13,0.8,-10.94,4.92,6.0,-132.52,-7.99,-19.53,27.36,-23.39,36.0,7.2,24.0,2011,251,,,,,,,0,1,-1,bottom
2017-04-18,490302,4,445060,R,435263,L,30,Single,5,4,170419_012108,709ae5b9-64da-4dd7-9ba7-52cbb50de3cc,2,1,0,S,Swinging Strike,SL,14,2.0,3.49,1.6,82.2,75.4,55.22,-1.1,50.0,5.72,0.57,1.19,1.35,-2.7,3.53,-119.15,-2.97,1.93,23.93,-36.04,3.6,10.8,24.0,2479,24,,,,,,,0,1,-1,bottom
2017-04-18,490302,4,445060,R,435263,L,30,Single,5,5,170419_012130,5264c6e4-f33c-4f49-8255-b89bb47890a3,2,2,0,X,In play- out(s),FF,11,2.0,3.49,1.6,92.4,84.9,49.74,-0.87,50.0,5.83,-1.09,2.76,-4.78,7.08,1.07,-134.28,-4.56,-8.78,27.51,-19.17,22.8,4.8,24.0,2158,218,,,,,,,0,1,-1,bottom
2017-04-18,490302,4,445060,R,608324,R,31,Lineout,8,1,170419_012517,68ac1373-3b28-4376-8b39-f989e4d024a7,0,1,1,F,Foul,SL,9,2.0,3.75,1.53,81.0,74.2,60.55,-1.22,50.0,6.02,0.26,2.18,1.02,-0.79,3.13,-117.45,-1.71,1.42,22.95,-33.27,3.6,9.6,24.0,2304,38,,,,,,,0,1,-1,bottom
2017-04-18,490302,4,445060,R,608324,R,31,Lineout,8,2,170419_012538,e4b83610-09cc-4363-8652-7f1f5c5c1312,0,1,1,B,Ball,FF,13,2.0,3.53,1.88,90.4,83.3,61.32,-1.01,50.0,5.75,-1.1,1.95,-5.15,8.34,1.52,-131.24,-6.53,-9.07,25.38,-17.49,25.2,4.8,24.0,2111,215,,,,,,,0,1,-1,bottom
2017-04-18,490302,4,445060,R,608324,R,31,Lineout,8,3,170419_012555,c80f6fb9-ccc5-4e70-a4b5-3fff7e7f8c8f,1,2,1,C,Called Strike,FT,14,2.0,3.47,1.85,91.8,84.2,68.64,-0.69,50.0,5.77,1.09,1.94,-10.46,6.07,8.24,-133.03,-6.03,-18.84,27.09,-21.24,37.2,6.0,24.0,2105,243,,,,,,,0,1,-1,bottom
2017-04-18,490302,4,445060,R,608324,R,31,Lineout,8,4,170419_012617,5f225a20-563d-4699-8f99-e1281f29976f,1,2,1,F,Foul,KC,9,2.0,3.75,1.53,76.1,70.2,52.49,-1.01,50.0,6.14,0.29,1.6,7.61,-9.86,0.67,-110.52,0.29,9.35,21.02,-44.28,12.0,14.4,24.0,2696,35,,,,,,,0,1,-1,bottom
2017-04-18,490302,4,445060,R,608324,R,31,Lineout,8,5,170419_012639,d2730f84-479a-41f4-9910-a0251b5b2082,1,2,1,B,Ball,SL,14,2.0,3.38,1.82,81.8,75.5,17.16,-0.99,50.0,5.82,1.82,0.67,0.49,-1.67,6.44,-118.61,-4.68,0.7,22.85,-34.56,2.4,9.6,24.0,2134,23,,,,,,,0,1,-1,bottom
2017-04-18,490302,4,445060,R,608324,R,31,Lineout,8,6,170419_012701,7c55f483-09d4-4d68-abb8-68c3799075fb,2,2,1,B,Ball,SL,14,2.0,3.37,1.7,84.0,77.2,16.26,-0.8,50.0,5.72,1.68,0.58,1.03,-0.37,5.63,-121.75,-5.54,1.54,24.65,-32.73,4.8,9.6,24.0,2298,43,,,,,,,0,1,-1,bottom
2017-04-18,490302,4,445060,R,608324,R,31,Lineout,8,7,170419_012723,a2bc8a32-10f0-429c-bc83-97fe4ebaf80c,3,2,1,F,Foul,FT,9,2.0,3.75,1.53,91.8,84.0,43.36,-0.76,50.0,5.64,0.28,1.96,-10.69,3.75,6.37,-133.16,-4.86,-19.21,28.33,-25.43,33.6,7.2,24.0,1982,255,,,,,,,0,1,-1,bottom
2017-04-18,490302,4,445060,R,608324,R,31,Lineout,8,8,170419_012748,ad7b683e-e08d-4e89-8c91-2760f57ab9e5,3,2,1,X,In play- out(s),SL,8,2.0,3.75,1.53,82.3,75.5,37.7,-1.0,50.0,5.85,0.23,1.84,0.75,-1.81,2.67,-119.45,-2.07,1.08,23.59,-34.78,2.4,9.6,24.0,,20,,,,,,,0,1,-1,bottom
2017-04-18,490302,4,445060,R,503556,L,32,Groundout,7,1,170419_012832,ba83c292-4a32-45ff-a07c-f530377c123b,0,1,2,C,Called Strike,KC,13,2.0,3.9,2.07,73.5,67.1,81.5,-1.29,50.0,6.27,-0.47,2.0,9.64,-9.79,-0.89,-106.56,1.43,10.89,21.29,-43.23,14.4,15.6,24.0,2634,41,,,,,,,0,1,-1,bottom
2017-04-18,490302,4,445060,R,503556,L,32,Groundout,7,2,170419_012853,3bf9d2e3-7a8a-403b-bafc-e5a37b4ab14d,0,1,2,S,Swinging Strike,KC,13,2.0,3.75,1.53,74.3,67.8,47.09,-1.03,50.0,6.06,-0.03,1.39,9.08,-9.05,-0.38,-107.73,0.24,10.46,22.11,-42.6,13.2,15.6,24.0,2697,41,,,,,,,0,1,-1,bottom
2017-04-18,490302,4,445060,R,503556,L,32,Groundout,7,3,170419_012930,1426d5b5-a818-40c5-a2f5-ccaeb112a5c8,0,2,2,B,Ball,FS,13,2.0,3.8,2.03,83.0,76.5,26.77,-1.03,50.0,5.61,-0.54,0.46,-8.9,2.32,3.92,-120.42,-6.21,-13.09,23.08,-28.76,22.8,8.4,24.0,1363,265,,,,,,,0,1,-1,bottom
2017-04-18,490302,4,445060,R,503556,L,32,Groundout,7,4,170419_012953,7be51cf8-848d-4930-8619-0d6ed375c4a3,1,2,2,B,Ball,FS,14,2.0,3.8,1.98,81.6,75.6,19.73,-0.9,50.0,5.59,0.42,-0.58,-3.63,1.55,4.2,-118.29,-8.01,-5.16,21.99,-29.97,8.4,9.6,24.0,1266,274,,,,,,,0,1,-1,bottom
2017-04-18,490302,4,445060,R,503556,L,32,Groundout,7,5,170419_013023,948a81c7-c9c2-4153-8e8c-fbc40cc73fcb,2,2,2,F,Foul,SL,7,2.0,3.75,1.53,81.8,75.0,33.93,-1.02,50.0,5.89,-0.28,1.76,1.0,-5.25,1.43,-118.74,-1.18,1.42,24.1,-39.62,2.4,12.0,24.0,2347,10,,,,,,,0,1,-1,bottom
2017-04-18,490302,4,445060,R,503556,L,32,Groundout,7,6,170419_013047,e8c896e2-8756-4595-8132-7b592fcfab7a,2,2,2,B,Ball,FF,11,2.0,3.81,1.95,92.4,84.6,19.12,-0.98,50.0,5.84,-1.53,2.99,-4.09,7.01,-0.05,-134.24,-3.93,-7.47,28.41,-19.35,20.4,4.8,24.0,2104,214,,,,,,,0,1,-1,bottom
2017-04-18,490302,4,445060,R,503556,L,32,Groundout,7,7,170419_013121,0ea7d875-b412-4c90-ace7-a917732eb981,3,2,2,X,In play- out(s),FT,7,2.0,3.75,1.53,93.2,85.3,52.89,-1.02,50.0,5.64,-0.34,1.62,-7.28,6.49,4.34,-135.18,-6.96,-13.5,29.04,-20.14,30.0,6.0,24.0,2108,233,,,,,,,0,1,-1,bottom
2017-04-18,490302,5,445060,R,493329,R,40,Flyout,5,1,170419_015133,bace8153-8b34-4fef-abd0-2735f048eda0,0,1,0,C,Called Strike,SL,9,2.0,3.73,1.92,81.4,75.3,75.77,-1.05,50.0,5.92,0.53,2.12,0.89,-0.41,3.42,-118.26,-1.91,1.26,21.27,-32.76,3.6,9.6,24.0,2431,42,,,,,,,0,1,3,bottom
2017-04-18,490302,5,445060,R,493329,R,40,Flyout,5,2,170419_015145,1612ba1a-3f53-452b-b75d-c1b1a9a31598,0,1,0,B,Ball,FF,13,2.0,3.75,1.98,90.2,82.4,27.87,-1.02,50.0,5.85,-1.67,2.31,-6.25,9.51,0.41,-130.89,-6.1,-10.84,27.63,-15.67,32.4,4.8,24.0,2228,217,,,,,,,0,1,3,bottom
2017-04-18,490302,5,445060,R,493329,R,40,Flyout,5,3,170419_015158,35e55b6d-13fa-4353-9560-5eeb7f1b079d,1,1,0,B,Ball,SL,14,2.0,3.71,1.98,82.7,76.2,16.65,-0.82,50.0,5.78,1.79,1.28,1.04,-1.62,5.87,-119.93,-3.36,1.52,23.16,-34.54,3.6,9.6,24.0,2460,32,,,,,,,0,1,3,bottom
2017-04-18,490302,5,445060,R,493329,R,40,Flyout,5,4,170419_015212,2707a6bd-2cc7-440a-89c4-362ca202fe3c,2,1,0,S,Swinging Strike,SL,14,2.0,3.75,1.53,82.3,76.6,16.29,-0.96,50.0,5.8,1.4,0.9,0.45,-1.15,5.45,-119.43,-4.43,0.66,20.96,-33.85,2.4,9.6,24.0,2495,24,,,,,,,0,1,3,bottom
2017-04-18,490302,5,445060,R,493329,R,40,Flyout,5,5,170419_015228,2617122f-f963-4e7c-9bf9-9036618e5280,2,2,0,X,In play- out(s),FF,5,2.0,3.75,1.53,90.9,82.9,25.13,-0.6,50.0,5.85,-0.16,2.5,-7.5,9.83,3.68,-131.95,-5.87,-13.22,28.3,-14.86,37.2,4.8,24.0,2159,219,,,,,,,0,1,3,bottom
2017-04-18,490302,5,445060,R,493114,L,41,Single,2,1,170419_015304,88485475-a0d3-4633-be94-a681af93445f,0,1,1,F,Foul,FT,4,2.0,3.66,1.49,92.0,84.1,47.57,-0.84,50.0,5.8,-0.51,2.69,-7.67,8.1,3.5,-133.59,-4.88,-13.86,28.61,-17.52,34.8,4.8,24.0,2091,226,,,,493114,,,0,0,3,bottom
2017-04-18,490302,5,445060,R,493114,L,41,Single,2,2,170419_015322,e44a67dc-3b8d-4bde-84a2-c060c74133c8,0,1,1,D,In play- no out,KC,9,2.0,3.66,1.49,74.6,68.0,47.68,-1.09,50.0,6.14,0.3,1.88,8.96,-6.82,0.49,-108.14,0.45,10.42,21.89,-40.11,14.4,14.4,24.0,2616,49,,,,493114,,,0,0,3,bottom
2017-04-18,490302,5,445060,R,543807,R,42,Single,9,1,170419_015407,e76d3b43-0512-439d-8e5d-725cff71ca55,0,1,1,F,Foul,SL,6,2.0,3.66,1.49,81.9,75.3,67.53,-0.96,50.0,5.87,0.55,2.3,0.55,-0.16,3.37,-118.87,-1.49,0.79,22.35,-32.4,2.4,9.6,24.0,2367,40,493114,,,543807,493114,,0,0,3,bottom
2017-04-18,490302,5,445060,R,543807,R,42,Single,9,2,170419_015449,3692aac2-a122-46d0-a7d9-1dc7b859af2e,0,1,1,B,Ball,SL,13,2.0,3.71,1.9,81.4,75.2,23.39,-1.21,50.0,5.69,-0.31,1.24,0.42,-4.31,1.96,-118.24,-2.19,0.6,22.26,-38.28,1.2,10.8,24.0,2313,7,493114,,,543807,493114,,0,0,3,bottom
2017-04-18,490302,5,445060,R,543807,R,42,Single,9,3,170419_015515,54c1c1d0-638e-4c24-839f-d42e1a855f47,1,2,1,C,Called Strike,SL,14,2.0,3.79,1.72,82.0,75.2,42.79,-1.03,50.0,5.79,0.32,1.45,2.36,-2.66,2.44,-119.06,-2.49,3.36,24.25,-35.96,6.0,10.8,24.0,2412,34,493114,,,543807,493114,,0,0,3,bottom
2017-04-18,490302,5,445060,R,543807,R,42,Single,9,4,170419_015604,e9714cbe-203c-44b2-baae-59a7e5bd5890,1,2,1,B,Ball,SL,14,2.0,3.63,1.89,82.5,75.7,16.41,-0.78,50.0,5.67,1.82,0.65,1.77,-0.48,5.57,-119.53,-4.85,2.55,24.13,-32.87,6.0,9.6,24.0,2461,51,493114,,,543807,493114,,0,0,3,bottom
2017-04-18,490302,5,445060,R,543807,R,42,Single,9,5,170419_015643,e03308aa-2653-4a8f-bc4e-b36d7fe314b8,2,2,1,B,Ball,SL,14,2.0,3.63,1.82,81.9,75.2,42.18,-0.85,50.0,5.69,0.88,0.63,0.41,0.57,3.94,-118.69,-5.14,0.59,23.58,-31.36,2.4,9.6,24.0,,44,493114,,,543807,493114,,0,0,3,bottom
2017-04-18,490302,5,445060,R,543807,R,42,Single,9,6,170419_015710,551c021b-4888-4efa-b2cb-bfa10784fcbb,3,2,1,D,In play- no out,SL,14,2.0,3.66,1.49,83.6,76.5,39.08,-1.13,50.0,5.77,0.23,1.19,0.79,0.12,3.0,-121.25,-4.22,1.18,25.09,-31.99,2.4,9.6,24.0,2286,43,493114,,,543807,493114,,0,0,3,bottom
2017-04-18,490302,5,445060,R,502210,L,43,Grounded Into DP,4,1,170419_015814,e806fcd8-719e-45f6-98d8-d929296ddfd3,0,0,1,B,Ball,FS,13,2.0,3.68,1.9,82.6,76.1,89.68,-1.19,50.0,5.78,-1.13,0.82,-8.42,0.91,2.75,-119.93,-5.23,-12.27,23.22,-30.85,20.4,9.6,24.0,1461,274,543807,493114,,,,,0,2,3,bottom
2017-04-18,490302,5,445060,R,502210,L,43,Grounded Into DP,4,2,170419_015835,c0e7c50f-58f5-4768-9769-a55973b2761c,1,1,1,C,Called Strike,FT,13,2.0,3.49,1.79,92.1,83.8,67.8,-1.24,50.0,5.66,-1.13,1.87,-10.84,4.43,4.0,-133.49,-5.37,-19.44,30.4,-24.24,36.0,7.2,24.0,2063,253,543807,493114,,,,,0,2,3,bottom
2017-04-18,490302,5,445060,R,502210,L,43,Grounded Into DP,4,3,170419_015857,50305762-e821-4e83-a548-a758fe797b99,1,1,1,S,Swinging Strike,KC,14,2.0,3.87,1.6,74.7,68.4,51.95,-1.16,50.0,6.02,0.75,1.05,8.54,-7.31,1.7,-108.48,-0.98,9.99,22.24,-40.72,14.4,14.4,24.0,2607,45,543807,493114,,,,,0,2,3,bottom
2017-04-18,490302,5,445060,R,502210,L,43,Grounded Into DP,4,4,170419_015918,0eec7f10-9923-406f-80be-87b3127e6467,1,2,1,X,In play- out(s),KC,13,2.0,3.87,1.6,74.8,68.1,58.48,-1.08,50.0,5.98,-0.38,1.29,8.85,-10.62,-0.96,-108.43,0.54,10.32,22.66,-44.55,13.2,15.6,24.0,2758,36,543807,493114,,,,,0,2,3,bottom
2017-04-18,490302,6,445060,R,514888,R,49,Strikeout,5,1,170419_021352,22a58987-f65d-4e6a-96db-170ef8720c1a,0,1,0,F,Foul,FT,9,2.0,3.48,1.45,91.1,82.9,56.24,-0.72,50.0,5.74,0.39,1.59,-12.17,6.48,6.99,-131.87,-6.76,-21.34,29.08,-20.82,42.0,7.2,24.0,2149,246,,,,,,,0,1,3,bottom
2017-04-18,490302,6,445060,R,514888,R,49,Strikeout,5,2,170419_021412,3c8fd88b-3f3d-4c44-bf45-ff0c634210d7,0,1,0,B,Ball,KC,11,2.0,2.76,1.43,73.9,67.7,60.45,-1.17,50.0,6.33,-0.47,2.84,9.01,-9.13,-0.98,-107.13,2.78,10.38,19.91,-42.7,13.2,15.6,24.0,2480,42,,,,,,,0,1,3,bottom
2017-04-18,490302,6,445060,R,514888,R,49,Strikeout,5,3,170419_021430,5ce945bd-3e08-4076-938b-78734e2946e9,1,1,0,B,Ball,KC,14,2.0,3.25,1.43,73.6,67.6,70.93,-0.9,50.0,6.08,0.76,1.04,8.93,-7.08,1.07,-106.8,-0.96,10.16,20.89,-40.24,14.4,14.4,24.0,2536,47,,,,,,,0,1,3,bottom
2017-04-18,490302,6,445060,R,514888,R,49,Strikeout,5,4,170419_021458,280243af-0059-4148-8c38-b8f083aa3cc7,2,2,0,C,Called Strike,FT,12,2.0,3.21,1.51,91.6,83.3,57.65,-0.48,50.0,5.81,1.12,2.62,-11.42,6.15,8.09,-132.69,-4.3,-20.3,29.06,-21.24,39.6,7.2,24.0,2042,244,,,,,,,0,1,3,bottom
2017-04-18,490302,6,445060,R,514888,R,49,Strikeout,5,5,170419_021518,612e0621-0a56-4b05-95b8-69eb108edca9,2,3,0,C,Called Strike,SL,8,2.0,3.18,1.53,81.7,75.9,27.46,-1.12,50.0,5.89,-0.07,1.98,1.81,-2.54,1.91,-118.84,-1.62,2.61,20.74,-35.83,4.8,9.6,24.0,2467,30,,,,,,,0,1,3,bottom
2017-04-18,490302,6,445060,R,136860,L,50,Single,1,1,170419_021548,3bf4c523-fa57-4f2a-ab04-910f89d2cca0,0,0,1,D,In play- no out,FT,13,2.0,3.48,1.45,92.0,84.2,67.11,-1.03,50.0,5.63,-0.83,1.85,-12.12,3.83,4.68,-133.61,-5.18,-21.87,29.24,-25.27,38.4,7.2,24.0,2080,257,,,,136860,,,0,0,3,bottom
2017-04-18,490302,6,445060,R,435263,L,51,Pop Out,6,1,170419_021638,e081e6d5-7480-472e-a643-16fea9a2cdb2,0,0,1,B,Ball,KC,13,2.0,3.51,1.76,73.1,66.8,95.08,-1.18,50.0,6.08,-1.0,1.67,10.09,-10.37,-2.34,-105.99,1.36,11.3,20.77,-43.78,14.4,16.8,24.0,2660,40,136860,,,136860,,,0,1,3,bottom
2017-04-18,490302,6,445060,R,435263,L,51,Pop Out,6,2,170419_021709,b762b5be-cc59-4d94-bca3-b7e3b2990079,1,1,1,C,Called Strike,FT,13,2.0,3.59,1.88,91.4,83.5,67.52,-1.29,50.0,5.65,-0.75,1.84,-11.41,4.69,5.27,-132.6,-5.42,-20.27,28.92,-23.85,37.2,7.2,24.0,2017,253,136860,,,136860,,,0,1,3,bottom
2017-04-18,490302,6,445060,R,435263,L,51,Pop Out,6,3,170419_021734,ebb10a66-226d-45cf-b37b-6fbbd04d0750,2,1,1,*B,Ball In Dirt,FS,13,2.0,3.55,1.85,83.3,77.1,20.19,-1.06,50.0,5.58,-0.35,0.7,-6.54,2.94,3.72,-121.01,-5.9,-9.75,22.33,-27.79,18.0,8.4,24.0,1561,256,136860,,,136860,,,0,1,3,bottom
2017-04-18,490302,6,445060,R,435263,L,51,Pop Out,6,4,170419_021800,a2ec86df-796a-4a82-9886-a04badbb2aae,2,1,1,S,Swinging Strike,SL,9,2.0,3.79,1.56,82.4,75.0,38.47,-1.22,50.0,5.65,0.37,1.68,1.05,-2.32,3.42,-119.49,-1.77,1.51,25.42,-35.49,3.6,10.8,24.0,2274,23,136860,,,136860,,,0,1,3,bottom
2017-04-18,490302,6,445060,R,435263,L,51,Pop Out,6,5,170419_021822,51716bff-afaf-4599-9622-8684d1c9ee77,3,2,1,*B,Ball In Dirt,SL,14,2.0,3.62,1.91,83.1,75.8,41.93,-1.19,50.0,5.73,0.94,0.94,1.55,0.58,4.58,-120.35,-4.73,2.25,25.64,-31.33,6.0,9.6,24.0,2463,65,136860,,,136860,,,0,1,3,bottom
2017-04-18,490302,6,445060,R,435263,L,51,Pop Out,6,6,170419_021852,f4371c4e-8101-4158-b0d0-cdfbc8d66c3f,3,2,1,X,In play- out(s),SL,13,2.0,3.79,1.56,82.0,75.9,55.3,-1.33,50.0,5.63,-0.99,1.82,-0.76,-3.22,1.03,-119.17,-1.17,-1.1,21.58,-36.83,1.2,10.8,24.0,2283,351,136860,,,136860,,,0,1,3,bottom
2017-04-18,490302,6,445060,R,608324,R,52,Groundout,5,1,170419_021937,fc8fc40c-b3da-4f7d-b421-9ade6081b651,0,1,2,W,Swinging Strike (Blocked),SL,14,2.0,3.87,1.6,84.2,76.6,71.97,-1.06,50.0,5.65,1.29,0.55,0.92,0.26,5.33,-121.96,-5.58,1.37,27.15,-31.79,3.6,9.6,24.0,2409,49,136860,,,,,,0,1,3,bottom
2017-04-18,490302,6,445060,R,608324,R,52,Groundout,5,2,170419_022001,0585e2b4-9345-428a-9ed8-4a08cd642421,0,1,2,B,Ball,FT,12,2.0,3.44,1.73,93.0,84.2,49.54,-0.72,50.0,5.71,0.24,3.5,-11.27,6.69,6.45,-134.8,-2.1,-20.61,31.06,-19.94,43.2,6.0,24.0,2196,241,136860,,,,,,0,1,3,bottom
2017-04-18,490302,6,445060,R,608324,R,52,Groundout,5,3,170419_022022,79cbc07f-78e7-4845-9501-f3dd6f81b51d,2,1,2,*B,Ball In Dirt,SL,14,2.0,3.48,1.72,83.6,76.6,46.71,-1.04,50.0,5.65,0.91,0.42,-0.12,0.47,4.67,-121.13,-5.86,-0.17,24.99,-31.48,1.2,8.4,24.0,2344,24,136860,,,,,,0,1,3,bottom
2017-04-18,490302,6,445060,R,608324,R,52,Groundout,5,4,170419_022104,12fddcaa-11b1-4cf0-bce5-c3a043aa818b,2,1,2,B,Ball,SL,14,2.0,3.57,1.9,84.7,76.6,31.47,-1.07,50.0,5.72,1.3,1.61,0.66,-0.87,5.49,-122.62,-2.9,0.98,28.22,-33.47,3.6,9.6,24.0,2371,33,136860,,,,,,0,1,3,bottom
2017-04-18,490302,6,445060,R,608324,R,52,Groundout,5,5,170419_022139,26052406-f20e-456c-8618-7aca28ebf460,3,1,2,X,In play- out(s),FT,14,2.0,3.87,1.6,93.6,85.2,49.34,-0.8,50.0,5.55,0.22,1.53,-12.32,3.57,7.01,-135.57,-5.95,-22.81,30.97,-25.57,38.4,7.2,24.0,2105,259,136860,,,,,,0,1,3,bottom
2017-04-27,490425,1,445060,R,543094,L,0,Groundout,7,1,170428_020755,88a041fb-71fc-47f4-a87d-662bd717b79d,0,0,0,B,Ball,FT,14,2.0,3.69,1.79,90.6,83.3,68.37,-0.87,50.0,5.87,0.81,2.05,-8.83,6.35,7.36,-131.36,-5.89,-15.54,26.07,-21.0,32.4,6.0,24.0,2077,237,,,,,,,0,1,0,top
2017-04-27,490425,1,445060,R,543094,L,0,Groundout,7,2,170428_020809,b79f375e-2fe6-49cb-b738-6cc15b5eeeb7,1,0,0,B,Ball,FT,13,2.0,3.66,1.71,89.2,82.4,56.32,-0.93,50.0,5.73,-1.06,0.49,-8.79,5.2,2.6,-129.37,-8.85,-14.99,25.38,-23.3,30.0,7.2,24.0,1960,247,,,,,,,0,1,0,top
2017-04-27,490425,1,445060,R,543094,L,0,Groundout,7,3,170428_020827,359b8d52-7bea-48db-9a88-2a2496446735,2,1,0,C,Called Strike,FF,5,2.0,3.71,1.73,90.8,83.2,32.86,-0.95,50.0,5.85,-0.17,2.39,-5.14,9.16,3.76,-131.76,-5.92,-9.08,26.99,-16.0,26.4,4.8,24.0,2170,211,,,,,,,0,1,0,top
2017-04-27,490425,1,445060,R,543094,L,0,Groundout,7,4,170428_020841,87bf6345-63b4-4370-8435-1ece01b89fb9,2,1,0,B,Ball,FT,13,2.0,3.69,1.61,90.4,83.4,59.6,-0.97,50.0,5.86,-1.23,2.25,-8.59,2.57,2.22,-131.3,-4.07,-15.11,25.96,-27.66,27.6,7.2,24.0,1967,259,,,,,,,0,1,0,top
2017-04-27,490425,1,445060,R,543094,L,0,Groundout,7,5,170428_020855,d50e9b14-3261-4bea-8de7-dc8f60b6ff7d,3,2,0,F,Foul,FT,4,2.0,3.66,1.49,90.6,83.4,50.02,-0.77,50.0,5.89,-0.59,2.72,-8.54,4.35,3.35,-131.61,-3.57,-15.08,26.26,-24.5,30.0,7.2,24.0,2056,247,,,,,,,0,1,0,top
2017-04-27,490425,1,445060,R,543094,L,0,Groundout,7,6,170428_020927,e24fbf89-5437-46bb-a4e6-4580bc6a1cb6,3,2,0,F,Foul,FF,1,2.0,3.66,1.49,92.0,84.3,50.37,-0.88,50.0,6.01,-0.67,2.95,-5.05,6.58,2.29,-133.59,-4.24,-9.16,27.89,-20.25,22.8,4.8,24.0,1968,221,,,,,,,0,1,0,top
2017-04-27,490425,1,445060,R,543094,L,0,Groundout,7,7,170428_020957,27dca1c4-4be9-4f61-a060-4f7a1fd1d501,3,2,0,X,In play- out(s),FT,11,2.0,3.66,1.49,90.7,83.6,52.64,-0.96,50.0,5.78,-0.77,2.64,-8.29,3.91,3.31,-131.74,-3.37,-14.71,25.52,-25.23,28.8,7.2,24.0,1945,249,,,,,,,0,1,0,top
2017-04-27,490425,1,445060,R,459964,L,1,Groundout,6,1,170428_021044,5f5915ed-6e1a-4025-9a8a-ae66b34d852b,0,1,1,C,Called Strike,FS,3,2.0,3.61,1.81,81.1,74.7,80.56,-0.92,50.0,6.03,0.4,3.03,-3.89,2.64,4.25,-117.75,-0.88,-5.5,21.09,-28.45,9.6,8.4,24.0,1348,243,,,,,,,0,1,0,top
2017-04-27,490425,1,445060,R,459964,L,1,Groundout,6,2,170428_021057,95a3b197-92ce-4b77-9b9f-6dd408675201,0,1,1,B,Ball,KC,11,2.0,3.66,1.81,72.0,65.7,42.19,-1.2,50.0,6.44,-1.6,3.6,9.07,-8.86,-3.23,-104.23,4.39,9.89,18.92,-41.84,13.2,15.6,24.0,2621,42,,,,,,,0,1,0,top
2017-04-27,490425,1,445060,R,459964,L,1,Groundout,6,3,170428_021112,b8cd958c-9fbf-4a8f-bcb9-f7b2c7abf31f,1,2,1,C,Called Strike,KC,6,2.0,3.66,1.8,72.3,66.3,40.99,-1.04,50.0,6.36,0.32,2.53,9.33,-8.24,0.32,-104.89,2.11,10.28,19.59,-41.25,14.4,15.6,24.0,2633,46,,,,,,,0,1,0,top
2017-04-27,490425,1,445060,R,459964,L,1,Groundout,6,4,170428_021129,c8508d11-12d5-4816-bd03-acc0a6a01b1a,1,2,1,F,Foul,SL,8,2.0,3.66,1.49,79.4,73.4,24.9,-1.16,50.0,5.88,-0.08,2.02,4.28,-2.96,1.19,-115.27,-0.84,5.78,20.62,-36.18,9.6,10.8,24.0,2485,49,,,,,,,0,1,0,top
2017-04-27,490425,1,445060,R,459964,L,1,Groundout,6,5,170428_021159,1ccef5cb-53d1-4505-a81a-dace7c31eaa9,1,2,1,F,Foul,FF,12,2.0,3.66,1.49,90.7,83.0,53.09,-0.73,50.0,6.08,0.75,3.21,-2.65,8.89,4.74,-131.71,-4.31,-4.67,27.46,-16.53,12.0,3.6,24.0,2012,195,,,,,,,0,1,0,top
2017-04-27,490425,1,445060,R,459964,L,1,Groundout,6,6,170428_021223,24948b77-2db7-4570-9e96-0e37601f2f71,1,2,1,X,In play- out(s),KC,4,2.0,3.66,1.49,73.6,66.5,39.18,-1.07,50.0,6.28,-0.34,2.51,9.24,-8.57,-0.98,-106.47,2.19,10.36,22.27,-41.78,13.2,15.6,24.0,2586,44,,,,,,,0,1,0,top
2017-04-27,490425,1,445060,R,476704,L,2,Flyout,1,1,170428_021308,83e4016c-86a0-48cc-bd15-043f81ccfe56,0,0,2,X,In play- out(s),FT,2,2.0,3.75,1.54,90.7,83.1,37.43,-0.73,50.0,5.95,-0.09,3.03,-6.51,6.51,3.87,-131.66,-3.61,-11.48,27.02,-20.71,26.4,6.0,24.0,2161,228,,,,,,,0,1,0,top
2017-04-27,490425,2,445060,R,501981,R,9,Flyout,3,1,170428_022858,8c332d65-1366-4f7e-a105-e63413491203,0,0,0,B,Ball,FF,14,2.0,4.0,2.15,90.4,82.0,64.29,-0.34,50.0,6.06,1.28,3.01,-6.29,10.8,6.28,-130.88,-5.27,-10.87,28.65,-13.51,33.6,3.6,24.0,2136,210,,,,,,,0,1,2,top
2017-04-27,490425,2,445060,R,501981,R,9,Flyout,3,2,170428_022913,e861ad80-6d53-41c8-996b-124a8fdeb494,1,0,0,S,Swinging Strike,FF,6,2.0,3.68,1.51,90.1,82.2,31.46,-0.64,50.0,5.98,0.3,2.69,-5.24,9.93,4.18,-130.6,-5.57,-9.05,27.42,-15.02,26.4,4.8,24.0,2122,209,,,,,,,0,1,2,top
2017-04-27,490425,2,445060,R,501981,R,9,Flyout,3,3,170428_022931,ec54eab7-6ed9-489a-ac1f-46180b2a7896,1,1,0,X,In play- out(s),FT,11,2.0,3.68,1.51,90.9,83.2,56.01,-1.09,50.0,5.88,-0.78,2.84,-10.55,6.48,4.39,-131.87,-3.95,-18.63,27.14,-20.73,39.6,6.0,24.0,2118,241,,,,,,,0,1,2,top
2017-04-27,490425,2,445060,R,475174,L,10,Groundout,7,1,170428_023017,d266b10f-c2b1-47a8-a92b-8976b599e07a,0,0,1,B,Ball,FF,12,2.0,3.68,1.66,90.4,83.0,54.14,-0.75,50.0,6.08,0.54,4.24,-4.83,9.17,5.0,-131.26,-1.68,-8.5,25.49,-16.03,25.2,3.6,24.0,2158,207,,,,,,,0,1,2,top
2017-04-27,490425,2,445060,R,475174,L,10,Groundout,7,2,170428_023030,8d34a2e0-b3e7-4df2-9c14-27ae7b1c54f2,1,1,1,F,Foul,FS,7,2.0,3.79,1.57,80.9,75.3,47.45,-1.02,50.0,5.87,-0.64,1.8,-6.65,2.82,2.91,-117.48,-3.47,-9.44,19.0,-28.17,18.0,8.4,24.0,1474,254,,,,,,,0,1,2,top
2017-04-27,490425,2,445060,R,475174,L,10,Groundout,7,3,170428_023053,bd8cec62-fefb-4a15-8780-dcd7804ca11d,1,1,1,B,Ball,FT,11,2.0,3.78,1.65,91.1,83.9,56.23,-1.0,50.0,5.86,-1.27,2.99,-9.16,4.27,2.42,-132.36,-2.85,-16.39,26.01,-24.53,32.4,7.2,24.0,2065,249,,,,,,,0,1,2,top
2017-04-27,490425,2,445060,R,475174,L,10,Groundout,7,4,170428_023109,89b02300-89f5-4efd-89ce-9bd6bc605fb8,2,1,1,B,Ball,FS,14,2.0,3.67,1.7,82.8,76.6,11.44,-0.74,50.0,5.77,1.61,0.92,-5.18,5.83,7.19,-119.96,-6.55,-7.61,21.31,-23.61,14.4,7.2,24.0,1429,225,,,,,,,0,1,2,top
2017-04-27,490425,2,445060,R,475174,L,10,Groundout,7,5,170428_023130,54c6f070-5939-4312-b11c-77b5ead45d14,3,1,1,S,Swinging Strike,FF,5,2.0,3.79,1.57,91.1,83.4,24.61,-0.69,50.0,5.88,-0.07,2.96,-5.61,8.5,3.53,-132.25,-4.37,-9.96,27.35,-17.07,27.6,4.8,24.0,2197,215,,,,,,,0,1,2,top
2017-04-27,490425,2,445060,R,475174,L,10,Groundout,7,6,170428_023149,a7685aaa-003e-4d3a-9048-d81be4c2e75a,3,2,1,F,Foul,FT,1,2.0,3.79,1.57,92.0,84.1,54.35,-0.82,50.0,5.91,-0.6,3.24,-9.9,4.8,3.99,-133.56,-2.59,-17.89,28.61,-23.5,34.8,7.2,24.0,2082,247,,,,,,,0,1,2,top
2017-04-27,490425,2,445060,R,475174,L,10,Groundout,7,7,170428_023210,476698eb-f006-4469-85bb-c3c7fb930018,3,2,1,X,In play- out(s),SL,8,2.0,3.79,1.57,80.2,74.0,28.19,-1.04,50.0,5.85,0.09,2.19,2.81,-4.36,1.76,-116.46,-0.12,3.87,21.25,-38.17,6.0,10.8,24.0,1173,30,,,,,,,0,1,2,top
2017-04-27,490425,2,445060,R,592387,R,11,Single,1,1,170428_023251,e786be23-141c-4b32-abd8-0209fcb4c8b9,0,0,2,D,In play- no out,SL,8,2.0,3.95,1.68,81.3,75.1,59.48,-1.04,50.0,5.9,-0.19,2.28,2.24,-3.26,1.3,-118.06,-0.58,3.18,21.47,-36.79,4.8,10.8,24.0,2394,30,,,,592387,,,0,0,2,top
2017-04-27,490425,2,445060,R,461858,R,12,Strikeout,6,1,170428_023333,44ab8ac7-5e04-4d1c-b02e-49d10c3e2e56,0,1,2,C,Called Strike,SL,6,2.0,3.56,1.77,81.1,74.4,68.33,-1.08,50.0,6.03,0.64,2.75,2.04,-1.66,3.4,-117.66,-0.18,2.86,22.6,-34.5,6.0,9.6,24.0,2461,44,592387,,,,,,0,1,2,top
2017-04-27,490425,2,445060,R,461858,R,12,Strikeout,6,2,170428_023352,d915d671-b552-40d1-87f6-a357c71c2d1c,0,1,2,B,Ball,SL,14,2.0,3.5,1.75,81.5,75.1,16.82,-0.75,50.0,5.74,1.79,0.71,3.13,-2.32,4.97,-118.23,-4.11,4.41,23.24,-35.44,8.4,10.8,24.0,2489,46,592387,,,,,,0,1,2,top
2017-04-27,490425,2,445060,R,461858,R,12,Strikeout,6,3,170428_023417,dc19dd09-7bf2-4c80-9daf-c330d284bffd,1,1,2,B,Ball,FT,14,2.0,3.53,1.87,91.1,82.9,36.41,-0.68,50.0,5.62,0.39,1.29,-10.25,6.66,6.22,-131.96,-7.31,-17.96,29.54,-20.5,37.2,6.0,24.0,2012,242,592387,,,,,,0,1,2,top
2017-04-27,490425,2,445060,R,461858,R,12,Strikeout,6,4,170428_023439,1a1270b1-97a2-4636-9b5f-2942cafc96d0,2,2,2,C,Called Strike,SL,14,2.0,3.46,1.73,80.9,74.4,63.59,-0.92,50.0,5.85,0.92,1.74,3.35,-0.55,3.25,-117.4,-2.43,4.67,22.41,-32.93,8.4,9.6,24.0,2359,65,592387,,,,,,0,1,2,top
2017-04-27,490425,2,445060,R,461858,R,12,Strikeout,6,5,170428_023507,e3504174-286b-4c9f-9b84-0c58756d4aa7,2,2,2,F,Foul,FF,3,2.0,3.84,1.59,92.8,84.6,32.35,-0.59,50.0,5.87,0.25,3.14,-4.89,8.59,3.92,-134.68,-4.17,-8.99,29.2,-16.39,25.2,4.8,24.0,2256,210,592387,,,,,,0,1,2,top
2017-04-27,490425,2,445060,R,461858,R,12,Strikeout,6,6,170428_023535,5bf2a6bd-32e0-4d74-beff-9da74824d59f,2,2,2,S,Swinging Strike,FF,12,2.0,3.84,1.59,94.0,85.3,56.61,-0.72,50.0,6.08,0.78,3.38,-3.79,10.45,5.37,-136.25,-4.91,-7.1,30.92,-12.6,22.8,3.6,24.0,2183,198,592387,,,,,,0,1,2,top
2017-04-27,490425,3,445060,R,572033,R,16,Groundout,4,1,170428_024514,694c10be-0c8b-4f60-8045-47b8be8da4a5,0,1,0,C,Called Strike,FF,5,2.0,3.57,1.73,89.8,83.1,38.37,-0.7,50.0,6.01,0.07,2.63,-5.51,9.3,3.86,-130.38,-5.68,-9.63,23.39,-15.91,27.6,4.8,24.0,2181,212,,,,,,,0,1,2,top
2017-04-27,490425,3,445060,R,572033,R,16,Groundout,4,2,170428_024528,7d463495-391a-4822-8df6-da404f78afa2,0,1,0,B,Ball,KC,11,2.0,3.68,1.72,72.9,66.9,57.8,-1.06,50.0,6.32,-0.86,2.82,8.79,-8.41,-1.95,-105.59,2.71,9.87,18.93,-41.62,13.2,15.6,24.0,2684,43,,,,,,,0,1,2,top
2017-04-27,490425,3,445060,R,572033,R,16,Groundout,4,3,170428_024545,135a29f3-948c-4596-9e24-20bc5da0b9d6,1,1,0,B,Ball,KC,14,2.0,3.57,1.63,74.4,68.7,45.55,-0.86,50.0,6.18,1.63,1.36,9.58,-6.64,2.65,-108.05,-0.86,11.24,20.17,-39.97,15.6,14.4,24.0,2696,52,,,,,,,0,1,2,top
2017-04-27,490425,3,445060,R,572033,R,16,Groundout,4,4,170428_024560,ae96f4d6-e44a-4db0-a042-0bc0b1f69946,2,1,0,X,In play- out(s),SL,4,2.0,3.68,1.51,80.8,75.2,30.02,-1.17,50.0,5.94,-0.46,2.66,1.28,-2.17,1.26,-117.48,-0.11,1.81,19.38,-35.25,3.6,9.6,24.0,2384,26,,,,,,,0,1,2,top
2017-04-27,490425,3,445060,R,489267,R,17,Strikeout,7,1,170428_024650,5311991e-0aa8-4b5e-b0d8-1ed1f48e7e88,0,1,1,C,Called Strike,SL,13,2.0,3.81,1.98,79.9,74.6,85.19,-1.09,50.0,5.96,-0.64,1.9,3.18,-3.0,0.08,-116.13,-1.46,4.4,18.83,-36.34,7.2,10.8,24.0,2473,39,,,,,,,0,1,2,top
2017-04-27,490425,3,445060,R,489267,R,17,Strikeout,7,2,170428_024705,edf7bdaa-05e6-4661-942b-1198a66b4c2a,0,1,1,B,Ball,FF,11,2.0,3.73,1.91,90.7,83.4,31.22,-1.06,50.0,6.06,-1.69,3.57,-5.21,7.95,0.13,-131.73,-3.05,-9.24,25.59,-18.07,26.4,4.8,24.0,2132,216,,,,,,,0,1,2,top
2017-04-27,490425,3,445060,R,489267,R,17,Strikeout,7,3,170428_024727,5729bcfb-05d1-4cd8-933e-e168e99dd25f,1,1,1,B,Ball,FF,12,2.0,3.75,1.86,92.3,84.6,50.16,-0.45,50.0,6.01,1.27,2.98,-5.93,9.9,6.62,-133.79,-5.37,-10.83,27.08,-14.12,32.4,3.6,24.0,2220,211,,,,,,,0,1,2,top
2017-04-27,490425,3,445060,R,489267,R,17,Strikeout,7,4,170428_024742,eefdeb7b-7204-4014-a506-7156548911af,2,2,1,C,Called Strike,SL,14,2.0,3.76,1.95,81.2,75.1,59.45,-0.75,50.0,5.97,0.81,1.61,3.02,-2.74,2.72,-117.87,-2.45,4.27,21.54,-36.04,7.2,10.8,24.0,2479,41,,,,,,,0,1,2,top
2017-04-27,490425,3,445060,R,489267,R,17,Strikeout,7,5,170428_024759,fec1c326-2879-4373-844b-5ef8e43553ea,2,2,1,B,Ball,SL,14,2.0,3.73,1.88,82.8,77.0,56.71,-0.7,50.0,6.06,1.19,1.94,4.47,-1.48,3.12,-120.34,-2.64,6.61,21.22,-34.37,12.0,9.6,24.0,2577,62,,,,,,,0,1,2,top
2017-04-27,490425,3,445060,R,489267,R,17,Strikeout,7,6,170428_024819,5db20971-584e-4f52-9b48-8eff84c5d870,3,2,1,F,Foul,FT,11,2.0,3.68,1.51,91.9,84.2,53.41,-0.62,50.0,5.84,-0.97,2.65,-9.31,4.07,2.26,-133.43,-3.71,-16.82,28.07,-24.82,32.4,7.2,24.0,2098,251,,,,,,,0,1,2,top
2017-04-27,490425,3,445060,R,489267,R,17,Strikeout,7,7,170428_024844,e365ac47-1d3b-47d3-a7d9-7937ccdfd5a9,3,2,1,S,Swinging Strike,FF,12,2.0,3.68,1.51,93.6,85.2,52.22,-0.44,50.0,5.94,0.85,2.69,-5.01,10.04,5.19,-135.61,-6.18,-9.32,29.82,-13.49,28.8,3.6,24.0,2346,207,,,,,,,0,1,2,top
2017-04-27,490425,3,445060,R,543094,L,18,Groundout,1,1,170428_024923,b02220a6-ccf3-4d09-b55a-f4fb4355ea7e,0,0,2,X,In play- out(s),FT,8,2.0,3.84,1.59,91.8,84.0,49.55,-0.65,50.0,5.69,0.22,1.81,-10.71,2.75,5.93,-133.1,-5.01,-19.23,28.42,-27.23,32.4,7.2,24.0,2119,261,,,,,,,0,1,2,top
2017-04-27,490425,4,445060,R,459964,L,22,Groundout,5,1,170428_025958,9b141f3d-88e9-44e4-878f-5d4e5da6cc35,0,0,0,S,Swinging Strike,FS,8,2.0,3.84,1.59,80.9,74.7,82.62,-1.04,50.0,5.89,-0.18,1.71,-6.72,2.09,4.04,-117.37,-3.41,-9.44,20.76,-29.24,16.8,8.4,24.0,1526,261,,,,,,,0,1,2,top
2017-04-27,490425,4,445060,R,459964,L,22,Groundout,5,2,170428_030017,fce6fbdc-29e3-40c5-83f0-4cd69cacd7a8,0,1,0,B,Ball,FF,14,2.0,3.58,1.84,90.4,83.1,53.91,-0.5,50.0,5.92,1.1,2.33,-4.05,10.39,5.52,-131.15,-6.63,-7.11,25.79,-13.94,21.6,3.6,24.0,2296,200,,,,,,,0,1,2,top
2017-04-27,490425,4,445060,R,459964,L,22,Groundout,5,3,170428_030029,12c5706d-aeab-4dd1-a95f-1d89ffb2e581,1,1,0,B,Ball,FS,11,2.0,3.59,1.82,80.4,74.0,48.31,-1.01,50.0,5.99,-1.01,3.09,-8.06,4.2,2.43,-116.78,-1.02,-11.2,20.76,-26.34,21.6,8.4,24.0,1490,247,,,,,,,0,1,2,top
2017-04-27,490425,4,445060,R,459964,L,22,Groundout,5,4,170428_030044,8e14b3e7-e3c6-4940-b1ff-b43be07da601,2,1,0,S,Swinging Strike,FF,5,2.0,3.84,1.59,89.9,82.2,21.98,-0.57,50.0,5.9,0.03,2.91,-4.75,8.2,3.15,-130.55,-4.2,-8.22,27.17,-18.0,21.6,4.8,24.0,2202,212,,,,,,,0,1,2,top
2017-04-27,490425,4,445060,R,459964,L,22,Groundout,5,5,170428_030104,0efb9644-1922-47b5-be10-72ceb584323d,2,2,0,X,In play- out(s),SL,6,2.0,3.84,1.59,82.5,77.4,30.75,-0.9,50.0,5.92,0.37,2.39,5.12,-2.12,1.43,-120.15,-1.08,7.65,18.61,-35.34,12.0,9.6,24.0,,61,,,,,,,0,1,2,top
2017-04-27,490425,4,445060,R,476704,L,23,Double,1,1,170428_030143,a237467d-7a07-43cb-b2e5-e19733c5444b,0,0,1,D,In play- no out,FT,5,2.0,3.75,1.54,90.2,82.9,33.42,-0.84,50.0,5.81,-0.1,2.52,-8.43,4.93,4.77,-131.02,-3.98,-14.72,26.31,-23.55,30.0,6.0,24.0,2198,244,,,,,476704,,0,0,2,top
2017-04-27,490425,4,445060,R,501981,R,24,Strikeout,5,1,170428_030235,4e68f61a-5500-4596-a715-35704a5e728d,0,1,1,C,Called Strike,SL,14,2.0,3.85,2.0,81.1,74.9,83.46,-1.05,50.0,5.83,0.74,2.19,1.94,-2.59,3.58,-117.72,-0.79,2.73,21.25,-35.82,4.8,10.8,24.0,2517,34,,476704,,,476704,,0,1,2,top
2017-04-27,490425,4,445060,R,501981,R,24,Strikeout,5,2,170428_030256,c31f4dab-f4a8-47d1-91e5-a8c574eee9e5,0,2,1,C,Called Strike,SL,14,2.0,3.84,1.9,81.1,75.0,55.04,-0.95,50.0,5.88,1.03,2.13,5.71,-0.06,2.88,-117.82,-1.83,8.07,21.34,-32.25,14.4,9.6,24.0,2503,80,,476704,,,476704,,0,1,2,top
2017-04-27,490425,4,445060,R,501981,R,24,Strikeout,5,3,170428_030320,62f8ecbb-f926-45f6-9887-8d88d7b0fa4b,0,2,1,F,Foul,SL,9,2.0,3.75,1.54,82.0,75.4,33.75,-0.96,50.0,5.88,0.44,2.26,3.86,-1.03,2.11,-119.12,-1.36,5.55,22.79,-33.65,9.6,9.6,24.0,2581,64,,476704,,,476704,,0,1,2,top
2017-04-27,490425,4,445060,R,501981,R,24,Strikeout,5,4,170428_030348,15ade34e-8a88-4d2a-a998-d935621f39ae,1,2,1,*B,Ball In Dirt,SL,14,2.0,3.9,1.97,81.5,75.4,41.31,-0.86,50.0,5.67,1.15,-0.01,2.38,-5.76,3.97,-118.27,-4.6,3.35,23.19,-40.31,6.0,12.0,24.0,2369,22,,476704,,,476704,,0,1,2,top
2017-04-27,490425,4,445060,R,501981,R,24,Strikeout,5,5,170428_030430,093a5a53-e771-4350-96b4-8db9abc6e9b8,1,2,1,S,Swinging Strike,FS,14,2.0,3.75,1.54,81.9,75.2,57.65,-0.86,50.0,5.82,0.97,1.3,-5.38,2.32,5.94,-118.73,-4.43,-7.67,22.86,-28.87,13.2,8.4,24.0,1389,259,,476704,,,476704,,0,1,2,top
2017-04-27,490425,4,445060,R,475174,L,25,Single,1,1,170428_030507,9492296c-b0b2-4580-bf41-f2396991b26e,0,0,2,E,In play- run(s),FS,4,2.0,3.68,1.51,81.8,74.2,84.28,-0.93,50.0,5.86,-0.54,2.32,-10.13,0.64,3.97,-118.57,-1.54,-14.26,25.05,-31.27,22.8,9.6,24.0,1342,272,,476704,,475174,,,1,0,2,top
2017-04-27,490425,4,445060,R,592387,R,26,Lineout,2,1,170428_030601,915c3c15-21a7-4b3d-86e3-f38a86a6815b,0,0,2,B,Ball,FF,11,2.0,4.07,2.05,92.1,82.8,68.91,-0.94,50.0,5.89,-0.87,3.27,-6.46,8.54,2.37,-133.44,-3.61,-11.47,32.68,-17.0,31.2,4.8,24.0,2397,220,475174,,,,,,0,1,1,top
2017-04-27,490425,4,445060,R,592387,R,26,Lineout,2,2,170428_030621,67797709-aea4-4ec5-a7ac-1df30065c8d2,1,0,2,X,In play- out(s),SL,7,2.0,3.79,1.57,80.8,74.0,42.87,-1.2,50.0,5.83,-0.54,1.94,2.2,-1.75,0.85,-117.29,-1.53,3.05,23.04,-34.6,4.8,10.8,24.0,2339,39,475174,,,,,,0,1,1,top
2017-04-27,490425,5,445060,R,461858,R,30,Groundout,5,1,170428_031440,ddd67b54-07ba-4c76-9273-aec999147158,0,1,0,C,Called Strike,SL,14,2.0,3.49,1.69,81.5,75.3,92.28,-0.77,50.0,6.01,0.9,1.67,3.39,-4.14,2.88,-118.41,-2.03,4.82,22.41,-38.06,7.2,10.8,24.0,2621,36,,,,,,,0,1,1,top
2017-04-27,490425,5,445060,R,461858,R,30,Groundout,5,2,170428_031455,5a8ef391-770e-4cbe-b854-65975e3a49c3,0,2,0,F,Foul,FF,12,2.0,3.84,1.59,91.4,83.4,49.39,-0.36,50.0,5.95,1.25,3.0,-3.91,9.34,5.56,-132.67,-4.76,-6.97,28.44,-15.53,19.2,3.6,24.0,2333,201,,,,,,,0,1,1,top
2017-04-27,490425,5,445060,R,461858,R,30,Groundout,5,3,170428_031518,0dba38d1-113b-4e35-8159-232706d41706,0,2,0,B,Ball,FF,13,2.0,3.39,1.69,92.1,85.3,21.77,-0.65,50.0,5.92,-1.47,2.42,-3.64,7.96,-0.91,-133.88,-6.0,-6.7,25.07,-17.53,20.4,4.8,24.0,2273,208,,,,,,,0,1,1,top
2017-04-27,490425,5,445060,R,461858,R,30,Groundout,5,4,170428_031532,366512f6-1ffa-469b-9344-9ecef6bda543,1,2,0,B,Ball,FS,14,2.0,3.4,1.68,82.7,76.9,40.28,-0.72,50.0,5.64,1.12,0.59,-6.15,2.78,6.29,-119.97,-6.15,-9.07,20.42,-28.07,15.6,8.4,24.0,1405,255,,,,,,,0,1,1,top
2017-04-27,490425,5,445060,R,461858,R,30,Groundout,5,5,170428_031553,726b98c5-cec0-4439-9ad1-0ebb38e927fc,2,2,0,X,In play- out(s),SL,14,2.0,3.84,1.59,83.0,76.9,46.31,-1.14,50.0,5.9,0.54,1.58,1.68,-4.49,3.49,-120.65,-2.17,2.48,22.5,-38.83,4.8,10.8,24.0,2551,21,,,,,,,0,1,1,top
2017-04-27,490425,5,445060,R,572033,R,31,Pop Out,5,1,170428_031626,85e6012c-07fc-4d67-9039-16eb8845bd3e,0,1,1,C,Called Strike,SL,14,2.0,3.69,1.71,82.2,75.3,90.1,-0.82,50.0,5.88,0.97,1.8,4.37,-3.36,2.87,-119.29,-1.71,6.26,24.29,-36.99,10.8,10.8,24.0,2519,47,,,,,,,0,1,1,top
2017-04-27,490425,5,445060,R,572033,R,31,Pop Out,5,2,170428_031641,b502cf05-debf-45d3-ae04-d46e30b82a89,0,1,1,B,Ball,FT,13,2.0,3.68,1.72,90.0,82.6,35.31,-0.99,50.0,5.65,-1.52,2.0,-9.73,2.98,1.89,-130.78,-4.22,-16.88,27.23,-27.0,31.2,7.2,24.0,2076,259,,,,,,,0,1,1,top
2017-04-27,490425,5,445060,R,572033,R,31,Pop Out,5,3,170428_031657,ce116c3f-7506-4353-85af-d11240404799,1,1,1,B,Ball,FF,12,2.0,3.68,1.59,92.6,84.0,43.53,-0.61,50.0,5.98,0.08,3.92,-5.72,8.09,3.8,-134.32,-2.13,-10.41,30.23,-17.45,27.6,4.8,24.0,2391,216,,,,,,,0,1,1,top
2017-04-27,490425,5,445060,R,572033,R,31,Pop Out,5,4,170428_031717,aed40b24-664f-45c2-a9b9-6d2cd5b0a8e8,2,2,1,F,Foul,FT,13,2.0,3.68,1.51,91.4,83.8,54.76,-0.61,50.0,5.63,-0.83,2.53,-9.21,2.86,2.56,-132.86,-2.99,-16.48,28.29,-27.06,30.0,7.2,24.0,2108,258,,,,,,,0,1,1,top
2017-04-27,490425,5,445060,R,572033,R,31,Pop Out,5,5,170428_031746,d9e42053-3b73-49ed-958c-9f7becb80b4c,2,2,1,X,In play- out(s),FT,11,2.0,3.68,1.51,92.3,84.8,70.63,-0.88,50.0,5.8,-0.76,3.66,-9.16,2.12,3.49,-134.14,-0.34,-16.79,27.41,-28.28,30.0,7.2,24.0,2123,260,,,,,,,0,1,1,top
2017-04-27,490425,5,445060,R,489267,R,32,Strikeout,4,1,170428_031828,f325e64b-c372-4efa-9664-25742ec430d0,0,1,2,C,Called Strike,FF,14,2.0,3.84,1.96,92.9,84.3,67.9,-0.29,50.0,5.88,1.06,2.71,-4.01,9.64,4.95,-134.61,-5.67,-7.33,30.4,-14.57,21.6,3.6,24.0,2310,202,,,,,,,0,1,1,top
2017-04-27,490425,5,445060,R,489267,R,32,Strikeout,4,2,170428_031843,bd5a0410-c6ff-44cb-aee4-b374d8201d5e,0,2,2,C,Called Strike,KC,6,2.0,3.84,1.96,75.3,67.9,45.69,-0.81,50.0,6.19,0.56,2.91,10.15,-8.93,0.12,-109.01,3.03,11.92,23.51,-42.65,15.6,15.6,24.0,2710,46,,,,,,,0,1,1,top
2017-04-27,490425,5,445060,R,489267,R,32,Strikeout,4,3,170428_031902,7436ac68-36d0-41e2-ad5f-947ae3591cac,0,2,2,B,Ball,SL,14,2.0,3.77,1.89,82.7,76.6,24.67,-0.89,50.0,5.86,0.33,1.19,4.04,-2.78,1.64,-120.13,-3.48,5.93,22.41,-36.25,9.6,10.8,24.0,2491,47,,,,,,,0,1,1,top
2017-04-27,490425,5,445060,R,489267,R,32,Strikeout,4,4,170428_031926,283b331c-b2b4-4a27-8a06-62c2035da4ac,1,2,2,S,Swinging Strike,FF,8,2.0,3.84,1.59,92.6,85.4,27.52,-0.58,50.0,5.84,-0.06,2.18,-3.39,8.54,2.58,-134.48,-6.71,-6.27,26.34,-16.37,18.0,3.6,24.0,2373,203,,,,,,,0,1,1,top
2017-04-27,490425,6,445060,R,543094,L,37,Pop Out,5,1,170428_033301,1dbb633d-f5c5-45c6-a6b1-2eab3ccbb1c2,0,0,0,S,Swinging Strike,FS,9,2.0,3.66,1.49,80.1,73.8,89.72,-0.81,50.0,5.95,0.37,1.57,-7.58,2.75,4.97,-116.19,-3.87,-10.4,21.02,-28.4,18.0,9.6,24.0,1433,258,,,,,,,0,1,1,top
2017-04-27,490425,6,445060,R,543094,L,37,Pop Out,5,2,170428_033320,84843442-c5f4-4680-9803-af6b03d13dd5,0,1,0,B,Ball,FS,13,2.0,3.63,1.68,81.6,75.3,6.22,-0.82,50.0,5.67,-0.01,0.24,-8.46,4.48,4.45,-118.19,-7.18,-12.01,21.65,-25.81,22.8,8.4,24.0,1480,250,,,,,,,0,1,1,top
2017-04-27,490425,6,445060,R,543094,L,37,Pop Out,5,3,170428_033342,f80e6722-0c1a-4b5d-9ac2-5727a4330541,1,2,0,F,Foul,FS,8,2.0,3.66,1.49,79.9,74.1,23.3,-1.02,50.0,5.77,0.17,1.84,-7.21,-0.46,4.91,-116.05,-1.91,-9.93,19.75,-32.81,15.6,9.6,24.0,1438,282,,,,,,,0,1,1,top
2017-04-27,490425,6,445060,R,543094,L,37,Pop Out,5,4,170428_033408,71e08a38-7171-408d-82f1-62053d64728e,1,2,0,B,Ball,SL,14,2.0,3.66,1.7,82.1,76.1,13.95,-0.85,50.0,5.73,1.46,0.61,3.46,-1.94,4.38,-119.18,-4.62,4.99,22.18,-34.98,8.4,9.6,24.0,2433,51,,,,,,,0,1,1,top
2017-04-27,490425,6,445060,R,543094,L,37,Pop Out,5,5,170428_033432,69e580ca-09bd-4145-888f-2733154091b3,2,2,0,X,In play- out(s),SL,8,2.0,3.66,1.49,80.7,74.9,26.6,-1.05,50.0,5.8,0.21,2.14,1.54,-3.02,2.46,-117.35,-0.68,2.17,20.39,-36.42,3.6,10.8,24.0,2397,25,,,,,,,0,1,1,top
2017-04-27,490425,6,445060,R,459964,L,38,Groundout,4,1,170428_033518,da2d0c93-b96a-4aa5-b171-14f247f3f479,0,1,1,C,Called Strike,FF,3,2.0,3.61,1.82,91.4,84.1,66.08,-0.64,50.0,5.95,0.68,3.1,-5.2,6.63,5.25,-132.71,-3.63,-9.36,26.12,-20.25,21.6,4.8,24.0,2280,219,,,,,,,0,1,1,top
2017-04-27,490425,6,445060,R,459964,L,38,Groundout,4,2,170428_033534,19f1e431-00a4-4710-894a-b40278709c1b,0,1,1,B,Ball,FF,14,2.0,3.61,1.79,92.0,84.4,28.48,-0.58,50.0,5.79,1.57,2.21,-5.16,9.05,7.44,-133.36,-6.46,-9.35,26.98,-15.77,25.2,4.8,24.0,2310,209,,,,,,,0,1,1,top
2017-04-27,490425,6,445060,R,459964,L,38,Groundout,4,3,170428_033550,5a01441f-01a0-46a7-aa74-1c59488f473b,1,2,1,F,Foul,KC,8,2.0,3.66,1.49,73.0,67.3,36.87,-1.18,50.0,6.19,0.07,2.08,10.33,-9.27,-0.18,-106.09,1.63,11.68,19.49,-42.66,15.6,15.6,24.0,2605,45,,,,,,,0,1,1,top
2017-04-27,490425,6,445060,R,459964,L,38,Groundout,4,4,170428_033612,35869a9d-6419-4966-aa47-b29ae5aa734f,1,2,1,X,In play- out(s),FS,13,2.0,3.66,1.49,82.2,76.6,47.43,-0.83,50.0,5.66,-0.58,1.23,-6.04,1.8,2.45,-119.44,-4.29,-8.85,19.94,-29.54,15.6,8.4,24.0,,263,,,,,,,0,1,1,top
2017-04-27,490425,6,445060,R,476704,L,39,Walk,6,1,170428_033652,94561074-64db-4d9d-9cdc-792164483b84,0,1,2,F,Foul,FF,3,2.0,3.75,1.54,91.7,83.5,55.27,-0.59,50.0,5.92,0.35,3.13,-3.64,10.37,3.72,-133.0,-4.73,-6.51,28.89,-13.62,21.6,3.6,24.0,2283,199,,,,476704,,,0,0,1,top
2017-04-27,490425,6,445060,R,476704,L,39,Walk,6,2,170428_033716,8ba650ac-123a-481b-8dea-d87a238abdb7,0,1,2,B,Ball,FS,11,2.0,3.8,1.82,81.9,75.2,31.36,-1.17,50.0,6.05,-2.21,4.0,-4.7,0.53,-1.0,-118.88,1.87,-6.76,21.72,-31.41,12.0,8.4,24.0,1306,270,,,,476704,,,0,0,1,top
2017-04-27,490425,6,445060,R,476704,L,39,Walk,6,3,170428_033735,08ad7b6d-df53-4370-8b7e-f2a3d789ad80,1,1,2,B,Ball,FS,13,2.0,3.8,1.82,80.5,74.3,53.52,-0.96,50.0,5.87,-1.12,1.55,-8.68,1.15,2.25,-116.83,-3.36,-12.05,21.03,-30.57,20.4,9.6,24.0,1341,270,,,,476704,,,0,0,1,top
2017-04-27,490425,6,445060,R,476704,L,39,Walk,6,4,170428_033758,9d5474c0-1ead-4161-842b-7092f2a79bb4,2,2,2,F,Foul,SL,8,2.0,3.75,1.54,80.6,74.4,23.57,-1.12,50.0,5.78,0.07,1.94,2.63,-1.78,1.95,-117.11,-1.41,3.66,21.48,-34.65,6.0,10.8,24.0,2262,46,,,,476704,,,0,0,1,top
2017-04-27,490425,6,445060,R,476704,L,39,Walk,6,5,170428_033835,73ecae7c-3bbc-40f2-8034-4bb82acea5e3,2,2,2,B,Ball,FF,14,2.0,3.8,1.81,91.7,84.5,31.4,-0.55,50.0,5.79,1.4,1.98,-2.86,10.15,6.15,-133.02,-7.42,-5.18,25.86,-13.8,14.4,3.6,24.0,2260,194,,,,476704,,,0,0,1,top
2017-04-27,490425,6,445060,R,476704,L,39,Walk,6,6,170428_033856,03973da3-30c8-4ec5-913c-b3875352f1c4,3,2,2,B,Ball,FT,11,2.0,3.75,1.82,90.6,83.8,68.93,-0.91,50.0,5.73,-0.95,3.59,-8.64,2.31,2.85,-131.76,-0.24,-15.4,24.37,-28.05,27.6,7.2,24.0,2026,258,,,,476704,,,0,0,1,top
2017-04-27,490425,6,445060,R,501981,R,40,Walk,8,1,170428_033935,0083f994-2096-4ef6-b0d5-51e1829ca8ef,0,0,2,B,Ball,SL,14,2.0,3.91,1.91,82.3,75.7,91.43,-0.76,50.0,5.9,1.19,1.5,2.91,-3.76,3.7,-119.46,-2.39,4.19,23.78,-37.58,7.2,10.8,24.0,2468,34,476704,,,501981,476704,,0,0,1,top
2017-04-27,490425,6,445060,R,501981,R,40,Walk,8,2,170428_034034,51bc222c-8a4c-42fc-ac63-8edf6776f606,2,0,2,*B,Ball In Dirt,SL,14,2.0,3.9,1.9,81.2,75.4,16.87,-0.86,50.0,5.7,1.42,0.48,3.01,-2.86,4.39,-117.85,-4.4,4.25,21.62,-36.21,7.2,10.8,24.0,2318,40,476704,,,501981,476704,,0,0,1,top
2017-04-27,490425,6,445060,R,501981,R,40,Walk,8,3,170428_034106,43c9d158-4311-4d2b-a2e8-05d7233fb561,2,1,2,F,Foul,FT,7,2.0,3.75,1.54,90.8,83.6,39.46,-0.73,50.0,5.72,-0.25,2.13,-7.74,4.66,3.9,-131.89,-4.78,-13.73,26.33,-23.91,27.6,6.0,24.0,1914,244,476704,,,501981,476704,,0,0,1,top
2017-04-27,490425,6,445060,R,501981,R,40,Walk,8,4,170428_034136,253c9d80-a836-4d24-ac2f-ff8b559270e7,2,1,2,B,Ball,FT,1,2.0,3.98,1.96,92.2,84.7,49.08,-0.88,50.0,5.87,-0.36,3.51,-6.2,6.76,3.5,-133.87,-2.5,-11.33,26.73,-19.81,27.6,4.8,24.0,2208,224,476704,,,501981,476704,,0,0,1,top
2017-04-27,490425,6,445060,R,501981,R,40,Walk,8,5,170428_034206,498e9924-a5a7-460c-bfbf-ea369eb25843,3,2,2,C,Called Strike,FT,14,2.0,3.94,1.91,91.2,83.8,38.52,-1.21,50.0,5.39,0.32,1.49,-9.3,3.81,7.19,-132.32,-5.36,-16.56,27.01,-25.39,30.0,7.2,24.0,2000,253,476704,,,501981,476704,,0,0,1,top
2017-04-27,490425,6,445060,R,501981,R,40,Walk,8,6,170428_034233,edfc2e89-2b26-4fff-ad23-7bc521380e13,3,2,2,B,Ball,SL,14,2.0,3.86,1.88,81.1,75.2,25.56,-0.94,50.0,5.92,1.33,2.4,3.97,-2.89,4.09,-117.78,-0.44,5.62,20.65,-36.26,9.6,10.8,24.0,2328,50,476704,,,501981,476704,,0,0,1,top
2017-04-27,490425,6,445060,R,475174,L,41,Field Error,6,1,170428_034351,b32dfb54-a49e-4955-958c-aaad61e5adf2,0,1,2,W,Swinging Strike (Blocked),FS,14,2.0,3.68,1.51,82.0,75.4,79.72,-1.04,50.0,5.69,0.54,0.75,-7.0,0.8,5.84,-118.82,-4.97,-10.01,22.78,-31.04,15.6,9.6,24.0,1446,276,501981,476704,,475174,501981,476704,0,0,1,top
2017-04-27,490425,6,445060,R,475174,L,41,Field Error,6,2,170428_034457,2b70d888-eb81-45c4-8046-a4256c0c5350,0,1,2,S,Swinging Strike,FS,5,2.0,3.79,1.57,81.6,74.3,12.31,-1.19,50.0,5.8,-0.18,2.71,-4.83,5.24,3.82,-118.27,-1.89,-6.81,23.38,-24.78,13.2,7.2,24.0,1224,226,501981,476704,,475174,501981,476704,0,0,1,top
2017-04-27,490425,6,445060,R,475174,L,41,Field Error,6,3,170428_034536,abafbab5-63f4-436c-8aae-7e2b2ecbba22,1,2,2,*B,Ball In Dirt,SL,13,2.0,3.66,1.62,79.0,72.8,16.22,-1.17,50.0,5.5,-0.18,0.04,0.57,-2.82,2.08,-114.6,-4.38,0.75,21.97,-35.91,1.2,10.8,24.0,2353,11,501981,476704,,475174,501981,476704,0,0,1,top
2017-04-27,490425,6,445060,R,475174,L,41,Field Error,6,4,170428_034616,42685246-0ce7-4c00-8e42-adce8cc06dc0,1,2,2,B,Ball,FF,13,2.0,3.73,1.67,92.0,85.0,54.41,-1.01,50.0,5.72,-1.13,2.18,-5.14,7.38,1.44,-133.64,-5.88,-9.41,25.71,-18.67,25.2,4.8,24.0,2123,219,501981,476704,,475174,501981,476704,0,0,1,top
2017-04-27,490425,6,445060,R,475174,L,41,Field Error,6,5,170428_034644,22809768-77ac-49ca-ade1-d1436ebc0b8b,2,2,2,F,Foul,FF,8,2.0,3.79,1.57,92.0,84.6,28.07,-0.93,50.0,5.84,0.06,2.26,-5.0,8.39,4.35,-133.59,-6.28,-9.1,26.89,-16.9,24.0,4.8,24.0,2196,212,501981,476704,,475174,501981,476704,0,0,1,top
2017-04-27,490425,6,445060,R,475174,L,41,Field Error,6,6,170428_034714,6f9dbbf6-32fd-4b32-93d7-e3bf7b7bc549,2,2,2,D,In play- no out,FS,13,2.0,3.79,1.57,81.6,76.3,49.73,-1.17,50.0,5.61,-0.54,1.35,-5.09,-1.43,3.07,-118.62,-2.8,-7.38,18.87,-34.25,10.8,9.6,24.0,1436,296,501981,476704,,475174,501981,476704,0,0,1,top
2017-05-03,490506,1,445060,R,516416,R,3,Strikeout,3,1,170504_021604,cd00ca20-6aa1-463b-bcb0-1236e4e59681,0,1,0,C,Called Strike,FT,7,2.0,3.12,1.57,91.3,84.0,51.61,-0.97,50.0,5.58,-0.25,1.67,-10.38,5.3,5.42,-132.48,-5.92,-18.56,26.53,-22.69,36.0,7.2,24.0,2114,247,,,,,,,0,1,0,bottom
2017-05-03,490506,1,445060,R,516416,R,3,Strikeout,3,2,170504_021618,32ed0d53-f89f-49b1-a70c-d7c5120179da,0,2,0,F,Foul,FF,12,2.0,3.06,1.57,91.4,84.1,57.4,-0.72,50.0,5.83,1.08,2.8,-4.96,10.71,6.42,-132.63,-5.5,-8.92,25.71,-12.9,28.8,3.6,24.0,2203,204,,,,,,,0,1,0,bottom
2017-05-03,490506,1,445060,R,516416,R,3,Strikeout,3,3,170504_021638,3bb2edbc-9c1e-43f4-b76f-24a889fb30a3,0,3,0,C,Called Strike,FF,7,2.0,3.0,1.52,91.0,83.7,57.42,-1.02,50.0,5.73,-0.65,1.63,-6.39,10.28,3.14,-131.96,-8.05,-11.36,26.03,-13.91,34.8,4.8,24.0,2158,214,,,,,,,0,1,0,bottom
2017-05-03,490506,1,445060,R,592325,L,4,Strikeout,7,1,170504_021713,23d4805b-22b0-4cc4-8895-514196f36348,0,1,1,C,Called Strike,FF,5,2.0,3.35,1.69,92.3,84.6,39.24,-0.96,50.0,5.7,-0.06,2.33,-6.18,10.05,4.52,-133.98,-6.33,-11.28,27.76,-13.83,34.8,3.6,24.0,2271,213,,,,,,,0,1,0,bottom
2017-05-03,490506,1,445060,R,592325,L,4,Strikeout,7,2,170504_021727,c0ce5040-78db-496a-be59-afd3554eea24,0,1,1,B,Ball,FS,14,2.0,3.32,1.64,83.1,76.6,16.22,-0.88,50.0,5.55,1.32,-0.05,-9.16,5.66,8.06,-120.21,-8.3,-13.46,22.39,-23.85,25.2,7.2,24.0,1448,244,,,,,,,0,1,0,bottom
2017-05-03,490506,1,445060,R,592325,L,4,Strikeout,7,3,170504_021751,df787593-cfc7-414d-b8dd-3678bd22d2e1,1,1,1,B,Ball,FF,11,2.0,3.3,1.71,91.2,82.8,26.58,-1.0,50.0,5.95,-0.25,3.98,-5.68,10.49,3.88,-132.34,-2.52,-10.04,28.96,-13.61,33.6,3.6,24.0,2152,208,,,,,,,0,1,0,bottom
2017-05-03,490506,1,445060,R,592325,L,4,Strikeout,7,4,170504_021806,b2f934a9-90d2-475c-b85c-2f7e7747ec98,2,1,1,B,Ball,FT,13,2.0,3.37,1.71,91.6,84.0,57.07,-1.19,50.0,5.59,-1.09,2.26,-8.48,5.36,3.16,-133.03,-4.47,-15.24,27.85,-22.54,32.4,6.0,24.0,2030,242,,,,,,,0,1,0,bottom
2017-05-03,490506,1,445060,R,592325,L,4,Strikeout,7,5,170504_021822,15d0f913-aa34-4431-88db-adffdd4d90b6,3,2,1,F,Foul,FT,8,2.0,3.23,1.66,90.8,83.2,42.98,-0.98,50.0,5.41,-0.12,1.82,-8.92,6.54,5.27,-131.77,-5.4,-15.72,27.28,-20.64,33.6,6.0,24.0,2052,237,,,,,,,0,1,0,bottom
2017-05-03,490506,1,445060,R,592325,L,4,Strikeout,7,6,170504_021847,aeeea644-a669-4b8d-95a3-547e60d4537a,3,2,1,F,Foul,FT,11,2.0,3.26,1.62,91.3,84.6,61.84,-0.89,50.0,5.51,-0.5,3.32,-8.76,4.05,4.05,-132.91,-1.07,-15.9,24.72,-24.83,31.2,6.0,24.0,1901,248,,,,,,,0,1,0,bottom
2017-05-03,490506,1,445060,R,592325,L,4,Strikeout,7,7,170504_021912,9994a5b7-0c25-4abe-bc4d-e9f39a83cc54,3,3,1,T,Foul Tip,FT,4,2.0,3.29,1.59,91.5,84.6,43.54,-0.98,50.0,5.56,-0.37,2.59,-8.47,3.96,4.5,-132.97,-3.08,-15.36,25.25,-24.99,30.0,6.0,24.0,1908,249,,,,,,,0,1,0,bottom
2017-05-03,490506,1,445060,R,429664,L,5,Home Run,2,1,170504_021958,86793b11-987a-4efd-82a3-4045c2754f0e,0,1,2,F,Foul,FF,4,2.0,3.48,1.72,92.8,84.7,48.64,-0.89,50.0,5.78,-0.31,2.91,-4.04,11.24,2.95,-134.68,-5.48,-7.42,28.96,-11.51,28.8,3.6,24.0,2141,200,,,,,,,1,0,0,bottom
2017-05-03,490506,1,445060,R,429664,L,5,Home Run,2,2,170504_022030,1ef76509-d695-4af3-8542-33653e374311,0,1,2,E,In play- run(s),FF,14,2.0,3.52,1.6,92.9,85.0,48.72,-0.66,50.0,5.77,1.02,2.75,-5.27,9.7,6.3,-134.76,-5.35,-9.74,28.18,-14.27,28.8,3.6,24.0,2299,208,,,,,,,1,0,0,bottom
2017-05-03,490506,1,445060,R,443558,R,6,Single,2,1,170504_022123,d4e78309-1c34-4506-aeec-ae857b507441,0,1,2,F,Foul,SL,8,2.0,3.55,1.62,81.0,74.7,56.14,-1.11,50.0,5.87,0.14,2.33,2.78,-0.02,2.07,-117.61,-1.3,3.91,21.18,-32.2,7.2,9.6,24.0,2256,73,,,,443558,,,0,0,-1,bottom
2017-05-03,490506,1,445060,R,443558,R,6,Single,2,2,170504_022149,48058492-eeae-4543-b9a6-5cb381b255d3,0,1,2,D,In play- no out,SL,8,2.0,3.59,1.7,81.5,75.6,26.95,-1.01,50.0,5.79,-0.04,1.97,2.97,-1.86,1.37,-118.49,-1.53,4.26,20.96,-34.83,7.2,9.6,24.0,2322,48,,,,443558,,,0,0,-1,bottom
2017-05-03,490506,1,445060,R,572122,L,7,Flyout,1,1,170504_022234,9b5277de-9e16-4ed7-b606-73ba7dd45f95,0,0,2,X,In play- out(s),FT,5,2.0,3.32,1.56,91.1,83.7,40.72,-0.94,50.0,5.59,-0.23,2.69,-8.72,6.81,4.84,-132.33,-3.78,-15.56,26.54,-20.03,34.8,6.0,24.0,1857,234,443558,,,,,,0,1,-1,bottom
2017-05-03,490506,2,445060,R,502143,R,11,Strikeout,5,1,170504_023122,1c54009d-40bf-4326-b78e-afab7f5ea1ed,0,1,0,C,Called Strike,SL,14,2.0,3.4,1.69,81.6,75.5,73.07,-1.07,50.0,5.72,0.28,1.38,-0.18,0.91,3.2,-118.5,-3.6,-0.25,21.42,-30.88,0.0,8.4,24.0,2330,34,,,,,,,0,1,-1,bottom
2017-05-03,490506,2,445060,R,502143,R,11,Strikeout,5,2,170504_023140,b04e96bf-8a6d-4bdc-aa32-56f0e8486ab0,0,1,0,B,Ball,FF,14,2.0,3.25,1.6,91.2,83.6,55.58,-0.67,50.0,5.65,1.2,2.04,-7.74,10.97,7.53,-132.18,-7.03,-13.77,26.75,-12.66,40.8,4.8,24.0,2194,216,,,,,,,0,1,-1,bottom
2017-05-03,490506,2,445060,R,502143,R,11,Strikeout,5,3,170504_023157,8713ede5-8ef0-49af-9278-8ff182e73c88,1,1,0,B,Ball,FT,14,2.0,3.27,1.6,91.6,84.6,48.97,-0.8,50.0,5.41,0.69,1.07,-9.53,7.98,7.19,-132.72,-8.06,-17.19,25.27,-17.78,39.6,6.0,24.0,2087,233,,,,,,,0,1,-1,bottom
2017-05-03,490506,2,445060,R,502143,R,11,Strikeout,5,4,170504_023216,87814601-845e-4b13-a29d-2a6e56693436,2,2,0,C,Called Strike,SL,5,2.0,3.3,1.63,83.6,77.2,20.6,-1.02,50.0,5.76,0.04,2.7,1.99,1.49,1.91,-121.41,-1.13,2.99,21.65,-29.93,6.0,8.4,24.0,,105,,,,,,,0,1,-1,bottom
2017-05-03,490506,2,445060,R,502143,R,11,Strikeout,5,5,170504_023235,d5dbceee-13e8-4ffd-928f-8d836300f1af,2,3,0,C,Called Strike,SL,14,2.0,3.24,1.54,82.9,77.2,59.61,-0.83,50.0,5.72,0.89,1.65,2.92,0.29,3.2,-120.53,-3.09,4.35,20.56,-31.74,8.4,8.4,24.0,2506,77,,,,,,,0,1,-1,bottom
2017-05-03,490506,2,445060,R,628338,R,12,Strikeout,4,1,170504_023313,335144a7-eca2-452b-bbfb-69af9875bd0c,0,1,1,C,Called Strike,FF,5,2.0,3.4,1.74,90.8,83.3,43.4,-0.64,50.0,5.69,-0.14,2.64,-6.93,9.93,3.64,-131.79,-5.17,-12.26,26.32,-14.6,36.0,4.8,24.0,2254,216,,,,,,,0,1,-1,bottom
2017-05-03,490506,2,445060,R,628338,R,12,Strikeout,4,2,170504_023330,5152d8d1-2cfc-4146-b12f-88b233f57bf4,0,1,1,S,Swinging Strike,KC,9,2.0,3.3,1.62,75.5,69.7,54.37,-0.98,50.0,6.02,0.57,2.03,7.17,-4.54,1.34,-109.74,0.06,8.73,19.81,-37.69,13.2,13.2,24.0,2620,53,,,,,,,0,1,-1,bottom
2017-05-03,490506,2,445060,R,628338,R,12,Strikeout,4,3,170504_023351,2da6e50b-6d0c-4832-a189-a43b1e1c33a7,0,2,1,B,Ball,FT,14,2.0,3.21,1.56,92.7,85.8,36.05,-0.65,50.0,5.5,1.56,1.86,-10.37,7.59,9.5,-134.32,-6.34,-19.26,24.65,-18.09,42.0,6.0,24.0,2153,236,,,,,,,0,1,-1,bottom
2017-05-03,490506,2,445060,R,628338,R,12,Strikeout,4,4,170504_023409,3308331d-37d1-4121-b7e9-a361fe0c7a4f,1,3,1,C,Called Strike,SL,14,2.0,3.28,1.61,82.6,76.9,55.24,-0.77,50.0,5.72,0.92,2.05,3.03,-1.26,3.09,-120.16,-1.59,4.48,20.64,-34.03,8.4,9.6,24.0,,57,,,,,,,0,1,-1,bottom
2017-05-03,490506,2,445060,R,572287,R,13,Flyout,3,1,170504_023444,184893f7-4fcf-4f52-91a1-f560f98eaf8e,0,0,2,B,Ball,SL,14,2.0,3.17,1.38,84.0,78.4,48.24,-0.78,50.0,5.79,1.66,2.37,1.06,-0.19,5.58,-122.04,-1.62,1.63,20.07,-32.47,4.8,8.4,24.0,2457,58,,,,,,,0,1,-1,bottom
2017-05-03,490506,2,445060,R,572287,R,13,Flyout,3,2,170504_023459,1ac64546-9561-4744-bbb2-0de9a2ccadab,1,0,2,B,Ball,SL,14,2.0,3.25,1.48,82.0,76.8,30.36,-0.84,50.0,5.58,1.41,1.59,2.03,-1.76,4.69,-119.18,-2.14,2.97,18.89,-34.76,6.0,9.6,24.0,,43,,,,,,,0,1,-1,bottom
2017-05-03,490506,2,445060,R,572287,R,13,Flyout,3,3,170504_023517,19d909ea-2b58-47f5-9546-979e602e3e85,2,0,2,X,In play- out(s),FT,6,2.0,3.27,1.49,92.0,85.2,38.54,-0.72,50.0,5.57,0.36,2.75,-9.99,4.77,6.31,-133.8,-3.07,-18.35,25.1,-23.41,36.0,6.0,24.0,2147,247,,,,,,,0,1,-1,bottom
2017-05-03,490506,3,445060,R,502481,L,19,Walk,6,1,170504_024633,b6386552-ee7f-4b7e-b719-f08aea4f0eae,0,0,0,B,Ball,FF,13,2.0,3.53,1.72,89.1,82.1,73.7,-0.97,50.0,5.77,-1.08,2.1,-6.0,10.37,1.71,-129.29,-6.59,-10.25,24.49,-14.45,32.4,4.8,24.0,2110,212,,,,502481,,,0,0,-1,bottom
2017-05-03,490506,3,445060,R,502481,L,19,Walk,6,2,170504_024650,5c5e9025-08d6-4c73-81c3-f52b8594e928,1,0,0,B,Ball,SL,13,2.0,3.34,1.68,79.5,73.5,53.37,-1.35,50.0,5.7,-1.15,1.93,2.34,-0.16,-0.25,-115.45,-1.52,3.18,20.19,-32.39,6.0,9.6,24.0,2332,62,,,,502481,,,0,0,-1,bottom
2017-05-03,490506,3,445060,R,502481,L,19,Walk,6,3,170504_024707,712d3407-9762-459c-be37-3c1ab211332f,2,1,0,C,Called Strike,FF,8,2.0,3.42,1.63,90.7,83.5,34.06,-0.85,50.0,5.65,0.2,2.07,-6.23,9.56,4.85,-131.66,-6.41,-11.04,25.51,-15.24,31.2,4.8,24.0,2226,214,,,,502481,,,0,0,-1,bottom
2017-05-03,490506,3,445060,R,502481,L,19,Walk,6,4,170504_024722,e8c389c8-a159-488e-92c0-40fea96dffa7,2,1,0,B,Ball,SL,14,2.0,3.41,1.67,80.1,74.4,13.29,-1.27,50.0,5.59,0.02,1.12,2.09,0.3,2.34,-116.39,-3.42,2.89,20.11,-31.75,6.0,9.6,24.0,2409,69,,,,502481,,,0,0,-1,bottom
2017-05-03,490506,3,445060,R,502481,L,19,Walk,6,5,170504_024738,73b08435-7f96-425f-ba4f-45e0adfc0002,3,2,0,C,Called Strike,FF,8,2.0,3.36,1.65,89.8,82.9,36.89,-0.97,50.0,5.62,-0.17,1.87,-5.89,9.54,4.04,-130.47,-6.71,-10.27,24.77,-15.55,30.0,4.8,24.0,2132,213,,,,502481,,,0,0,-1,bottom
2017-05-03,490506,3,445060,R,502481,L,19,Walk,6,6,170504_024752,a062f00f-35e9-4a74-8c4e-ccd0ebb29682,3,2,0,B,Ball,FT,13,2.0,3.23,1.55,88.6,82.4,42.4,-1.2,50.0,5.42,-1.58,1.66,-8.12,3.96,1.75,-128.85,-4.65,-13.87,22.73,-25.4,27.6,7.2,24.0,2015,250,,,,502481,,,0,0,-1,bottom
2017-05-03,490506,3,445060,R,516416,R,20,Grounded Into DP,2,1,170504_024901,33a88a87-33ee-4ebc-95be-120bd08d2d50,0,0,0,X,In play- out(s),SL,9,2.0,3.15,1.53,80.4,74.3,69.0,-1.08,50.0,5.79,0.42,1.91,1.98,-1.49,2.86,-116.82,-1.54,2.75,21.14,-34.24,4.8,9.6,24.0,2390,43,502481,,,,,,0,2,-1,bottom
2017-05-03,490506,3,445060,R,592325,L,21,Double,4,1,170504_024934,e9c058a9-e61e-4940-a8f5-650b51dc04aa,0,1,2,C,Called Strike,FF,5,2.0,3.51,1.74,91.9,84.4,41.86,-0.72,50.0,5.71,-0.1,2.27,-4.63,10.8,3.24,-133.47,-6.72,-8.4,26.82,-12.54,28.8,3.6,24.0,2180,204,,,,,592325,,0,0,-1,bottom
2017-05-03,490506,3,445060,R,592325,L,21,Double,4,2,170504_024948,7dc2690e-7005-46b9-b701-023f800302f8,0,1,2,S,Swinging Strike,FS,13,2.0,3.27,1.59,81.8,75.9,55.98,-1.11,50.0,5.68,-0.94,1.67,-8.05,4.93,2.89,-118.86,-4.14,-11.65,20.2,-25.04,24.0,8.4,24.0,1531,244,,,,,592325,,0,0,-1,bottom
2017-05-03,490506,3,445060,R,592325,L,21,Double,4,3,170504_025006,d9576eb7-1ebb-466e-b602-80a07783fee9,0,2,2,F,Foul,FS,13,2.0,3.25,1.6,82.6,77.1,13.42,-1.03,50.0,5.6,-0.23,1.07,-6.09,1.49,3.81,-120.08,-4.55,-9.04,19.79,-29.97,15.6,8.4,24.0,1453,266,,,,,592325,,0,0,-1,bottom
2017-05-03,490506,3,445060,R,592325,L,21,Double,4,4,170504_025038,8f0d00f7-7262-4aa8-8027-6d81a0ab6f15,0,2,2,D,In play- no out,FF,4,2.0,3.28,1.73,92.2,84.5,33.92,-0.79,50.0,5.65,-0.39,2.27,-5.57,10.07,2.99,-133.83,-6.34,-10.14,27.65,-13.83,32.4,3.6,24.0,2140,210,,,,,592325,,0,0,-1,bottom
2017-05-03,490506,3,445060,R,429664,L,22,Lineout,6,1,170504_025129,da93542d-9225-47df-abae-f0f87b7aba32,0,1,2,C,Called Strike,KC,7,2.0,3.41,1.68,72.9,67.3,71.96,-1.24,50.0,6.01,-0.52,2.34,7.02,-6.7,-0.41,-105.81,1.86,7.95,18.23,-39.76,10.8,14.4,24.0,2547,43,,592325,,,,,0,1,-1,bottom
2017-05-03,490506,3,445060,R,429664,L,22,Lineout,6,2,170504_025221,c6bb3463-0174-401e-9243-57fa45bfebf6,0,1,2,B,Ball,FS,13,2.0,3.47,1.72,82.0,75.7,57.21,-1.1,50.0,5.56,-0.91,1.47,-7.73,2.92,2.83,-119.03,-3.71,-11.16,21.62,-27.97,20.4,8.4,24.0,1471,257,,592325,,,,,0,1,-1,bottom
2017-05-03,490506,3,445060,R,429664,L,22,Lineout,6,3,170504_025253,e556cc77-a5f7-4e1e-afd4-fcfb92e71dec,1,1,2,S,Swinging Strike,FT,13,2.0,3.5,1.74,91.7,83.6,56.52,-1.08,50.0,5.56,-0.92,2.6,-12.22,5.49,4.6,-133.04,-3.49,-21.87,29.09,-22.35,42.0,7.2,24.0,2112,249,,592325,,,,,0,1,-1,bottom
2017-05-03,490506,3,445060,R,429664,L,22,Lineout,6,4,170504_025329,ae01f571-3e0e-476b-9769-660c9be4a1ed,1,2,2,F,Foul,KC,14,2.0,3.41,1.73,74.9,68.5,47.97,-1.21,50.0,5.88,0.06,1.55,9.12,-6.08,0.18,-108.83,-0.02,10.77,21.82,-39.35,15.6,14.4,24.0,2487,52,,592325,,,,,0,1,-1,bottom
2017-05-03,490506,3,445060,R,429664,L,22,Lineout,6,5,170504_025405,088052c5-3067-44b7-8f32-f8353ce498a2,1,2,2,X,In play- out(s),SL,7,2.0,3.5,1.67,81.5,75.3,41.7,-1.16,50.0,5.63,-0.38,1.86,4.71,-1.53,0.4,-118.43,-1.51,6.72,21.71,-34.35,10.8,9.6,24.0,2370,62,,592325,,,,,0,1,-1,bottom
2017-05-03,490506,4,445060,R,443558,R,26,Single,1,1,170504_030823,3f512ccc-b507-4c28-9020-0840129f4668,0,0,0,D,In play- no out,FF,6,2.0,3.63,1.74,89.9,82.7,64.48,-0.69,50.0,5.75,0.69,2.42,-4.06,10.6,4.93,-130.6,-5.98,-7.07,25.31,-13.7,22.8,3.6,24.0,2217,200,,,,443558,,,0,0,-1,bottom
2017-05-03,490506,4,445060,R,572122,L,27,Lineout,1,1,170504_030904,3cef01ac-8fcc-485b-9ff3-7da44bcc3fa3,0,0,0,X,In play- out(s),FS,7,2.0,3.26,1.51,80.6,74.3,88.58,-1.01,50.0,5.72,-0.62,2.09,-7.73,8.96,3.24,-117.06,-4.18,-10.82,20.39,-19.64,26.4,6.0,24.0,1419,223,443558,,,443558,,,0,1,-1,bottom
2017-05-03,490506,4,445060,R,502143,R,28,Strikeout,4,1,170504_030948,55b3b8f7-6614-4afd-a1e9-a43508ca5023,0,1,1,C,Called Strike,SL,9,2.0,3.4,1.69,82.6,76.6,76.84,-0.97,50.0,5.74,0.57,1.89,0.09,2.21,3.63,-120.03,-3.09,0.13,21.02,-28.92,1.2,8.4,24.0,2232,155,443558,,,443558,,,0,1,-1,bottom
2017-05-03,490506,4,445060,R,502143,R,28,Strikeout,4,2,170504_031008,c4d648f5-5995-49eb-96ac-6cf0c31fe6b7,0,2,1,C,Called Strike,SL,14,2.0,3.47,1.74,83.3,77.2,57.0,-0.95,50.0,5.65,0.86,1.77,0.58,1.32,4.15,-120.94,-3.01,0.88,21.28,-30.2,2.4,8.4,24.0,2296,103,443558,,,443558,,,0,1,-1,bottom
2017-05-03,490506,4,445060,R,502143,R,28,Strikeout,4,3,170504_031029,f1d0ddce-79c3-4af3-89f7-3f35d4d8937d,0,2,1,B,Ball,SL,14,2.0,3.44,1.77,82.8,77.1,59.01,-1.02,50.0,5.63,1.18,1.59,1.68,1.93,4.75,-120.35,-3.53,2.49,20.27,-29.3,6.0,8.4,24.0,2358,111,443558,,,443558,,,0,1,-1,bottom
2017-05-03,490506,4,445060,R,502143,R,28,Strikeout,4,4,170504_031056,a63f2e63-1186-42b0-a834-64c34dbbf01b,1,3,1,C,Called Strike,FT,14,2.0,3.25,1.68,92.7,85.0,55.29,-0.61,50.0,5.58,0.91,2.46,-9.24,9.14,7.26,-134.5,-5.44,-17.02,27.62,-15.33,43.2,4.8,24.0,2112,226,443558,,,443558,,,0,1,-1,bottom
2017-05-03,490506,4,445060,R,628338,R,29,Strikeout,6,1,170504_031128,3431924d-398b-44bc-85cb-110894c1682a,0,0,2,B,Ball,SL,14,2.0,3.32,1.55,82.7,76.6,87.71,-0.87,50.0,5.62,1.26,1.68,0.89,1.81,4.8,-120.17,-3.19,1.31,21.47,-29.5,3.6,8.4,24.0,2398,115,443558,,,,,,0,1,-1,bottom
2017-05-03,490506,4,445060,R,628338,R,29,Strikeout,6,2,170504_031147,41ba913b-1a4b-4078-88b5-fcf1a5a8d2b3,1,1,2,C,Called Strike,FT,14,2.0,3.22,1.6,91.8,84.6,54.61,-0.7,50.0,5.43,0.38,1.53,-10.45,6.23,6.46,-133.14,-6.33,-18.94,26.05,-20.88,38.4,6.0,24.0,2066,243,443558,,,,,,0,1,-1,bottom
2017-05-03,490506,4,445060,R,628338,R,29,Strikeout,6,3,170504_031211,953156e1-91a5-4b23-9f6a-9fea0d0fdad5,1,1,2,B,Ball,SL,14,2.0,3.3,1.62,82.4,76.4,42.21,-1.1,50.0,5.4,0.74,0.88,0.7,0.55,4.14,-119.65,-4.09,1.03,21.59,-31.37,2.4,8.4,24.0,2381,61,443558,,,,,,0,1,-1,bottom
2017-05-03,490506,4,445060,R,628338,R,29,Strikeout,6,4,170504_031223,de95abfb-d5c1-434e-8bed-d826fe92d716,2,1,2,B,Ball,SL,14,2.0,3.29,1.6,82.4,76.6,44.37,-1.17,50.0,5.61,0.37,1.37,1.19,0.76,3.28,-119.81,-3.53,1.75,20.71,-31.06,3.6,8.4,24.0,2363,77,443558,,,,,,0,1,-1,bottom
2017-05-03,490506,4,445060,R,628338,R,29,Strikeout,6,5,170504_031246,f5095f5e-2533-4d40-92e4-533e4895d55c,3,2,2,F,Foul,FF,2,2.0,3.26,1.53,91.9,84.1,29.54,-0.73,50.0,5.55,0.09,2.95,-7.2,10.85,4.63,-133.4,-4.5,-13.03,27.48,-12.54,42.0,3.6,24.0,2007,214,443558,,,,,,0,1,-1,bottom
2017-05-03,490506,4,445060,R,628338,R,29,Strikeout,6,6,170504_031313,32034fb7-1b64-4ab1-8a12-a63f3529e06a,3,2,2,S,Swinging Strike,SL,8,2.0,3.38,1.66,81.3,75.2,28.56,-1.24,50.0,5.66,-0.11,1.85,1.94,-1.84,2.04,-118.1,-1.45,2.75,21.04,-34.8,4.8,9.6,24.0,2276,37,443558,,,,,,0,1,-1,bottom
2017-05-03,490506,5,445060,R,572287,R,35,Double,3,1,170504_033002,6dfb0d9a-07e7-4392-ac2c-fd6706e70e90,0,1,0,F,Foul,FF,3,2.0,3.27,1.44,89.4,82.4,60.33,-0.52,50.0,5.9,0.41,3.17,-2.97,11.66,3.4,-129.85,-4.7,-5.12,24.3,-12.04,19.2,3.6,24.0,2193,193,,,,,572287,,0,0,-1,bottom
2017-05-03,490506,5,445060,R,572287,R,35,Double,3,2,170504_033023,9d3bee05-8b09-4dbd-bbd4-fe88fdc1a47a,0,1,0,B,Ball,KC,14,2.0,3.22,1.47,74.1,68.3,74.65,-0.89,50.0,6.07,0.91,1.3,6.04,-4.72,2.15,-107.5,-1.21,7.03,19.74,-37.66,10.8,13.2,24.0,2537,47,,,,,572287,,0,0,-1,bottom
2017-05-03,490506,5,445060,R,572287,R,35,Double,3,3,170504_033043,56845231-e0ee-4646-b2e7-4d7f71250f70,1,1,0,D,In play- no out,SL,9,2.0,3.16,1.45,80.8,75.0,37.75,-1.03,50.0,5.73,0.25,1.68,2.07,0.25,2.34,-117.4,-2.57,2.92,20.13,-31.83,6.0,9.6,24.0,,71,,,,,572287,,0,0,-1,bottom
2017-05-03,490506,5,445060,R,502481,L,36,Sac Bunt,2,1,170504_033150,446f0d16-2b38-492d-b074-d7fd10cdae82,0,1,0,L,Foul Bunt,FT,14,2.0,3.15,1.44,89.9,82.0,58.45,-0.84,50.0,5.67,0.73,2.34,-8.82,7.96,6.99,-130.24,-4.97,-15.14,27.44,-18.51,34.8,6.0,24.0,2100,230,,572287,,,,572287,0,1,-1,bottom
2017-05-03,490506,5,445060,R,502481,L,36,Sac Bunt,2,2,170504_033230,ae3b4ca5-5eaf-4e9c-8283-c052e39cc5c0,0,1,0,X,In play- out(s),FS,6,2.0,3.26,1.39,79.5,73.0,22.51,-1.15,50.0,5.74,0.29,2.88,-6.19,2.5,5.11,-115.31,-0.22,-8.37,20.48,-28.79,14.4,8.4,24.0,1315,253,,572287,,,,572287,0,1,-1,bottom
2017-05-03,490506,5,445060,R,516416,R,37,Home Run,3,1,170504_033304,6c195f35-1114-4434-93f1-98dee84bf70d,0,0,1,B,Ball,FF,11,2.0,2.93,1.29,89.7,82.0,68.97,-0.95,50.0,5.83,-0.42,3.59,-6.31,7.78,3.47,-130.31,-2.1,-10.86,26.81,-18.77,27.6,4.8,24.0,1927,221,,,572287,,,,2,0,-1,bottom
2017-05-03,490506,5,445060,R,516416,R,37,Home Run,3,2,170504_033323,1b5c5243-3f29-447d-8d68-51703162632b,1,0,1,B,Ball,SL,11,2.0,3.09,1.41,82.2,75.5,51.92,-1.19,50.0,5.85,-1.09,2.97,1.79,-2.52,-0.32,-119.33,0.8,2.59,22.4,-35.81,3.6,9.6,24.0,2439,28,,,572287,,,,2,0,-1,bottom
2017-05-03,490506,5,445060,R,516416,R,37,Home Run,3,3,170504_033346,63652185-84a4-4bf6-aaae-aef9a0c38e29,2,0,1,E,In play- run(s),SL,4,2.0,3.06,1.47,81.8,75.0,29.88,-1.16,50.0,5.69,-0.47,2.5,2.06,0.21,0.98,-118.83,-0.69,2.94,22.9,-31.87,6.0,9.6,24.0,2359,72,,,572287,,,,2,0,-1,bottom
2017-05-03,490506,5,445060,R,592325,L,38,Double,5,1,170504_033434,65677cf7-da61-4fb9-8572-5231fb2acefd,0,0,1,B,Ball,FS,11,2.0,3.32,1.57,79.3,73.5,91.86,-0.93,50.0,5.78,-1.03,2.51,-6.23,2.59,1.64,-115.3,-1.23,-8.49,19.1,-28.65,15.6,8.4,24.0,1247,254,,,,,592325,,0,0,-3,bottom
2017-05-03,490506,5,445060,R,592325,L,38,Double,5,2,170504_033449,693f3236-8501-42d2-90d6-56d4f799fac5,1,0,1,B,Ball,FS,11,2.0,3.31,1.6,79.9,74.2,34.91,-1.11,50.0,5.71,-1.22,2.49,-7.27,2.51,1.93,-116.18,-1.2,-10.07,19.14,-28.7,19.2,8.4,24.0,1205,257,,,,,592325,,0,0,-3,bottom
2017-05-03,490506,5,445060,R,592325,L,38,Double,5,3,170504_033502,3b1434a8-6aac-430e-8c7a-2aca91033333,2,0,1,B,Ball,FT,11,2.0,3.24,1.57,90.0,82.8,54.37,-1.15,50.0,5.57,-1.03,2.48,-9.4,6.57,3.48,-130.67,-3.98,-16.38,25.42,-20.73,36.0,6.0,24.0,2044,238,,,,,592325,,0,0,-3,bottom
2017-05-03,490506,5,445060,R,592325,L,38,Double,5,4,170504_033517,7d473561-0f6c-43eb-be22-b52df4701fe7,3,1,1,C,Called Strike,FF,5,2.0,3.45,1.7,88.8,81.5,30.43,-1.02,50.0,5.59,-0.17,2.26,-7.59,9.58,4.68,-128.87,-5.37,-12.84,25.31,-15.96,34.8,4.8,24.0,2084,220,,,,,592325,,0,0,-3,bottom
2017-05-03,490506,5,445060,R,592325,L,38,Double,5,5,170504_033539,87cc0178-e836-4557-a4ff-13d39d9c6fe0,3,1,1,D,In play- no out,FT,4,2.0,3.31,1.56,89.9,82.9,38.44,-0.98,50.0,5.49,-0.25,2.66,-9.57,7.37,5.11,-130.62,-3.62,-16.72,24.81,-19.31,38.4,6.0,24.0,1967,234,,,,,592325,,0,0,-3,bottom
2017-05-03,490506,5,445060,R,443558,R,40,Single,5,1,170504_033736,ac4e480b-41f2-4db7-ae88-58ba2d5aaa22,0,0,1,B,Ball,SL,14,2.0,3.55,1.67,84.0,78.3,63.15,-0.83,50.0,5.61,1.52,1.34,0.94,2.11,5.4,-121.99,-4.35,1.44,20.71,-28.94,4.8,8.4,24.0,2385,122,429664,592325,,443558,429664,,1,0,-3,bottom
2017-05-03,490506,5,445060,R,443558,R,40,Single,5,2,170504_033817,349bba0b-1c88-4f7c-b08b-22bdbe10a251,2,0,1,*B,Ball In Dirt,FS,14,2.0,3.47,1.59,82.3,75.6,12.48,-0.89,50.0,5.5,1.75,0.77,-8.53,4.89,8.82,-119.04,-5.8,-12.28,22.22,-25.14,22.8,8.4,24.0,1340,246,429664,592325,,443558,429664,,1,0,-3,bottom
2017-05-03,490506,5,445060,R,443558,R,40,Single,5,3,170504_033900,bd20c919-789d-4f83-9f26-e335d5c2a219,2,1,1,F,Foul,FT,13,2.0,3.67,1.78,92.0,83.9,57.59,-0.85,50.0,5.63,-0.85,2.48,-10.24,7.01,3.51,-133.6,-4.61,-18.45,29.51,-19.54,40.8,6.0,24.0,1868,239,429664,592325,,443558,429664,,1,0,-3,bottom
2017-05-03,490506,5,445060,R,443558,R,40,Single,5,4,170504_033933,45bd22ca-e9e4-4336-8047-5ec4d22a691b,2,1,1,B,Ball,FF,14,2.0,3.55,1.69,92.5,85.0,69.85,-0.6,50.0,5.55,1.12,1.55,-5.67,9.55,6.51,-134.1,-7.86,-10.42,26.85,-14.65,30.0,3.6,24.0,2059,211,429664,592325,,443558,429664,,1,0,-3,bottom
2017-05-03,490506,5,445060,R,443558,R,40,Single,5,5,170504_034004,46730b75-6cf4-45d9-8877-1c6a17c86355,3,1,1,E,In play- run(s),SL,9,2.0,3.53,1.72,82.7,75.9,42.58,-1.0,50.0,5.65,0.41,1.81,3.32,1.34,2.33,-120.0,-2.71,4.84,23.37,-30.23,9.6,8.4,24.0,2243,93,429664,592325,,443558,429664,,1,0,-3,bottom
2017-05-08,490577,1,445060,R,459964,L,6,Groundout,2,1,170509_021923,6052233a-f554-44f4-b989-924632e445c7,0,0,0,B,Ball,FF,11,2.0,3.42,1.62,90.4,83.0,83.79,-0.89,50.0,5.94,-1.05,3.52,-4.88,8.54,1.22,-131.59,-3.0,-8.6,26.76,-17.14,25.2,4.8,24.0,2040,209,,,,,,,0,1,2,bottom
2017-05-08,490577,1,445060,R,459964,L,6,Groundout,2,2,170509_021937,0cd7a540-b63f-41a3-8df1-8a867520571c,1,0,0,X,In play- out(s),FT,8,2.0,3.84,1.59,90.6,83.4,44.02,-0.93,50.0,5.78,-0.23,1.87,-9.89,6.24,5.18,-131.61,-6.15,-17.45,26.23,-21.15,36.0,6.0,24.0,1973,238,,,,,,,0,1,2,bottom
2017-05-08,490577,1,445060,R,476704,L,7,Flyout,3,1,170509_022014,83164bdf-8425-4755-8090-fe9c382e0f0f,0,0,1,B,Ball,FF,13,2.0,3.59,1.8,89.8,82.3,43.49,-0.9,50.0,5.84,-1.29,2.06,-8.04,10.19,1.68,-130.53,-6.94,-13.9,27.06,-14.57,40.8,4.8,24.0,2097,219,,,,,,,0,1,2,bottom
2017-05-08,490577,1,445060,R,476704,L,7,Flyout,3,2,170509_022030,1a3a7598-425a-4f17-9f47-f75ba51c83bd,1,1,1,F,Foul,FF,7,2.0,3.38,1.56,90.4,83.3,45.13,-0.78,50.0,5.79,-0.36,1.77,-6.41,9.52,3.27,-131.35,-7.5,-11.3,25.74,-15.41,32.4,4.8,24.0,2140,214,,,,,,,0,1,2,bottom
2017-05-08,490577,1,445060,R,476704,L,7,Flyout,3,3,170509_022100,fe22f7d4-c691-49ca-8c2f-4bddd3d57703,1,1,1,X,In play- out(s),FT,13,2.0,3.84,1.59,90.9,83.6,53.34,-0.84,50.0,5.71,-0.24,1.4,-10.29,5.88,5.07,-131.98,-7.08,-18.24,26.86,-21.76,37.2,7.2,24.0,1991,241,,,,,,,0,1,2,bottom
2017-05-08,490577,1,445060,R,501981,R,8,Strikeout,6,1,170509_022137,641fef41-d81c-4b94-bb88-bebbc64fd7af,0,0,2,B,Ball,FF,13,2.0,3.56,1.69,90.4,83.0,67.19,-0.8,50.0,5.87,-1.27,2.38,-5.4,10.15,0.61,-131.48,-6.31,-9.49,27.01,-14.35,31.2,4.8,24.0,2098,209,,,,,,,0,1,2,bottom
2017-05-08,490577,1,445060,R,501981,R,8,Strikeout,6,2,170509_022158,eadffd19-5501-46a2-a94e-d60c1e5acfeb,1,1,2,C,Called Strike,SL,14,2.0,3.56,1.75,81.9,75.7,49.23,-0.93,50.0,5.86,0.95,2.2,0.62,1.95,4.25,-119.1,-2.4,0.89,21.49,-29.36,3.6,8.4,24.0,2366,148,,,,,,,0,1,2,bottom
2017-05-08,490577,1,445060,R,501981,R,8,Strikeout,6,3,170509_022219,78bc95cb-93e1-48a3-9ee8-f218cc3008d1,1,1,2,S,Swinging Strike,FT,13,2.0,3.53,1.6,90.4,83.8,40.38,-0.96,50.0,5.6,-0.5,0.94,-10.36,5.37,4.71,-131.36,-7.79,-18.3,25.02,-22.7,36.0,7.2,24.0,1858,244,,,,,,,0,1,2,bottom
2017-05-08,490577,1,445060,R,501981,R,8,Strikeout,6,4,170509_022242,0b6025e9-822d-42f3-8bb4-858950180eb4,1,2,2,B,Ball,FF,13,2.0,3.69,1.73,91.2,83.7,39.23,-0.91,50.0,5.74,-1.42,1.59,-5.45,9.23,0.51,-132.61,-7.85,-9.72,28.06,-15.72,28.8,4.8,24.0,2087,212,,,,,,,0,1,2,bottom
2017-05-08,490577,1,445060,R,501981,R,8,Strikeout,6,5,170509_022304,fdb67bae-c790-427c-aed8-2d92319f566b,2,2,2,B,Ball,SL,12,2.0,3.63,1.79,82.1,75.9,18.83,-0.9,50.0,6.01,1.44,2.95,2.54,1.16,4.73,-119.38,-0.79,3.69,21.44,-30.48,8.4,8.4,24.0,,112,,,,,,,0,1,2,bottom
2017-05-08,490577,1,445060,R,501981,R,8,Strikeout,6,6,170509_022330,85630218-279b-47fc-8041-e4a64b284356,3,3,2,C,Called Strike,FT,14,2.0,3.57,1.76,92.7,85.3,55.48,-0.73,50.0,5.65,0.78,2.29,-10.25,5.58,7.59,-134.67,-4.86,-18.96,27.39,-21.86,37.2,6.0,24.0,1958,241,,,,,,,0,1,2,bottom
2017-05-08,490577,2,445060,R,475174,L,13,Strikeout,6,1,170509_023451,da4c525c-76c2-494f-9640-c12eb19ae93f,0,1,0,F,Foul,FT,5,2.0,3.32,1.48,91.2,83.7,38.84,-0.73,50.0,5.83,0.23,2.25,-10.46,6.78,6.05,-132.4,-5.53,-18.65,27.09,-20.09,39.6,6.0,24.0,1935,237,,,,,,,0,1,2,bottom
2017-05-08,490577,2,445060,R,475174,L,13,Strikeout,6,2,170509_023505,c580e394-407e-451d-a02e-fac8528ae222,0,2,0,F,Foul,FS,14,2.0,3.32,1.48,80.9,75.3,44.32,-0.9,50.0,5.85,0.51,1.13,-7.85,0.32,5.65,-117.57,-4.18,-11.1,20.09,-31.73,18.0,9.6,24.0,1409,269,,,,,,,0,1,2,bottom
2017-05-08,490577,2,445060,R,475174,L,13,Strikeout,6,3,170509_023535,1690f4d2-7bcd-4e4d-9737-6f2a2cfddc7e,0,2,0,B,Ball,SL,14,2.0,3.33,1.55,81.5,75.6,51.23,-0.76,50.0,5.84,1.08,1.73,1.0,-2.66,4.01,-118.49,-1.96,1.43,21.41,-35.98,3.6,10.8,24.0,2499,29,,,,,,,0,1,2,bottom
2017-05-08,490577,2,445060,R,475174,L,13,Strikeout,6,4,170509_023555,b37e5e66-5d5d-411e-a594-bf1ab214e0b4,1,2,0,B,Ball,SL,14,2.0,3.37,1.51,82.7,77.6,16.42,-0.71,50.0,5.78,1.57,0.87,1.91,0.11,4.85,-120.33,-5.06,2.86,19.54,-32.01,6.0,8.4,24.0,2428,83,,,,,,,0,1,2,bottom
2017-05-08,490577,2,445060,R,475174,L,13,Strikeout,6,5,170509_023616,c16b9bd4-7127-489d-94d0-d9a5df10fa11,2,2,0,B,Ball,FS,11,2.0,3.49,1.7,81.1,75.7,10.72,-1.0,50.0,5.94,-1.87,2.52,-6.8,1.16,0.02,-117.99,-1.52,-9.75,18.87,-30.51,18.0,9.6,24.0,1464,260,,,,,,,0,1,2,bottom
2017-05-08,490577,2,445060,R,475174,L,13,Strikeout,6,6,170509_023641,4bf48aba-c0c3-4f18-b252-bccd6f43c827,3,2,0,S,Swinging Strike,FF,11,2.0,3.32,1.48,90.7,83.8,52.49,-0.92,50.0,5.82,-0.95,2.69,-4.73,11.92,1.53,-131.92,-6.11,-8.44,24.69,-10.9,33.6,3.6,24.0,2045,201,,,,,,,0,1,2,bottom
2017-05-08,490577,2,445060,R,592387,R,14,Flyout,5,1,170509_023721,2bdaaaaa-76a4-4dd6-8e4f-ce39e23752f0,0,1,1,C,Called Strike,SL,8,2.0,3.65,1.7,81.6,76.0,58.86,-0.93,50.0,5.94,0.04,1.88,0.52,-2.01,2.12,-118.72,-2.14,0.75,20.08,-35.08,1.2,9.6,24.0,2313,20,,,,,,,0,1,2,bottom
2017-05-08,490577,2,445060,R,592387,R,14,Flyout,5,2,170509_023740,53f0cdc7-b5e6-42ca-a6ba-ce8b821f85a3,0,1,1,B,Ball,FT,14,2.0,3.54,1.64,93.3,85.9,38.45,-0.44,50.0,5.64,1.98,1.75,-12.19,5.46,10.74,-135.32,-6.33,-22.78,27.4,-21.96,42.0,7.2,24.0,2115,246,,,,,,,0,1,2,bottom
2017-05-08,490577,2,445060,R,592387,R,14,Flyout,5,3,170509_023758,f41b81a7-47bf-460e-bf0f-60c39f6f1d60,1,1,1,B,Ball,FT,14,2.0,3.55,1.68,92.8,85.3,28.62,-0.26,50.0,5.77,1.41,2.55,-9.94,7.68,7.91,-134.69,-5.21,-18.4,27.29,-17.97,42.0,6.0,24.0,2268,231,,,,,,,0,1,2,bottom
2017-05-08,490577,2,445060,R,592387,R,14,Flyout,5,4,170509_023817,5fd9d0aa-4454-439e-8f5d-358d7ad62537,2,1,1,B,Ball,FT,14,2.0,3.54,1.67,92.0,84.7,38.13,-0.6,50.0,5.6,0.31,1.18,-10.9,5.2,6.16,-133.65,-7.38,-19.79,27.74,-22.73,37.2,7.2,24.0,2113,246,,,,,,,0,1,2,bottom
2017-05-08,490577,2,445060,R,592387,R,14,Flyout,5,5,170509_023847,7b99315f-c28e-47d4-ac84-4dbc71393988,3,1,1,X,In play- out(s),FF,7,2.0,3.79,1.56,92.4,84.9,44.34,-0.9,50.0,5.73,-0.34,1.98,-5.95,10.8,3.54,-134.26,-7.63,-10.92,27.5,-12.34,36.0,3.6,24.0,2256,208,,,,,,,0,1,2,bottom
2017-05-08,490577,2,445060,R,519390,L,15,Strikeout,5,1,170509_023919,90fa7a60-43ad-4e50-8fe7-ea948c1a2b34,0,1,2,C,Called Strike,FF,7,2.0,3.09,1.5,90.3,83.8,67.21,-0.8,50.0,5.71,-0.7,2.04,-5.21,8.52,2.01,-131.46,-6.32,-9.25,24.25,-17.06,26.4,4.8,24.0,2000,212,,,,,,,0,1,2,bottom
2017-05-08,490577,2,445060,R,519390,L,15,Strikeout,5,2,170509_023938,4d60f418-c62b-41ac-948e-a8cee15558ad,0,1,2,B,Ball,FS,14,2.0,3.54,1.74,83.3,77.4,41.06,-0.76,50.0,5.63,1.03,0.68,-9.34,2.35,7.21,-120.83,-5.88,-13.98,20.84,-28.66,24.0,8.4,24.0,1490,257,,,,,,,0,1,2,bottom
2017-05-08,490577,2,445060,R,519390,L,15,Strikeout,5,3,170509_023959,3efab0c1-cf3f-4da2-b940-4638145f2573,1,2,2,C,Called Strike,FT,11,2.0,3.44,1.69,92.0,84.5,54.63,-0.91,50.0,5.67,-0.85,2.52,-10.96,3.48,3.94,-133.81,-3.43,-19.93,28.08,-25.85,36.0,7.2,24.0,1964,252,,,,,,,0,1,2,bottom
2017-05-08,490577,2,445060,R,519390,L,15,Strikeout,5,4,170509_024020,274292c4-0d65-4029-b15b-2a8f919fc0e0,1,2,2,F,Foul,KC,14,2.0,3.31,1.51,74.0,67.9,58.79,-0.97,50.0,6.04,0.4,1.44,7.57,-6.11,0.82,-107.52,-0.42,8.74,21.03,-39.23,13.2,14.4,24.0,2561,52,,,,,,,0,1,2,bottom
2017-05-08,490577,2,445060,R,519390,L,15,Strikeout,5,5,170509_024043,8f349163-138e-4495-8353-444b7fb63cd8,1,2,2,S,Swinging Strike,SL,4,2.0,3.31,1.51,81.9,75.7,27.44,-1.01,50.0,5.9,-0.32,2.62,2.89,0.23,0.75,-119.09,-0.99,4.18,21.32,-31.84,7.2,9.6,24.0,2242,95,,,,,,,0,1,2,bottom
2017-05-08,490577,3,445060,R,461858,R,20,Double,9,1,170509_025152,e83c8fa1-193d-4a6c-9cb1-2c1c14e16660,0,1,0,L,Foul Bunt,FT,11,2.0,3.26,1.5,90.0,83.0,71.56,-0.79,50.0,5.9,-0.91,3.21,-9.87,4.69,3.0,-130.86,-2.38,-17.27,25.15,-23.96,34.8,7.2,24.0,1969,244,,,,,461858,,0,0,2,bottom
2017-05-08,490577,3,445060,R,461858,R,20,Double,9,2,170509_025221,8f5531f5-3f6a-46e5-9a8c-d075018ff340,0,1,0,S,Swinging Strike,SL,5,2.0,3.25,1.49,82.4,76.1,23.21,-0.98,50.0,5.92,-0.05,2.23,1.85,-1.32,1.63,-119.76,-1.55,2.69,22.22,-34.11,4.8,9.6,24.0,2399,57,,,,,461858,,0,0,2,bottom
2017-05-08,490577,3,445060,R,461858,R,20,Double,9,3,170509_025238,111d5e21-0324-4b51-9585-e725a6e18165,0,2,0,B,Ball,SL,14,2.0,3.2,1.55,82.2,75.7,31.51,-0.61,50.0,5.86,1.83,1.41,1.55,-0.39,5.27,-119.4,-3.53,2.23,23.25,-32.74,4.8,9.6,24.0,2354,73,,,,,461858,,0,0,2,bottom
2017-05-08,490577,3,445060,R,461858,R,20,Double,9,4,170509_025252,f7fab47a-640b-41e1-8a2d-afde82676b32,1,2,0,B,Ball,FT,14,2.0,3.1,1.58,92.6,85.0,32.98,-0.48,50.0,5.74,1.31,1.92,-10.88,7.89,8.51,-134.25,-6.82,-19.96,27.59,-17.69,44.4,6.0,24.0,2124,233,,,,,461858,,0,0,2,bottom
2017-05-08,490577,3,445060,R,461858,R,20,Double,9,5,170509_025309,0db21bc2-2319-4e87-a294-83e99a6ee427,2,2,0,F,Foul,SL,9,2.0,3.25,1.49,82.0,76.2,47.16,-0.87,50.0,5.81,0.43,1.63,2.22,-3.4,2.39,-119.36,-2.02,3.23,21.42,-37.11,6.0,10.8,24.0,2460,36,,,,,461858,,0,0,2,bottom
2017-05-08,490577,3,445060,R,461858,R,20,Double,9,6,170509_025335,62ee2e11-cd05-40ff-870c-3577a3bf8fe3,2,2,0,F,Foul,KC,14,2.0,3.25,1.49,73.6,67.8,70.6,-0.82,50.0,6.1,0.79,1.51,7.37,-7.71,1.36,-107.04,0.1,8.45,20.46,-41.02,12.0,14.4,24.0,2560,45,,,,,461858,,0,0,2,bottom
2017-05-08,490577,3,445060,R,461858,R,20,Double,9,7,170509_025356,e804a148-7c31-45ea-93a5-e48dfd34107a,2,2,0,B,Ball,FF,11,2.0,3.2,1.63,91.9,84.1,18.53,-0.99,50.0,5.77,-1.64,2.47,-4.74,8.66,-0.09,-133.67,-5.58,-8.58,28.74,-16.5,26.4,4.8,24.0,2121,210,,,,,461858,,0,0,2,bottom
2017-05-08,490577,3,445060,R,461858,R,20,Double,9,8,170509_025416,9488964e-4e5d-437e-9dc3-e8f795e4ce33,3,2,0,F,Foul,FF,5,2.0,3.25,1.49,93.1,85.2,25.89,-0.75,50.0,5.7,-0.1,2.63,-4.92,8.63,3.46,-135.32,-5.17,-9.15,29.09,-16.15,26.4,3.6,24.0,2206,208,,,,,461858,,0,0,2,bottom
2017-05-08,490577,3,445060,R,461858,R,20,Double,9,9,170509_025447,0e14aabe-ef04-4e95-8866-58fbe71641d9,3,2,0,D,In play- no out,SL,5,2.0,3.25,1.49,80.7,74.5,18.6,-0.95,50.0,5.91,0.07,2.64,1.74,-3.12,1.85,-117.32,0.3,2.43,21.28,-36.55,4.8,10.8,24.0,764,34,,,,,461858,,0,0,2,bottom
2017-05-08,490577,3,445060,R,543094,L,21,Sac Bunt,1,1,170509_025539,c72b4998-910b-4830-83a6-98ac5ed75edc,0,0,0,X,In play- out(s),FT,5,2.0,3.84,1.59,91.2,83.7,34.03,-0.91,50.0,5.76,0.04,2.69,-9.35,7.98,5.67,-132.56,-4.65,-16.73,26.97,-17.91,39.6,6.0,24.0,1951,228,,461858,,,,461858,0,1,2,bottom
2017-05-08,490577,3,445060,R,489267,R,22,Strikeout,4,1,170509_025633,2a913d3c-3000-4648-9c92-95e4bd2a7485,0,0,1,S,Swinging Strike,SL,14,2.0,3.46,1.61,83.2,77.0,82.56,-1.03,50.0,5.91,0.52,1.51,2.12,2.81,3.06,-120.96,-4.71,3.16,22.17,-27.98,7.2,8.4,24.0,,134,,,461858,,,461858,0,1,2,bottom
2017-05-08,490577,3,445060,R,489267,R,22,Strikeout,4,2,170509_025654,e46e0b1e-9b5c-49e9-97d0-69d006b26f77,0,2,1,C,Called Strike,SL,9,2.0,3.6,1.82,82.7,76.3,41.89,-0.9,50.0,5.88,0.58,2.07,2.8,-1.8,2.66,-120.2,-1.71,4.11,22.83,-34.81,7.2,9.6,24.0,2376,60,,,461858,,,461858,0,1,2,bottom
2017-05-08,490577,3,445060,R,489267,R,22,Strikeout,4,3,170509_025714,a797a8a4-19d8-47ce-b034-a35076d71f57,0,2,1,B,Ball,SL,14,2.0,3.35,1.71,82.1,75.9,16.58,-0.65,50.0,5.77,1.64,0.73,2.6,-0.72,4.59,-119.22,-4.8,3.75,22.89,-33.2,7.2,9.6,24.0,2335,70,,,461858,,,461858,0,1,2,bottom
2017-05-08,490577,3,445060,R,489267,R,22,Strikeout,4,4,170509_025741,574cd6e5-10ec-4e42-bb59-db66f87dfc03,1,3,1,C,Called Strike,SL,14,2.0,3.49,1.74,82.4,75.5,60.15,-0.79,50.0,5.81,1.21,1.43,3.97,-0.37,3.5,-119.62,-3.36,5.71,24.62,-32.71,10.8,9.6,24.0,2359,82,,,461858,,,461858,0,1,2,bottom
2017-05-08,490577,3,445060,R,459964,L,23,Flyout,4,1,170509_025822,16642b74-4c66-4b83-8ea4-4c5d9d9899f6,0,0,2,B,Ball,SL,14,2.0,3.31,1.79,81.2,74.5,73.49,-1.02,50.0,5.71,1.07,0.96,2.77,-0.89,4.02,-118.0,-3.83,3.88,24.19,-33.42,7.2,9.6,24.0,2375,70,,,461858,,,,0,1,2,bottom
2017-05-08,490577,3,445060,R,459964,L,23,Flyout,4,2,170509_025841,7ab952ed-3aec-41c7-a191-0f4e2366c271,1,1,2,F,Foul,FT,4,2.0,3.41,1.58,92.2,84.4,37.61,-1.02,50.0,5.64,-0.36,2.31,-9.36,6.78,4.97,-134.07,-5.06,-17.04,28.93,-19.84,37.2,6.0,24.0,2163,234,,,461858,,,,0,1,2,bottom
2017-05-08,490577,3,445060,R,459964,L,23,Flyout,4,3,170509_025905,0839b9a0-9c73-4e24-ac87-00139405da05,1,1,2,B,Ball,KC,11,2.0,3.27,1.7,73.7,67.1,35.75,-1.1,50.0,6.15,-1.54,2.91,7.78,-7.79,-3.03,-106.91,2.99,8.89,20.76,-41.07,12.0,14.4,24.0,2633,46,,,461858,,,,0,1,2,bottom
2017-05-08,490577,3,445060,R,459964,L,23,Flyout,4,4,170509_025938,1c88b766-9d39-4f9e-b320-850fffaa2164,2,1,2,X,In play- out(s),FF,2,2.0,3.84,1.59,91.8,83.8,31.03,-0.69,50.0,5.86,-0.15,2.81,-3.48,12.76,2.63,-133.46,-6.3,-6.28,28.95,-9.17,28.8,2.4,24.0,2090,194,,,461858,,,,0,1,2,bottom
2017-05-08,490577,4,445060,R,476704,L,27,Home Run,1,1,170509_030704,21f2b99f-3e9b-4003-9df1-968ea2405bfa,0,0,0,E,In play- run(s),FS,5,2.0,3.43,1.6,81.2,75.4,70.51,-0.78,50.0,5.89,-0.14,2.25,-8.02,7.64,3.96,-118.1,-4.01,-11.49,19.43,-21.23,26.4,7.2,24.0,1481,225,,,,,,,1,0,2,bottom
2017-05-08,490577,4,445060,R,501981,R,28,Strikeout,4,1,170509_030752,fd3a44d7-c731-4cf4-8077-9db590f20fc4,0,1,0,F,Foul,SL,5,2.0,3.54,1.6,81.3,75.4,54.94,-0.99,50.0,5.84,-0.19,2.39,1.17,0.71,1.51,-118.35,-1.45,1.67,20.73,-31.16,3.6,8.4,24.0,2320,118,,,,,,,0,1,1,bottom
2017-05-08,490577,4,445060,R,501981,R,28,Strikeout,4,2,170509_030812,e37616f0-1660-4027-9498-289b0a0e2d65,0,1,0,B,Ball,KC,14,2.0,3.68,1.79,75.3,68.9,45.78,-0.78,50.0,6.08,1.44,1.41,9.57,-5.06,2.12,-109.3,-1.11,11.39,22.04,-38.2,16.8,13.2,24.0,2660,63,,,,,,,0,1,1,bottom
2017-05-08,490577,4,445060,R,501981,R,28,Strikeout,4,3,170509_030833,f42ac106-23b0-47ce-9636-e75ffe8cb565,1,1,0,S,Swinging Strike,SL,14,2.0,3.53,1.6,81.5,76.1,17.48,-0.67,50.0,5.6,1.63,0.49,0.57,-3.34,5.22,-118.44,-4.12,0.82,20.41,-36.97,2.4,10.8,24.0,2339,18,,,,,,,0,1,1,bottom
2017-05-08,490577,4,445060,R,501981,R,28,Strikeout,4,4,170509_030901,46860663-8d3c-43cd-bbc6-1ba8be531628,1,3,0,C,Called Strike,SL,14,2.0,3.53,1.75,80.9,75.7,60.78,-0.58,50.0,5.85,1.11,1.45,0.71,-1.36,3.73,-117.77,-2.99,1.01,19.29,-34.11,2.4,9.6,24.0,2267,36,,,,,,,0,1,1,bottom
2017-05-08,490577,4,445060,R,475174,L,29,Groundout,5,1,170509_030936,15baf2ff-ba7c-4827-bcaf-dd99aa756a4b,0,0,1,B,Ball,FF,13,2.0,3.49,1.58,91.1,84.5,69.32,-0.82,50.0,5.69,-1.01,2.15,-6.12,7.33,1.6,-132.59,-5.72,-11.05,24.73,-18.95,28.8,4.8,24.0,2166,220,,,,,,,0,1,1,bottom
2017-05-08,490577,4,445060,R,475174,L,29,Groundout,5,2,170509_030953,e09b330d-bd8f-4819-98d1-9ef0b9b9f1bb,1,0,1,B,Ball,SL,14,2.0,3.42,1.6,83.8,77.9,56.34,-0.91,50.0,5.76,1.29,1.53,2.14,2.02,4.65,-121.83,-4.22,3.25,21.45,-29.1,7.2,8.4,24.0,2376,122,,,,,,,0,1,1,bottom
2017-05-08,490577,4,445060,R,475174,L,29,Groundout,5,3,170509_031016,412f8725-8046-4f43-afce-f74b9f1c4bc2,2,1,1,C,Called Strike,FT,13,2.0,3.33,1.61,90.8,84.5,52.57,-1.28,50.0,5.33,-1.01,2.39,-8.86,1.72,3.74,-132.15,-2.2,-15.94,23.5,-29.07,27.6,7.2,24.0,1997,259,,,,,,,0,1,1,bottom
2017-05-08,490577,4,445060,R,475174,L,29,Groundout,5,4,170509_031036,c0f08948-48b4-4157-bfff-9551ba431cd5,2,1,1,B,Ball,FF,12,2.0,3.48,1.76,91.4,84.3,38.35,-0.67,50.0,5.86,1.78,3.34,-6.19,9.51,8.56,-132.8,-3.8,-11.18,25.27,-14.99,31.2,3.6,24.0,2209,209,,,,,,,0,1,1,bottom
2017-05-08,490577,4,445060,R,475174,L,29,Groundout,5,5,170509_031100,5c3569e7-d44d-468c-acc5-2530224a295d,3,1,1,X,In play- out(s),FT,9,2.0,3.68,1.5,90.6,83.8,41.8,-0.78,50.0,5.68,0.31,2.08,-7.78,7.09,5.49,-131.71,-5.66,-13.83,24.83,-19.57,32.4,6.0,24.0,1869,227,,,,,,,0,1,1,bottom
2017-05-08,490577,4,445060,R,592387,R,30,Strikeout,4,1,170509_031142,d813d961-df94-4c1e-8ab4-7574f4b51735,0,1,2,C,Called Strike,SL,9,2.0,3.65,1.73,82.8,77.1,68.49,-0.9,50.0,5.81,0.41,2.07,2.27,-1.65,2.44,-120.47,-1.68,3.37,20.71,-34.62,6.0,9.6,24.0,,57,,,,,,,0,1,1,bottom
2017-05-08,490577,4,445060,R,592387,R,30,Strikeout,4,2,170509_031202,00106c7e-e611-4078-aa9d-ea365d166d36,0,1,2,S,Swinging Strike,KC,14,2.0,3.54,1.64,76.3,70.4,70.39,-0.82,50.0,6.01,0.94,1.79,4.11,-8.83,2.66,-110.92,0.64,5.09,20.87,-43.11,7.2,14.4,24.0,2580,27,,,,,,,0,1,1,bottom
2017-05-08,490577,4,445060,R,592387,R,30,Strikeout,4,3,170509_031225,19f631d8-cb2b-4b93-8f20-d0f3cad5e183,0,2,2,B,Ball,SL,14,2.0,3.42,1.77,82.3,76.6,29.29,-0.73,50.0,5.8,1.35,1.7,1.24,-2.53,4.55,-119.76,-2.18,1.82,20.93,-35.88,3.6,9.6,24.0,2302,34,,,,,,,0,1,1,bottom
2017-05-08,490577,4,445060,R,592387,R,30,Strikeout,4,4,170509_031250,d9a80dd1-68fa-43e2-b090-a97ff77d5142,1,2,2,S,Swinging Strike,FF,12,2.0,3.54,1.64,93.6,85.0,30.4,-0.63,50.0,5.86,1.8,3.35,-3.07,14.07,7.57,-135.85,-5.6,-5.71,30.9,-5.99,28.8,2.4,24.0,2159,188,,,,,,,0,1,1,bottom
2017-05-08,490577,5,445060,R,519390,L,36,Strikeout,3,1,170509_032331,9a3ecbb4-1931-4c18-9518-9c72bbdeda72,0,1,0,F,Foul,FT,4,2.0,3.31,1.51,90.1,82.2,51.93,-0.85,50.0,5.91,-0.57,2.66,-10.92,6.93,4.39,-130.84,-4.47,-18.87,28.37,-20.19,40.8,6.0,24.0,1940,237,,,,,,,0,1,1,bottom
2017-05-08,490577,5,445060,R,519390,L,36,Strikeout,3,2,170509_032348,e3826400-4bc3-4183-9832-1bd26d9ef95e,0,1,0,S,Swinging Strike,FS,14,2.0,3.31,1.51,82.0,76.0,13.56,-0.95,50.0,5.7,0.16,1.02,-8.21,3.82,5.13,-119.21,-5.41,-11.92,21.14,-26.63,21.6,8.4,24.0,1285,246,,,,,,,0,1,1,bottom
2017-05-08,490577,5,445060,R,519390,L,36,Strikeout,3,3,170509_032405,034a7f43-98c1-43db-b982-d16abd996e96,0,3,0,T,Foul Tip,FF,11,2.0,3.3,1.52,91.9,84.1,57.28,-0.7,50.0,5.94,-0.88,2.95,-5.22,10.63,1.3,-133.67,-5.46,-9.46,28.51,-12.91,33.6,3.6,24.0,2168,206,,,,,,,0,1,1,bottom
2017-05-08,490577,5,445060,R,461858,R,37,Home Run,2,1,170509_032436,8fd5eaac-25ec-44d8-85b7-1cca392f3901,0,1,1,F,Foul,FF,12,2.0,3.25,1.49,93.0,85.0,57.34,-0.51,50.0,5.86,0.14,3.4,-6.07,10.3,3.84,-135.15,-4.11,-11.25,28.86,-13.09,37.2,3.6,24.0,2125,209,,,,,,,1,0,1,bottom
2017-05-08,490577,5,445060,R,461858,R,37,Home Run,2,2,170509_032505,f19c836c-7a7b-4a3f-8ca5-966823d40226,0,1,1,E,In play- run(s),FF,5,2.0,3.25,1.49,91.7,84.3,23.28,-0.55,50.0,5.79,0.1,2.43,-5.6,7.61,3.64,-133.43,-5.39,-10.16,27.32,-18.38,26.4,4.8,24.0,2120,216,,,,,,,1,0,1,bottom
2017-05-08,490577,5,445060,R,543094,L,38,Lineout,1,1,170509_032601,ab4bdb64-e93f-4796-b2c3-50b8d1f9b0a3,0,0,1,X,In play- out(s),FF,5,2.0,3.66,1.49,91.2,83.7,44.38,-0.68,50.0,5.83,0.17,2.62,-3.32,7.93,3.36,-132.71,-4.99,-5.93,27.51,-17.99,15.6,4.8,24.0,1959,201,,,,,,,0,1,0,bottom
2017-05-08,490577,5,445060,R,489267,R,39,Double,1,1,170509_032635,73491bdd-214c-4884-9aa5-7096a52200d4,0,0,2,D,In play- no out,SL,5,2.0,3.46,1.61,83.6,76.6,51.84,-0.95,50.0,5.84,-0.12,2.39,1.04,-0.31,1.67,-121.54,-1.45,1.56,24.6,-32.64,3.6,8.4,24.0,2311,76,,,,,489267,,0,0,0,bottom
2017-05-08,490577,5,445060,R,459964,L,40,Groundout,4,1,170509_032731,3370a954-2050-4285-b46e-163cca955f27,0,0,2,S,Swinging Strike,FS,13,2.0,3.42,1.61,81.4,75.5,91.94,-1.34,50.0,5.78,-0.92,2.37,-7.0,1.25,3.12,-118.46,-1.54,-10.04,20.46,-30.38,16.8,9.6,24.0,1395,259,,489267,,,,,0,1,0,bottom
2017-05-08,490577,5,445060,R,459964,L,40,Groundout,4,2,170509_032753,d3b633f1-d754-416d-aa9f-64e482ff7c2f,0,1,2,B,Ball,FT,13,2.0,3.43,1.76,91.1,83.9,55.44,-0.96,50.0,5.61,-1.19,2.26,-9.31,2.39,2.57,-132.46,-3.45,-16.62,27.02,-27.92,28.8,7.2,24.0,1860,256,,489267,,,,,0,1,0,bottom
2017-05-08,490577,5,445060,R,459964,L,40,Groundout,4,3,170509_032814,ef8aeed1-956a-49ec-ab43-89e87c4044c1,1,1,2,B,Ball,SL,14,2.0,3.3,1.72,82.4,76.4,65.77,-0.97,50.0,5.67,0.93,1.27,1.21,-1.3,4.15,-119.76,-3.23,1.77,21.87,-34.07,3.6,9.6,24.0,,49,,489267,,,,,0,1,0,bottom
2017-05-08,490577,5,445060,R,459964,L,40,Groundout,4,4,170509_032835,17791129-64b7-4dd8-ae5d-34f30fcbfe59,2,1,2,X,In play- out(s),FT,13,2.0,3.84,1.59,91.2,84.0,64.9,-1.03,50.0,5.65,-0.92,1.81,-9.58,4.2,3.55,-132.62,-5.38,-17.14,27.18,-24.66,32.4,7.2,24.0,1870,247,,489267,,,,,0,1,0,bottom
2017-05-08,490577,6,445060,R,476704,L,45,Groundout,3,1,170509_033849,d9143660-8e14-4a32-87c4-3f83a29305a7,0,1,0,F,Foul,SL,5,2.0,3.38,1.56,83.7,76.7,53.26,-0.96,50.0,5.77,0.21,2.4,1.84,1.06,2.22,-121.64,-1.71,2.75,24.45,-30.59,6.0,8.4,24.0,2213,115,,,,,,,0,1,0,bottom
2017-05-08,490577,6,445060,R,476704,L,45,Groundout,3,2,170509_033912,4e49a44a-2de2-4d84-9f6b-dbda9706abd4,0,1,0,B,Ball,FT,11,2.0,3.57,1.78,90.8,83.2,52.79,-0.78,50.0,5.95,-0.92,4.1,-8.26,6.9,2.43,-132.13,-1.01,-14.66,27.23,-19.93,34.8,6.0,24.0,1989,228,,,,,,,0,1,0,bottom
2017-05-08,490577,6,445060,R,476704,L,45,Groundout,3,3,170509_033931,692798fc-a253-4c46-941a-0a0b42a827c3,1,1,0,X,In play- out(s),FT,7,2.0,3.75,1.53,89.9,83.0,52.09,-0.71,50.0,5.66,-0.52,2.11,-8.38,4.29,3.33,-130.81,-4.41,-14.63,25.67,-24.69,28.8,7.2,24.0,2001,243,,,,,,,0,1,0,bottom
2017-05-08,490577,6,445060,R,501981,R,46,Strikeout,4,1,170509_034006,df74d849-60c2-4273-b53d-a8a3a798c279,0,0,1,S,Swinging Strike,SL,14,2.0,3.53,1.6,81.8,75.7,82.06,-0.78,50.0,5.77,1.05,2.11,0.11,0.27,4.26,-118.93,-1.88,0.15,21.4,-31.79,1.2,9.6,24.0,2323,110,,,,,,,0,1,0,bottom
2017-05-08,490577,6,445060,R,501981,R,46,Strikeout,4,2,170509_034024,b149ea1d-9d0a-464e-9423-123e38bb93a7,0,1,1,S,Swinging Strike,SL,14,2.0,3.53,1.6,82.8,76.3,52.71,-0.72,50.0,5.73,1.15,1.92,1.2,-0.55,4.08,-120.4,-2.12,1.76,23.12,-32.99,3.6,9.6,24.0,2285,70,,,,,,,0,1,0,bottom
2017-05-08,490577,6,445060,R,501981,R,46,Strikeout,4,3,170509_034041,e1abd52f-6d42-49e3-8fe9-885d0756427b,0,2,1,B,Ball,SL,14,2.0,3.59,1.7,81.7,75.9,16.57,-0.81,50.0,5.64,1.39,0.68,1.23,-2.34,4.79,-118.75,-4.1,1.76,21.74,-35.52,3.6,10.8,24.0,,34,,,,,,,0,1,0,bottom
2017-05-08,490577,6,445060,R,501981,R,46,Strikeout,4,4,170509_034103,28ba4937-d18f-4160-9845-426dc0b46ade,1,2,1,S,Swinging Strike,FF,1,2.0,3.53,1.6,91.7,83.9,44.66,-0.9,50.0,5.79,-0.47,3.24,-4.35,12.31,2.61,-133.41,-4.85,-7.86,28.19,-9.95,33.6,2.4,24.0,2164,198,,,,,,,0,1,0,bottom
2017-05-08,490577,6,445060,R,475174,L,47,Strikeout,5,1,170509_034139,2fc0d372-b135-42e3-bac4-a24c98ac4bf7,0,0,2,B,Ball,FT,13,2.0,3.33,1.57,92.0,84.1,37.85,-0.75,50.0,5.64,-1.43,1.88,-10.4,6.21,1.75,-133.62,-5.93,-18.75,29.46,-20.98,39.6,6.0,24.0,1964,240,,,,,,,0,1,0,bottom
2017-05-08,490577,6,445060,R,475174,L,47,Strikeout,5,2,170509_034153,3de8931d-0421-44ed-884c-d4354df7effb,1,0,2,S,Swinging Strike,FS,14,2.0,3.32,1.48,81.9,76.2,23.78,-0.69,50.0,5.58,0.46,0.94,-6.64,3.51,4.74,-118.95,-5.24,-9.63,20.07,-27.08,18.0,8.4,24.0,1366,243,,,,,,,0,1,0,bottom
2017-05-08,490577,6,445060,R,475174,L,47,Strikeout,5,3,170509_034217,9cdf6227-76ec-470a-ad3b-b514c0c1eaf2,1,2,2,C,Called Strike,KC,11,2.0,3.55,1.72,75.0,69.0,62.01,-1.01,50.0,6.11,-0.81,2.86,7.1,-7.41,-1.54,-108.83,2.58,8.5,19.41,-41.05,12.0,14.4,24.0,2595,45,,,,,,,0,1,0,bottom
2017-05-08,490577,6,445060,R,475174,L,47,Strikeout,5,4,170509_034242,c7d25eab-e9cf-4d51-9bf9-d025b03715de,1,2,2,B,Ball,FS,14,2.0,3.45,1.69,82.1,77.0,37.2,-0.82,50.0,5.44,1.02,-0.02,-6.74,2.11,6.44,-119.24,-6.84,-9.88,18.86,-29.08,16.8,8.4,24.0,1389,255,,,,,,,0,1,0,bottom
2017-05-08,490577,6,445060,R,475174,L,47,Strikeout,5,5,170509_034307,2f2c5df6-c8e9-4662-a7ef-54061f8bf8b2,2,3,2,T,Foul Tip,FF,2,2.0,3.32,1.49,92.9,84.6,34.92,-0.55,50.0,5.81,-0.19,2.98,-5.39,11.7,2.83,-135.1,-5.53,-9.94,30.34,-10.63,38.4,3.6,24.0,2270,204,,,,,,,0,1,0,bottom
2017-05-08,490577,7,445060,R,592387,R,51,Groundout,4,1,170509_035330,900648f1-fe94-45e8-b077-962b683795ec,0,0,0,B,Ball,SL,14,2.0,3.67,1.83,83.2,76.8,61.77,-0.67,50.0,5.61,1.73,1.63,0.61,-0.42,5.56,-120.86,-2.63,0.9,23.02,-32.79,3.6,9.6,24.0,2410,67,,,,,,,0,1,0,bottom
2017-05-08,490577,7,445060,R,592387,R,51,Groundout,4,2,170509_035348,36c581e4-5304-43c0-9329-cce2583d02d5,1,0,0,B,Ball,SL,14,2.0,3.45,1.77,82.1,75.8,16.4,-0.61,50.0,5.64,2.66,-0.03,0.31,1.75,7.6,-119.09,-7.0,0.44,23.33,-29.67,3.6,8.4,24.0,,126,,,,,,,0,1,0,bottom
2017-05-08,490577,7,445060,R,592387,R,51,Groundout,4,3,170509_035412,84f8f0ff-4f2a-4bbb-b664-cdcbd3fe6749,2,1,0,C,Called Strike,FT,1,2.0,3.79,1.77,89.8,82.9,46.19,-1.14,50.0,5.45,-0.5,2.95,-10.89,3.24,5.32,-130.56,-1.37,-18.99,24.89,-26.52,33.6,7.2,24.0,2049,252,,,,,,,0,1,0,bottom
2017-05-08,490577,7,445060,R,592387,R,51,Groundout,4,4,170509_035432,91c24796-cb77-4802-8a4f-2559931c08d2,2,1,0,X,In play- out(s),SL,5,2.0,3.95,1.68,81.8,75.1,19.77,-0.93,50.0,5.85,0.01,2.75,-0.03,-0.27,2.23,-118.95,-0.33,-0.05,22.98,-32.57,1.2,9.6,24.0,,68,,,,,,,0,1,0,bottom
2017-05-08,490577,7,445060,R,519390,L,52,Single,5,1,170509_035512,5bde1e69-80fa-4f92-b59c-d0757a75c14e,0,1,1,C,Called Strike,KC,7,2.0,3.37,1.59,72.3,66.3,79.28,-1.03,50.0,6.08,-0.69,1.99,7.02,-8.3,-1.19,-105.03,1.57,7.75,19.7,-41.34,10.8,15.6,24.0,2502,41,,,,519390,,,0,0,0,bottom
2017-05-08,490577,7,445060,R,519390,L,52,Single,5,2,170509_035539,58238b18-3974-4c50-80e6-cfb06deb7475,0,1,1,B,Ball,KC,14,2.0,3.49,1.86,74.7,69.3,33.29,-0.8,50.0,5.79,1.95,-1.36,7.47,-9.63,3.8,-108.35,-4.99,8.73,21.86,-43.43,12.0,15.6,24.0,2638,38,,,,519390,,,0,0,0,bottom
2017-05-08,490577,7,445060,R,519390,L,52,Single,5,3,170509_035600,4b8bf203-a83d-4506-8cf7-9cf8d4e0cccd,1,1,1,B,Ball,FS,11,2.0,3.54,1.76,79.2,73.2,13.67,-1.04,50.0,5.91,-2.35,2.74,-6.0,2.8,-1.2,-115.26,-0.99,-8.12,20.3,-28.39,15.6,8.4,24.0,1302,244,,,,519390,,,0,0,0,bottom
2017-05-08,490577,7,445060,R,519390,L,52,Single,5,4,170509_035619,8dd15e01-4eea-4c13-9d73-ae7976cbc184,2,2,1,F,Foul,FT,1,2.0,3.31,1.51,89.8,81.5,54.54,-0.96,50.0,5.82,-0.48,3.19,-10.51,6.96,4.73,-130.57,-2.8,-17.98,29.75,-20.27,39.6,6.0,24.0,2028,235,,,,519390,,,0,0,0,bottom
2017-05-08,490577,7,445060,R,519390,L,52,Single,5,5,170509_035651,0c84993e-5653-4f75-8d29-4a2d1e991844,2,2,1,D,In play- no out,FF,4,2.0,3.31,1.5,91.7,83.9,45.0,-0.65,50.0,5.67,-0.68,2.43,-4.92,10.09,1.62,-133.35,-5.88,-8.86,28.58,-14.0,28.8,3.6,24.0,2227,206,,,,519390,,,0,0,0,bottom
2017-05-08,490577,7,445060,R,461858,R,53,Strikeout,6,1,170509_035753,b1fae6ae-57fe-4f46-a6ea-289cf7428231,1,0,1,*B,Ball In Dirt,SL,14,2.0,3.16,1.55,81.8,75.3,55.18,-0.88,50.0,5.45,1.54,0.18,0.46,-2.51,5.52,-118.7,-4.67,0.66,23.99,-35.73,2.4,10.8,24.0,,23,519390,,,519390,,,0,1,0,bottom
2017-05-08,490577,7,445060,R,461858,R,53,Strikeout,6,2,170509_035820,e702a9f9-124c-498d-b669-914b9a4df374,1,0,1,B,Ball,SL,14,2.0,3.23,1.67,81.0,74.7,24.45,-1.15,50.0,5.64,0.35,0.88,1.68,-1.11,2.98,-117.73,-3.79,2.36,22.59,-33.73,4.8,9.6,24.0,,56,519390,,,519390,,,0,1,0,bottom
2017-05-08,490577,7,445060,R,461858,R,53,Strikeout,6,3,170509_035847,149955e2-f790-4494-822d-080f92db4cb4,2,1,1,C,Called Strike,FT,14,2.0,3.12,1.5,90.0,83.7,66.85,-0.65,50.0,5.48,0.75,1.46,-9.1,4.17,6.71,-130.77,-5.67,-16.02,23.41,-24.83,30.0,7.2,24.0,1915,246,519390,,,519390,,,0,1,0,bottom
2017-05-08,490577,7,445060,R,461858,R,53,Strikeout,6,4,170509_035916,f796e930-9b91-4484-8372-50f7094672a2,2,2,1,F,Foul,FT,8,2.0,3.25,1.49,91.3,83.6,37.8,-0.77,50.0,5.66,-0.09,2.07,-10.14,7.32,5.22,-132.52,-5.73,-18.05,27.95,-19.13,39.6,6.0,24.0,1953,234,519390,,,519390,,,0,1,0,bottom
2017-05-08,490577,7,445060,R,461858,R,53,Strikeout,6,5,170509_035948,76a6f9d0-c97d-400e-92f0-42ca525c83d3,2,2,1,B,Ball,FF,13,2.0,3.28,1.62,92.1,84.8,45.65,-0.58,50.0,5.61,-0.21,1.52,-5.04,7.76,2.73,-134.01,-7.45,-9.22,27.53,-17.99,24.0,4.8,24.0,2000,213,519390,,,519390,,,0,1,0,bottom
2017-05-08,490577,7,445060,R,461858,R,53,Strikeout,6,6,170509_040013,bbd30b56-3bc5-45dd-9474-7bbf6101293c,3,2,1,S,Swinging Strike,SL,14,2.0,3.25,1.49,82.3,77.0,61.76,-0.94,50.0,5.59,0.97,1.37,0.46,0.01,4.39,-119.82,-3.31,0.68,19.66,-32.15,2.4,8.4,24.0,2271,79,519390,,,519390,,,0,1,0,bottom
2017-05-08,490577,7,445060,R,543094,L,54,Groundout,7,1,170509_040056,ca0d5b85-ad81-4ae4-b1bc-8a5c26e4e762,0,1,2,C,Called Strike,KC,4,2.0,3.37,1.65,73.5,67.6,71.11,-1.14,50.0,6.01,-0.67,2.39,8.16,-6.21,-1.23,-106.79,1.71,9.37,19.23,-39.31,13.2,14.4,24.0,2435,54,519390,,,,,,0,1,0,bottom
2017-05-08,490577,7,445060,R,543094,L,54,Groundout,7,2,170509_040140,130548d6-405f-4ca1-86d7-3c6e359bc38c,0,1,2,B,Ball,FT,13,2.0,3.37,1.68,90.8,83.1,63.41,-1.03,50.0,5.63,-1.18,1.84,-9.94,7.88,2.97,-131.95,-6.33,-17.5,28.41,-18.31,40.8,6.0,24.0,2021,232,519390,,,,,,0,1,0,bottom
2017-05-08,490577,7,445060,R,543094,L,54,Groundout,7,3,170509_040205,63577ea2-3c1c-4067-a1d9-7c2658bead38,1,1,2,S,Swinging Strike,FF,5,2.0,3.36,1.53,92.4,84.5,24.36,-0.76,50.0,5.69,0.07,2.42,-8.14,10.16,5.02,-134.3,-6.1,-14.87,28.78,-13.6,43.2,4.8,24.0,2139,218,519390,,,,,,0,1,0,bottom
2017-05-08,490577,7,445060,R,543094,L,54,Groundout,7,4,170509_040236,6f97a2a5-519b-409a-ab23-b874527dd8d6,2,2,2,*B,Ball In Dirt,SL,14,2.0,3.33,1.65,82.6,76.1,16.94,-0.86,50.0,5.4,1.69,-0.91,2.53,2.27,5.23,-119.71,-8.77,3.66,24.17,-28.9,8.4,8.4,24.0,,111,519390,,,,,,0,1,0,bottom
2017-05-08,490577,7,445060,R,543094,L,54,Groundout,7,5,170509_040316,a7987c67-44b8-43a4-876d-3011a46b3774,2,2,2,B,Ball,SL,13,2.0,3.37,1.69,78.7,72.5,21.44,-1.42,50.0,5.56,-2.07,1.97,2.64,-2.39,-2.24,-114.47,-0.29,3.5,21.13,-35.34,4.8,10.8,24.0,2154,46,519390,,,,,,0,1,0,bottom
2017-05-08,490577,7,445060,R,543094,L,54,Groundout,7,6,170509_040350,aa4d5307-68ee-4aba-9f8a-5bddf04c4605,3,2,2,X,In play- out(s),FT,8,2.0,3.84,1.59,91.9,84.6,42.78,-0.7,50.0,5.53,0.2,1.76,-9.15,4.3,5.52,-133.59,-5.37,-16.6,27.56,-24.38,31.2,7.2,24.0,2085,245,519390,,,,,,0,1,0,bottom
2017-05-13,490643,1,445060,R,435079,R,0,Walk,5,1,170514_010800,f866043f-ebe3-476e-b165-126ba0aa38e3,0,1,0,C,Called Strike,FF,14,2.0,3.5,1.74,90.4,82.8,66.11,-0.53,50.0,6.12,1.17,2.5,-5.29,9.18,6.2,-131.06,-6.28,-9.23,26.84,-16.15,25.2,4.8,24.0,2296,210,,,,435079,,,0,0,0,top
2017-05-13,490643,1,445060,R,435079,R,0,Walk,5,2,170514_010817,d479facf-d13c-4481-b1bc-448e4bba18c8,0,1,0,B,Ball,FF,14,2.0,3.65,1.78,90.7,82.9,29.34,-0.57,50.0,6.06,1.32,2.18,-3.99,10.73,6.25,-131.43,-7.51,-6.99,27.51,-13.39,21.6,3.6,24.0,2254,199,,,,435079,,,0,0,0,top
2017-05-13,490643,1,445060,R,435079,R,0,Walk,5,3,170514_010830,00194043-b8f0-4649-a0a7-d057bf96eb87,1,1,0,B,Ball,FT,14,2.0,3.61,1.82,91.2,84.0,31.9,-0.63,50.0,5.89,1.61,1.22,-9.16,6.23,8.98,-132.04,-8.18,-16.32,25.85,-21.07,32.4,6.0,24.0,2094,240,,,,435079,,,0,0,0,top
2017-05-13,490643,1,445060,R,435079,R,0,Walk,5,4,170514_010845,a941c639-19b2-4df1-8030-c07495a98451,2,1,0,B,Ball,SL,3,2.0,3.41,1.71,82.1,75.3,43.21,-1.19,50.0,6.13,0.35,3.27,2.32,-0.87,2.93,-119.1,0.37,3.34,22.64,-33.43,6.0,9.6,24.0,,58,,,,435079,,,0,0,0,top
2017-05-13,490643,1,445060,R,435079,R,0,Walk,5,5,170514_010902,3b5c5655-411c-43b1-b4a9-90695dd44ee0,3,1,0,B,Ball,FT,14,2.0,3.65,1.79,90.8,83.6,35.63,-0.62,50.0,5.84,1.6,2.04,-9.01,6.79,8.86,-131.61,-6.06,-15.94,25.72,-20.16,33.6,6.0,24.0,2096,235,,,,435079,,,0,0,0,top
2017-05-13,490643,1,445060,R,592206,R,1,Flyout,8,1,170514_010940,8dd979a8-8b84-4e23-a0ba-db0f66d13619,0,1,0,C,Called Strike,FT,9,2.0,3.98,2.06,90.7,83.0,61.81,-0.81,50.0,5.91,0.66,2.4,-9.12,6.87,6.89,-131.61,-5.25,-16.02,27.34,-20.09,34.8,6.0,24.0,1972,236,435079,,,,,,0,2,0,top
2017-05-13,490643,1,445060,R,592206,R,1,Flyout,8,2,170514_011018,30d8f2df-74c0-4813-b87d-bfd4dcbeb273,1,1,0,*B,Ball In Dirt,SL,14,2.0,3.97,1.9,81.2,75.2,21.97,-0.99,50.0,5.86,1.3,0.83,1.28,0.53,4.93,-117.86,-4.98,1.81,21.72,-31.43,4.8,9.6,24.0,2290,65,435079,,,,,,0,2,0,top
2017-05-13,490643,1,445060,R,592206,R,1,Flyout,8,3,170514_011056,9451285e-4da2-4679-8392-cf74ad51a91a,1,1,0,S,Swinging Strike,SL,14,2.0,3.7,1.74,81.4,75.4,24.12,-0.7,50.0,6.05,1.94,2.06,3.12,-1.97,5.21,-118.16,-1.86,4.43,21.42,-34.97,8.4,9.6,24.0,2503,52,435079,,,,,,0,2,0,top
2017-05-13,490643,1,445060,R,592206,R,1,Flyout,8,4,170514_011121,32192e61-98e2-4b4e-8815-ad5220912eec,1,2,0,B,Ball,SL,14,2.0,4.06,2.04,81.1,75.1,16.85,-0.82,50.0,5.96,1.79,1.45,2.23,-3.39,5.4,-117.69,-2.56,3.14,21.58,-36.95,6.0,10.8,24.0,2471,33,435079,,,,,,0,2,0,top
2017-05-13,490643,1,445060,R,592206,R,1,Flyout,8,5,170514_011216,94b5a2c3-6436-4ad5-b5ff-8bb3aa28bde9,2,2,0,B,Ball,FT,14,2.0,4.22,2.11,90.3,83.2,51.41,-0.68,50.0,5.76,1.15,1.65,-8.64,6.01,7.67,-130.93,-6.5,-15.13,25.45,-21.66,31.2,6.0,24.0,1924,239,435079,,,,,,0,2,0,top
2017-05-13,490643,1,445060,R,592206,R,1,Flyout,8,6,170514_011406,cb804d11-6746-4905-a581-a8f53307b673,3,2,0,X,In play- out(s),FF,2,2.0,3.93,1.63,90.0,81.8,39.23,-0.9,50.0,6.06,0.19,3.51,-5.46,9.39,4.65,-130.44,-3.43,-9.39,27.95,-16.04,26.4,4.8,24.0,2186,210,435079,,,,,,0,2,0,top
2017-05-13,490643,1,445060,R,408234,R,2,Strikeout,4,1,170514_011436,5bd3339a-21f8-471d-b7ba-ed9249bfa0f9,0,1,2,C,Called Strike,FF,14,2.0,3.96,2.12,91.9,83.7,70.48,-0.71,50.0,6.0,0.51,2.1,-5.11,9.55,4.96,-133.17,-7.4,-9.16,29.17,-15.07,26.4,3.6,24.0,2242,209,,,,,,,0,1,0,top
2017-05-13,490643,1,445060,R,408234,R,2,Strikeout,4,2,170514_011452,42787d1b-f6df-4cea-b28f-825944a918c1,0,1,2,B,Ball,FF,13,2.0,3.84,2.06,91.5,83.5,63.3,-1.03,50.0,5.95,-1.09,2.15,-5.97,9.03,1.87,-132.67,-6.86,-10.62,28.77,-16.11,30.0,4.8,24.0,2235,217,,,,,,,0,1,0,top
2017-05-13,490643,1,445060,R,408234,R,2,Strikeout,4,3,170514_011507,133a60e4-1697-4478-b2f8-fea70f6176e0,1,1,2,S,Swinging Strike,SL,14,2.0,3.6,1.78,83.0,76.9,46.66,-0.88,50.0,6.09,0.77,2.31,4.45,-2.51,2.56,-120.67,-1.52,6.61,22.07,-35.9,10.8,9.6,24.0,2408,54,,,,,,,0,1,0,top
2017-05-13,490643,1,445060,R,408234,R,2,Strikeout,4,4,170514_011524,c8e610eb-fc70-48e9-958c-15620b6ca968,1,2,2,S,Swinging Strike,FT,9,2.0,3.6,1.78,91.6,84.2,56.04,-0.69,50.0,5.88,0.7,2.2,-10.28,4.59,7.15,-132.91,-5.12,-18.48,27.09,-23.93,34.8,7.2,24.0,1937,250,,,,,,,0,1,0,top
2017-05-13,490643,2,445060,R,400121,L,7,Single,2,1,170514_012627,d116d0bd-60fa-4ac1-9d65-24a874384a87,0,0,0,B,Ball,FT,11,2.0,3.51,1.89,89.9,82.7,67.31,-1.07,50.0,6.0,-1.2,3.24,-9.76,5.75,2.95,-130.55,-2.84,-16.98,25.31,-22.17,36.0,6.0,24.0,2061,243,,,,400121,,,0,0,0,top
2017-05-13,490643,2,445060,R,400121,L,7,Single,2,2,170514_012647,fe8c0a76-227c-483c-ae0a-f9f50a92b307,1,0,0,D,In play- no out,FF,8,2.0,3.33,1.54,90.1,83.4,30.19,-0.77,50.0,5.92,0.04,2.03,-6.82,8.18,4.4,-130.79,-6.66,-11.97,24.12,-17.82,30.0,4.8,24.0,2154,222,,,,400121,,,0,0,0,top
2017-05-13,490643,2,445060,R,457708,R,8,Flyout,2,1,170514_012728,2b1dc772-c2c5-4cd8-b14e-5bad65540877,0,1,0,F,Foul,FT,14,2.0,3.55,1.59,89.4,82.8,65.14,-0.73,50.0,5.86,0.75,1.93,-6.59,6.0,6.04,-129.73,-5.89,-11.39,23.62,-21.81,24.0,6.0,24.0,1960,231,400121,,,400121,,,0,1,0,top
2017-05-13,490643,2,445060,R,457708,R,8,Flyout,2,2,170514_012801,54127b82-c005-4e05-8b2d-c88c71933d4e,0,1,0,X,In play- out(s),SL,6,2.0,3.84,1.59,82.0,75.3,37.57,-0.93,50.0,5.99,0.45,2.39,1.33,1.08,2.84,-118.93,-1.94,1.91,22.58,-30.63,4.8,8.4,24.0,2530,90,400121,,,400121,,,0,1,0,top
2017-05-13,490643,2,445060,R,502110,R,9,Home Run,2,1,170514_012829,42f9b11d-4c67-42be-ac80-6fc21f5f13b7,0,1,1,C,Called Strike,SL,6,2.0,3.84,1.84,80.4,74.2,64.5,-0.91,50.0,6.0,0.43,2.55,2.22,0.43,2.44,-116.76,-1.15,3.09,20.75,-31.57,6.0,9.6,24.0,,77,400121,,,,,,2,0,0,top
2017-05-13,490643,2,445060,R,502110,R,9,Home Run,2,2,170514_012856,df56151d-6da9-47a8-a1d5-06ef92efe440,0,1,1,E,In play- run(s),FT,8,2.0,3.72,1.68,91.3,83.5,37.86,-1.23,50.0,5.81,-0.19,2.21,-10.64,6.35,6.35,-132.4,-5.42,-18.93,27.74,-20.89,38.4,6.0,24.0,2074,242,400121,,,,,,2,0,0,top
2017-05-13,490643,2,445060,R,607385,L,10,Strikeout,3,1,170514_012939,d52767f2-d23f-4e60-8b6b-102c95d41bd5,0,1,1,C,Called Strike,KC,4,2.0,3.11,1.6,71.8,65.2,63.91,-1.18,50.0,6.35,-0.42,2.47,8.26,-9.73,-0.64,-103.96,2.57,8.86,20.7,-42.61,12.0,16.8,24.0,2528,37,,,,,,,0,1,-2,top
2017-05-13,490643,2,445060,R,607385,L,10,Strikeout,3,2,170514_012959,8c088022-c416-43cb-a964-f59b82db770f,0,2,1,F,Foul,FT,13,2.0,3.23,1.51,90.3,82.7,62.58,-0.9,50.0,5.73,-0.54,1.35,-8.71,6.05,3.85,-130.88,-7.11,-15.12,27.5,-21.68,32.4,6.0,24.0,1964,241,,,,,,,0,1,-2,top
2017-05-13,490643,2,445060,R,607385,L,10,Strikeout,3,3,170514_013012,b00f61c5-d002-4362-9c9f-524bebd321e7,0,3,1,W,Swinging Strike (Blocked),SL,14,2.0,3.24,1.51,81.6,75.8,22.84,-0.93,50.0,5.95,1.43,0.81,3.18,-4.8,4.58,-118.43,-3.7,4.53,21.9,-39.01,7.2,10.8,24.0,2502,32,,,,,,,0,1,-2,top
2017-05-13,490643,2,445060,R,543510,R,11,Lineout,2,1,170514_013055,ffbefe70-a32e-402e-ba76-924ef215a050,0,0,2,S,Swinging Strike,SL,14,2.0,3.46,1.53,79.1,73.0,90.12,-0.79,50.0,6.09,0.82,1.52,3.59,-1.95,2.58,-114.88,-2.69,4.8,21.33,-34.78,8.4,10.8,24.0,,51,,,,,,,0,1,-2,top
2017-05-13,490643,2,445060,R,543510,R,11,Lineout,2,2,170514_013113,c105dbaa-71c4-442c-b64a-f05aa98cc72c,0,1,2,X,In play- out(s),SL,14,2.0,3.84,1.59,81.0,74.6,31.97,-1.04,50.0,5.99,0.05,1.56,1.63,-2.14,2.04,-117.59,-2.7,2.27,22.52,-35.17,3.6,10.8,24.0,2368,30,,,,,,,0,1,-2,top
2017-05-13,490643,3,445060,R,578428,R,16,Groundout,3,1,170514_014705,4d0691ab-e5f3-4547-a4dd-f7b693ef2b5e,0,1,0,F,Foul,FF,12,2.0,3.13,1.39,89.5,81.7,80.12,-0.67,50.0,6.17,0.76,3.49,-5.37,10.23,5.46,-129.82,-4.01,-9.18,26.84,-14.7,27.6,3.6,24.0,2314,207,,,,,,,0,1,-2,top
2017-05-13,490643,3,445060,R,578428,R,16,Groundout,3,2,170514_014728,ffca738e-a6d1-4c41-a19c-6d51d1d9742f,0,2,0,F,Foul,FF,3,2.0,3.13,1.39,90.0,82.8,51.58,-0.59,50.0,6.13,0.7,2.68,-4.13,9.88,4.73,-130.65,-6.06,-7.19,25.22,-14.95,21.6,3.6,24.0,2247,202,,,,,,,0,1,-2,top
2017-05-13,490643,3,445060,R,578428,R,16,Groundout,3,3,170514_014749,f0d4158f-8965-421a-a0c0-684acabe7326,0,2,0,X,In play- out(s),SL,4,2.0,3.7,1.52,79.9,74.1,29.49,-1.01,50.0,6.15,-0.36,2.33,3.53,-1.65,0.43,-116.12,-1.28,4.86,19.93,-34.45,8.4,10.8,24.0,2385,54,,,,,,,0,1,-2,top
2017-05-13,490643,3,445060,R,435079,R,17,Flyout,3,1,170514_014832,eaa25c82-039f-4f7b-b082-75f9b08747fb,0,1,1,C,Called Strike,SL,14,2.0,3.47,1.76,80.7,74.5,91.7,-0.86,50.0,6.04,1.14,1.66,2.57,1.33,3.84,-117.15,-3.59,3.59,21.39,-30.32,7.2,9.6,24.0,2395,91,,,,,,,0,1,-2,top
2017-05-13,490643,3,445060,R,435079,R,17,Flyout,3,2,170514_014847,eaed1623-cee4-471c-b488-5328cf025582,0,1,1,B,Ball,SL,14,2.0,3.69,1.86,82.0,76.0,41.09,-0.76,50.0,6.09,1.13,1.43,3.45,-0.99,3.38,-119.08,-3.85,4.98,21.63,-33.61,9.6,9.6,24.0,2459,60,,,,,,,0,1,-2,top
2017-05-13,490643,3,445060,R,435079,R,17,Flyout,3,3,170514_014907,620af634-9f9c-41c2-b16a-acec6c631995,1,1,1,X,In play- out(s),FF,2,2.0,3.75,1.54,90.5,82.6,27.38,-0.91,50.0,6.04,0.01,3.27,-4.22,8.99,3.8,-131.3,-4.0,-7.37,27.51,-16.46,20.4,4.8,24.0,2173,205,,,,,,,0,1,-2,top
2017-05-13,490643,3,445060,R,592206,R,18,Flyout,7,1,170514_014942,b403170c-fb0d-42d9-97a6-804d545da152,0,0,2,B,Ball,SL,14,2.0,4.02,2.01,82.1,75.6,58.36,-0.75,50.0,6.09,1.93,2.23,4.12,1.17,5.04,-119.08,-2.61,5.93,22.52,-30.49,12.0,8.4,24.0,2319,90,,,,,,,0,1,-2,top
2017-05-13,490643,3,445060,R,592206,R,18,Flyout,7,2,170514_015001,cf2803f8-321f-4799-848b-84714b8b8d4e,1,1,2,F,Foul,SL,4,2.0,3.7,1.75,82.3,76.1,38.66,-1.1,50.0,6.1,-0.69,2.87,2.35,-1.57,0.24,-119.62,-0.38,3.43,21.34,-34.46,6.0,9.6,24.0,,45,,,,,,,0,1,-2,top
2017-05-13,490643,3,445060,R,592206,R,18,Flyout,7,3,170514_015031,0a77736e-d185-433c-ae28-82a344a296b6,1,1,2,B,Ball,KC,14,2.0,3.98,2.01,75.0,69.3,33.28,-0.63,50.0,6.23,2.25,1.27,8.92,-8.04,3.7,-109.0,-0.87,10.62,21.04,-41.74,14.4,14.4,24.0,2609,45,,,,,,,0,1,-2,top
2017-05-13,490643,3,445060,R,592206,R,18,Flyout,7,4,170514_015050,3f410daf-d84f-43f1-92ce-af70ae89db85,2,2,2,F,Foul,FT,8,2.0,3.7,1.75,91.4,83.9,42.96,-0.6,50.0,5.85,0.13,1.91,-8.4,6.14,4.79,-132.56,-6.29,-15.01,27.27,-21.2,32.4,6.0,24.0,2045,238,,,,,,,0,1,-2,top
2017-05-13,490643,3,445060,R,592206,R,18,Flyout,7,5,170514_015125,e7462454-e26c-4da6-8dc4-ed42e0adf265,2,2,2,F,Foul,SL,5,2.0,3.7,1.75,81.9,75.6,19.36,-0.89,50.0,6.14,0.02,2.81,3.17,-2.36,1.15,-119.01,-0.28,4.56,21.77,-35.58,7.2,9.6,24.0,2363,45,,,,,,,0,1,-2,top
2017-05-13,490643,3,445060,R,592206,R,18,Flyout,7,6,170514_015158,1ab85c5c-28ed-4b06-aa47-f1bec7f1ade5,2,2,2,F,Foul,SL,8,2.0,3.7,1.75,81.1,75.2,27.62,-1.07,50.0,6.0,-0.11,2.09,2.63,-3.81,1.44,-117.86,-1.07,3.72,20.88,-37.58,6.0,10.8,24.0,2323,31,,,,,,,0,1,-2,top
2017-05-13,490643,3,445060,R,592206,R,18,Flyout,7,7,170514_015245,9a7b249c-7467-4bcc-8881-ccf4ded24c0c,2,2,2,X,In play- out(s),FF,6,2.0,3.93,1.63,92.0,84.1,34.2,-0.63,50.0,6.04,0.37,3.06,-2.8,9.68,3.61,-133.5,-5.09,-5.06,27.89,-14.64,15.6,3.6,24.0,2151,195,,,,,,,0,1,-2,top
2017-05-13,490643,4,445060,R,408234,R,24,Flyout,4,1,170514_021003,46258424-2be3-410f-9fe5-67a346885cf4,0,0,0,B,Ball,SL,14,2.0,3.83,2.02,80.6,75.1,55.09,-0.77,50.0,6.08,1.71,1.34,2.04,0.45,5.15,-117.01,-4.22,2.86,19.58,-31.54,6.0,9.6,24.0,2354,74,,,,,,,0,1,-2,top
2017-05-13,490643,4,445060,R,408234,R,24,Flyout,4,2,170514_021017,4623f426-9dc3-4cc6-8c7a-f72a0f11aa26,1,1,0,C,Called Strike,SL,14,2.0,3.71,1.9,80.1,74.3,57.96,-0.82,50.0,6.1,1.23,1.87,3.98,-0.01,3.54,-116.31,-2.76,5.49,20.28,-32.18,10.8,9.6,24.0,2378,75,,,,,,,0,1,-2,top
2017-05-13,490643,4,445060,R,408234,R,24,Flyout,4,3,170514_021032,f11307f1-53c9-4447-89c3-36d9c07329cb,1,2,0,C,Called Strike,KC,6,2.0,3.73,1.87,74.0,68.2,44.08,-1.04,50.0,6.33,0.48,2.73,10.47,-5.09,0.35,-107.59,1.36,12.21,19.51,-38.12,18.0,14.4,24.0,2515,60,,,,,,,0,1,-2,top
2017-05-13,490643,4,445060,R,408234,R,24,Flyout,4,4,170514_021101,a0e202a8-36bb-4fcd-a751-e510c63b4d14,1,2,0,X,In play- out(s),FS,7,2.0,3.93,1.63,80.5,74.6,27.13,-1.14,50.0,5.99,-0.27,2.15,-8.16,2.54,4.46,-116.89,-2.73,-11.41,19.81,-28.62,20.4,8.4,24.0,1544,259,,,,,,,0,1,-2,top
2017-05-13,490643,4,445060,R,400121,L,25,Walk,7,1,170514_021140,257155ba-482a-44b0-8541-f036946d50f0,0,0,1,B,Ball,FT,11,2.0,3.58,1.78,88.5,81.4,42.0,-0.93,50.0,6.08,-1.45,3.43,-6.26,6.81,0.75,-128.62,-2.71,-10.56,24.84,-20.68,26.4,6.0,24.0,2029,226,,,,400121,,,0,0,-2,top
2017-05-13,490643,4,445060,R,400121,L,25,Walk,7,2,170514_021208,7fba3254-f28d-45da-80aa-f14e44bc5dec,1,0,1,B,Ball,SL,14,2.0,3.58,1.77,78.4,73.5,46.14,-1.24,50.0,5.74,1.03,1.31,0.18,-1.83,5.09,-113.99,-2.41,0.23,17.63,-34.62,1.2,10.8,24.0,2340,15,,,,400121,,,0,0,-2,top
2017-05-13,490643,4,445060,R,400121,L,25,Walk,7,3,170514_021227,a83c8423-c8ee-4372-a6f2-3dc019331fbe,2,0,1,B,Ball,FT,11,2.0,3.48,1.82,88.6,81.2,53.74,-1.33,50.0,5.67,-1.03,2.73,-11.69,1.7,4.63,-128.52,-1.69,-19.59,26.03,-29.33,32.4,8.4,24.0,2001,266,,,,400121,,,0,0,-2,top
2017-05-13,490643,4,445060,R,400121,L,25,Walk,7,4,170514_021246,181413ae-f53b-445c-b700-e8a230ee0c4b,3,1,1,C,Called Strike,FF,4,2.0,3.49,1.77,89.2,82.0,44.98,-1.14,50.0,5.84,-0.63,2.73,-4.66,7.07,2.86,-129.64,-4.06,-7.97,25.57,-20.07,19.2,4.8,24.0,2073,216,,,,400121,,,0,0,-2,top
2017-05-13,490643,4,445060,R,400121,L,25,Walk,7,5,170514_021308,76c7bb34-b2f7-4e7a-bb4f-bd9be18fc073,3,2,1,F,Foul,FF,2,2.0,3.33,1.54,90.9,82.7,33.22,-0.89,50.0,5.9,-0.05,3.07,-5.96,8.36,4.18,-131.87,-4.01,-10.48,28.58,-17.49,27.6,4.8,24.0,2132,217,,,,400121,,,0,0,-2,top
2017-05-13,490643,4,445060,R,400121,L,25,Walk,7,6,170514_021335,4d98e581-f7a0-4d3b-8b4b-9c26176d2611,3,2,1,F,Foul,FT,9,2.0,3.33,1.54,90.3,82.9,52.48,-0.91,50.0,5.68,0.53,1.95,-8.85,5.68,6.72,-131.03,-5.37,-15.46,26.43,-22.26,31.2,6.0,24.0,2017,241,,,,400121,,,0,0,-2,top
2017-05-13,490643,4,445060,R,400121,L,25,Walk,7,7,170514_021434,2748219d-7154-4fe8-9b3f-e7f56ba17973,3,2,1,B,Ball,SL,14,2.0,3.4,1.77,80.3,73.6,64.21,-0.95,50.0,5.82,1.17,1.44,1.8,-0.85,4.33,-116.44,-2.79,2.46,22.94,-33.34,4.8,9.6,24.0,2338,48,,,,400121,,,0,0,-2,top
2017-05-13,490643,4,445060,R,457708,R,26,Walk,6,1,170514_021512,25b5c868-f9ea-459f-befd-c298f0f36954,0,0,1,B,Ball,SL,14,2.0,4.01,1.98,83.4,77.0,55.4,-0.8,50.0,5.88,1.86,1.36,3.67,0.18,5.21,-120.93,-4.14,5.46,22.94,-31.91,10.8,9.6,24.0,2445,76,400121,,,457708,400121,,0,0,-2,top
2017-05-13,490643,4,445060,R,457708,R,26,Walk,6,2,170514_021533,117f3b7e-80a3-4897-8cad-2f942353ae03,1,0,1,S,Swinging Strike,SL,4,2.0,3.55,1.59,81.4,75.7,24.25,-1.27,50.0,6.03,-0.33,2.6,1.73,-2.83,1.69,-118.41,-0.33,2.49,20.1,-36.24,4.8,10.8,24.0,,28,400121,,,457708,400121,,0,0,-2,top
2017-05-13,490643,4,445060,R,457708,R,26,Walk,6,3,170514_021607,202814d9-6602-4c83-bda4-b8ef06494cd1,2,1,1,*B,Ball In Dirt,FS,14,2.0,3.99,1.99,82.4,76.2,25.51,-1.0,50.0,5.75,0.48,0.76,-7.76,4.74,5.9,-119.46,-6.46,-11.29,21.5,-25.28,21.6,8.4,24.0,1555,245,400121,,,457708,400121,,0,0,-2,top
2017-05-13,490643,4,445060,R,457708,R,26,Walk,6,4,170514_021634,c717a81a-fb3e-4c98-937a-c77b014f4ebd,3,1,1,*B,Ball In Dirt,FT,14,2.0,4.04,1.92,90.7,84.0,40.25,-0.83,50.0,5.57,0.47,0.45,-8.56,4.62,6.3,-131.57,-8.77,-15.14,25.44,-24.0,28.8,7.2,24.0,1915,248,400121,,,457708,400121,,0,0,-2,top
2017-05-13,490643,4,445060,R,457708,R,26,Walk,6,5,170514_021704,81fe24ac-67f9-4237-b1bb-e67f1dcaa50a,3,2,1,F,Foul,FT,5,2.0,3.55,1.59,91.1,83.8,32.68,-0.77,50.0,5.87,-0.0,2.87,-8.56,4.47,4.93,-132.28,-3.26,-15.27,26.37,-24.2,30.0,6.0,24.0,1979,246,400121,,,457708,400121,,0,0,-2,top
2017-05-13,490643,4,445060,R,457708,R,26,Walk,6,6,170514_021739,98cd97ad-8d1d-40fa-adf9-e8394d30e7c4,4,2,1,*B,Ball In Dirt,SL,14,2.0,3.91,2.03,81.1,75.8,22.32,-0.95,50.0,5.67,1.42,0.23,1.27,-2.89,5.15,-117.75,-4.96,1.8,20.05,-36.27,3.6,10.8,24.0,2371,24,400121,,,457708,400121,,0,0,-2,top
2017-05-13,490643,4,445060,R,502110,R,27,Single,1,1,170514_021843,fadc5695-c8e7-4717-a9e1-c081922488a2,0,0,1,D,In play- no out,SL,8,2.0,3.72,1.69,81.5,75.2,58.0,-1.21,50.0,6.02,-0.02,1.98,2.35,-4.17,2.07,-118.39,-1.31,3.34,22.28,-38.11,6.0,10.8,24.0,2200,27,457708,400121,,502110,457708,400121,0,0,-2,top
2017-05-13,490643,4,445060,R,607385,L,28,Strikeout,4,1,170514_021935,a47b961c-3f6a-41bb-a2ef-ce0c3aab1a95,0,1,1,C,Called Strike,FT,7,2.0,3.61,1.79,91.0,83.9,65.7,-1.13,50.0,5.77,-0.61,1.81,-9.54,2.86,4.61,-132.21,-5.2,-17.0,26.49,-27.07,30.0,7.2,24.0,2019,259,502110,457708,400121,502110,457708,400121,0,1,-2,top
2017-05-13,490643,4,445060,R,607385,L,28,Strikeout,4,2,170514_021956,b891a52d-cd7a-414d-9e0d-604ffda22778,0,1,1,S,Swinging Strike,FT,13,2.0,3.25,1.51,90.7,83.5,75.89,-1.03,50.0,5.64,-1.01,1.23,-10.88,3.01,3.73,-131.69,-6.3,-19.16,27.23,-26.87,33.6,7.2,24.0,2031,261,502110,457708,400121,502110,457708,400121,0,1,-2,top
2017-05-13,490643,4,445060,R,607385,L,28,Strikeout,4,3,170514_022021,3b49129c-6473-44af-89d2-ba696f4f78c3,1,2,1,*B,Ball In Dirt,KC,14,2.0,3.26,1.54,74.4,69.1,32.28,-1.3,50.0,5.92,0.17,-0.22,6.93,-10.46,1.22,-108.27,-2.6,8.13,20.98,-44.45,10.8,15.6,24.0,2576,31,502110,457708,400121,502110,457708,400121,0,1,-2,top
2017-05-13,490643,4,445060,R,607385,L,28,Strikeout,4,4,170514_022049,e7f6d421-033c-4e07-8b16-0f7e9bfe8505,1,3,1,W,Swinging Strike (Blocked),SL,14,2.0,3.24,1.51,81.1,75.4,32.34,-1.14,50.0,5.81,0.55,0.84,3.26,-3.28,2.97,-117.86,-3.71,4.61,21.13,-36.82,7.2,10.8,24.0,2344,39,502110,457708,400121,502110,457708,400121,0,1,-2,top
2017-05-13,490643,4,445060,R,543510,R,29,Groundout,3,1,170514_022139,b9b2b02a-aefa-428f-81b0-92ef4d347627,0,0,2,B,Ball,SL,14,2.0,3.69,1.71,81.0,75.1,71.11,-0.97,50.0,5.95,0.23,1.3,2.07,-4.73,2.15,-117.63,-2.48,2.92,21.56,-38.82,4.8,10.8,24.0,,22,502110,457708,400121,,,,0,1,-2,top
2017-05-13,490643,4,445060,R,543510,R,29,Groundout,3,2,170514_022158,985551c5-f9cb-4d97-8109-4575d6a5137c,2,0,2,*B,Ball In Dirt,SL,14,2.0,3.67,1.75,83.3,77.6,42.34,-0.84,50.0,5.81,0.93,0.57,4.08,-0.66,2.97,-121.07,-5.65,6.11,21.8,-33.17,10.8,9.6,24.0,,65,502110,457708,400121,,,,0,1,-2,top
2017-05-13,490643,4,445060,R,543510,R,29,Groundout,3,3,170514_022226,08ced826-7854-4e97-b256-5c960c64e046,2,0,2,X,In play- out(s),FT,5,2.0,3.84,1.59,91.5,84.7,27.37,-0.9,50.0,5.83,-0.12,2.69,-7.58,3.78,4.67,-132.93,-3.5,-13.74,24.97,-25.33,26.4,6.0,24.0,2060,248,502110,457708,400121,,,,0,1,-2,top
2017-05-13,490643,5,445060,R,578428,R,33,Lineout,6,1,170514_023124,da843adb-5bea-4c6b-be5b-2b89593a473e,0,0,0,B,Ball,SL,14,2.0,3.27,1.8,83.0,77.0,53.07,-0.91,50.0,6.04,1.39,2.17,4.45,-0.12,4.11,-120.55,-2.47,6.6,21.55,-32.35,12.0,9.6,24.0,2420,77,,,,,,,0,1,-2,top
2017-05-13,490643,5,445060,R,578428,R,33,Lineout,6,2,170514_023140,59a2e324-391f-4a13-97a2-8cf84315d98c,1,1,0,C,Called Strike,SL,14,2.0,3.33,1.74,79.4,73.9,58.25,-1.14,50.0,5.94,0.84,1.74,2.84,-3.25,3.7,-115.41,-1.6,3.86,19.8,-36.59,7.2,10.8,24.0,2360,38,,,,,,,0,1,-2,top
2017-05-13,490643,5,445060,R,578428,R,33,Lineout,6,3,170514_023159,9e3e5e74-7c44-498a-b9fe-f9af2b59dffd,1,2,0,C,Called Strike,FS,14,2.0,3.42,1.54,80.9,74.8,55.41,-1.08,50.0,5.78,0.9,1.56,-8.24,5.79,7.09,-117.32,-4.64,-11.59,20.26,-24.03,22.8,7.2,24.0,1438,238,,,,,,,0,1,-2,top
2017-05-13,490643,5,445060,R,578428,R,33,Lineout,6,4,170514_023217,d11ea77c-cd5a-4c27-b69a-fb368167a824,1,2,0,B,Ball,FF,11,2.0,3.49,1.65,90.7,83.4,20.42,-1.05,50.0,5.91,-2.21,2.71,-6.54,7.58,-0.81,-131.72,-4.74,-11.56,26.37,-18.78,31.2,4.8,24.0,2157,226,,,,,,,0,1,-2,top
2017-05-13,490643,5,445060,R,578428,R,33,Lineout,6,5,170514_023237,8e104df9-db80-476d-a252-f9839b1fc0f8,2,2,0,B,Ball,KC,14,2.0,3.4,1.63,74.9,69.5,33.09,-0.81,50.0,6.0,1.84,0.83,7.87,-6.14,3.49,-108.87,-1.88,9.41,19.89,-39.51,14.4,14.4,24.0,2534,48,,,,,,,0,1,-2,top
2017-05-13,490643,5,445060,R,578428,R,33,Lineout,6,6,170514_023301,36c323d2-e767-48de-9112-74ccfa009574,3,2,0,X,In play- out(s),FF,9,2.0,3.7,1.51,89.6,82.1,42.68,-0.87,50.0,5.73,0.35,1.83,-5.7,7.47,5.04,-130.04,-6.25,-9.76,26.97,-19.36,22.8,4.8,24.0,2053,220,,,,,,,0,1,-2,top
2017-05-13,490643,5,445060,R,435079,R,34,Single,6,1,170514_023336,b0d5e512-12d0-4ee3-88c5-70f256b4cd81,0,1,1,F,Foul,FT,4,2.0,3.36,1.47,90.6,83.1,40.21,-0.7,50.0,5.82,-0.32,2.36,-7.85,7.16,3.65,-131.48,-5.24,-13.79,26.85,-19.6,32.4,6.0,24.0,2013,231,,,,,435079,,0,0,-2,top
2017-05-13,490643,5,445060,R,435079,R,34,Single,6,2,170514_023358,fdc643c5-a751-4110-9bb4-157fd564224c,0,1,1,B,Ball,FF,14,2.0,3.57,1.72,91.1,84.0,58.47,-0.51,50.0,5.96,1.23,2.14,-3.94,9.71,5.92,-132.12,-7.18,-7.04,25.27,-14.82,20.4,3.6,24.0,2203,201,,,,,435079,,0,0,-2,top
2017-05-13,490643,5,445060,R,435079,R,34,Single,6,3,170514_023416,f2b637bd-12dc-4ac6-8cc5-10609080782d,1,1,1,B,Ball,KC,14,2.0,3.48,1.69,75.3,69.5,45.1,-0.97,50.0,6.17,1.41,1.58,7.22,-7.05,3.11,-109.24,-0.42,8.67,20.21,-40.64,12.0,14.4,24.0,2523,43,,,,,435079,,0,0,-2,top
2017-05-13,490643,5,445060,R,435079,R,34,Single,6,4,170514_023434,e1c663cf-9303-4131-9bfa-0fc4e86b856d,2,2,1,T,Foul Tip,FF,12,2.0,3.36,1.47,91.0,83.6,53.69,-0.59,50.0,5.93,0.51,3.4,-2.85,9.88,3.87,-132.22,-3.83,-5.08,26.24,-14.55,15.6,3.6,24.0,2246,195,,,,,435079,,0,0,-2,top
2017-05-13,490643,5,445060,R,435079,R,34,Single,6,5,170514_023500,3ad15249-8961-4652-8436-41e8376779c5,2,2,1,B,Ball,FF,12,2.0,3.55,1.75,92.0,84.2,52.06,-0.51,50.0,6.03,0.4,3.66,-4.62,10.17,3.98,-133.6,-3.66,-8.4,27.4,-13.69,27.6,3.6,24.0,2325,204,,,,,435079,,0,0,-2,top
2017-05-13,490643,5,445060,R,435079,R,34,Single,6,6,170514_023523,ec69bf10-a626-48c6-ae4a-435f03a1de5f,3,2,1,D,In play- no out,FT,5,2.0,3.36,1.47,90.9,84.2,34.58,-0.61,50.0,5.69,0.14,2.16,-8.61,1.9,4.92,-132.18,-3.78,-15.41,25.03,-28.78,26.4,7.2,24.0,2148,263,,,,,435079,,0,0,-2,top
2017-05-13,490643,5,445060,R,592206,R,35,Strikeout,5,1,170514_023617,1df23f75-fad7-4a32-84b4-204ff31a459c,0,0,1,S,Swinging Strike,SL,14,2.0,3.73,1.77,82.5,76.8,88.37,-0.97,50.0,5.92,0.95,1.95,2.42,-3.36,3.81,-119.92,-1.64,3.56,20.83,-37.13,6.0,10.8,24.0,2370,33,,435079,,,435079,,0,1,-2,top
2017-05-13,490643,5,445060,R,592206,R,35,Strikeout,5,2,170514_023647,c1cf9979-e288-4634-b071-160e4cca3896,0,1,1,S,Swinging Strike,FF,6,2.0,3.7,1.74,92.5,84.9,27.39,-0.62,50.0,6.0,0.27,2.77,-5.28,9.48,4.19,-134.22,-5.81,-9.71,27.17,-14.76,28.8,3.6,24.0,2248,210,,435079,,,435079,,0,1,-2,top
2017-05-13,490643,5,445060,R,592206,R,35,Strikeout,5,3,170514_023718,564299c0-1a6d-49f9-947c-b5bb1dd620a1,0,2,1,B,Ball,SL,14,2.0,4.09,2.02,81.4,75.4,38.58,-1.05,50.0,5.83,0.76,0.82,1.71,-2.42,3.71,-118.22,-4.08,2.43,22.18,-35.61,4.8,10.8,24.0,2497,30,,435079,,,435079,,0,1,-2,top
2017-05-13,490643,5,445060,R,592206,R,35,Strikeout,5,4,170514_023746,8e0ec0e3-c58d-4171-9c53-2f69f4c8cb00,2,2,1,*B,Ball In Dirt,SL,14,2.0,4.07,1.96,83.0,76.5,16.61,-0.86,50.0,5.69,1.3,0.3,2.32,-1.7,4.41,-120.34,-5.47,3.38,24.03,-34.66,6.0,9.6,24.0,2538,42,,435079,,,435079,,0,1,-2,top
2017-05-13,490643,5,445060,R,592206,R,35,Strikeout,5,5,170514_023823,00b90eb7-f27d-45ea-94d4-ddb4eaccf28f,2,2,1,S,Swinging Strike,SL,14,2.0,3.7,1.74,81.2,75.2,55.13,-1.07,50.0,5.91,0.7,1.66,2.79,-2.7,3.29,-118.0,-2.21,3.96,21.45,-36.0,7.2,10.8,24.0,2388,40,,435079,,,435079,,0,1,-2,top
2017-05-13,490643,5,445060,R,408234,R,36,Groundout,1,1,170514_023914,d2203810-dad2-4b18-97af-b72c3ec7eeb5,0,0,2,X,In play- out(s),SL,14,2.0,3.93,1.63,81.2,74.8,88.65,-0.97,50.0,5.96,0.75,1.6,3.28,-4.45,3.0,-117.95,-1.89,4.61,22.9,-38.43,7.2,10.8,24.0,2356,33,,435079,,,,,0,1,-2,top
2017-05-13,490643,6,445060,R,400121,L,44,Groundout,6,1,170514_030140,b26e0110-fc2c-4f0c-84f0-d589c2dbc97e,0,1,0,C,Called Strike,KC,8,2.0,3.46,1.73,70.3,64.6,63.11,-1.16,50.0,6.3,0.11,1.96,8.61,-6.88,0.29,-101.97,1.11,8.97,18.35,-39.35,13.2,15.6,24.0,2467,47,,,,,,,0,1,0,top
2017-05-13,490643,6,445060,R,400121,L,44,Groundout,6,2,170514_030159,8e39e89d-3e12-4bf2-b413-ae90fdf267a9,0,1,0,S,Swinging Strike,FS,7,2.0,3.33,1.54,79.0,72.7,35.5,-1.16,50.0,5.88,-0.44,1.78,-6.23,3.27,3.46,-114.62,-3.13,-8.3,20.68,-27.81,15.6,8.4,24.0,1360,251,,,,,,,0,1,0,top
2017-05-13,490643,6,445060,R,400121,L,44,Groundout,6,3,170514_030224,67c28c61-b41b-40dc-a05e-44da7f6efab1,0,2,0,B,Ball,FT,13,2.0,3.55,1.84,90.6,83.1,29.32,-0.94,50.0,5.86,-1.79,2.43,-8.14,6.85,0.53,-131.49,-5.05,-14.3,27.02,-20.14,33.6,6.0,24.0,2159,235,,,,,,,0,1,0,top
2017-05-13,490643,6,445060,R,400121,L,44,Groundout,6,4,170514_030247,2b08fd67-6950-496e-9da2-eea3bc48b4ec,1,2,0,F,Foul,FF,12,2.0,3.33,1.54,90.3,82.4,60.18,-0.64,50.0,6.09,0.8,3.04,-5.01,10.04,5.4,-130.98,-5.04,-8.71,27.55,-14.72,25.2,3.6,24.0,2292,206,,,,,,,0,1,0,top
2017-05-13,490643,6,445060,R,400121,L,44,Groundout,6,5,170514_030309,3441c882-40b7-483f-ac59-095da3dd7d0c,1,2,0,B,Ball,SL,14,2.0,3.51,1.83,80.4,74.7,14.41,-1.14,50.0,5.78,0.04,0.64,3.03,-4.91,1.82,-116.82,-3.46,4.21,21.14,-38.98,6.0,12.0,24.0,2500,28,,,,,,,0,1,0,top
2017-05-13,490643,6,445060,R,400121,L,44,Groundout,6,6,170514_030343,fbe3a84c-c047-4fee-9837-f71b441bd877,2,2,0,X,In play- out(s),KC,13,2.0,3.84,1.59,72.4,66.9,39.34,-0.95,50.0,6.12,-0.38,0.84,7.14,-9.55,-0.73,-105.22,-0.58,7.92,19.62,-42.77,10.8,15.6,24.0,2535,33,,,,,,,0,1,0,top
2017-05-13,490643,6,445060,R,457708,R,45,Home Run,1,1,170514_030432,0162f587-306d-4739-8385-72f242455088,0,0,1,E,In play- run(s),FF,1,2.0,3.55,1.59,90.7,83.3,60.54,-0.71,50.0,5.96,-0.46,3.11,-5.39,9.57,2.5,-131.83,-4.51,-9.54,26.35,-15.23,28.8,4.8,24.0,2271,211,,,,,,,1,0,0,top
2017-05-13,490643,6,445060,R,502110,R,46,Groundout,5,1,170514_030513,87fb01c2-037a-4cc4-be0e-5233ab03da2b,0,1,1,F,Foul,FT,8,2.0,3.72,1.68,90.3,82.9,46.96,-0.76,50.0,5.79,0.17,1.92,-8.0,7.31,5.09,-131.01,-6.28,-13.96,26.54,-19.42,32.4,6.0,24.0,2069,231,,,,,,,0,1,-1,top
2017-05-13,490643,6,445060,R,502110,R,46,Groundout,5,2,170514_030534,9027e31b-f7d3-4664-9ed7-f377888d53b2,0,1,1,B,Ball,SL,14,2.0,3.93,1.85,82.3,75.9,45.92,-0.93,50.0,5.82,1.11,1.08,3.94,0.02,3.61,-119.39,-4.36,5.69,22.9,-32.15,10.8,9.6,24.0,2351,73,,,,,,,0,1,-1,top
2017-05-13,490643,6,445060,R,502110,R,46,Groundout,5,3,170514_030551,14a8c649-c87b-422d-949a-de2e46b8be75,1,1,1,B,Ball,SL,14,2.0,3.81,1.86,82.2,76.0,16.77,-0.81,50.0,5.92,1.75,1.26,3.48,-1.21,4.97,-119.25,-3.78,5.03,22.51,-33.92,9.6,9.6,24.0,1194,59,,,,,,,0,1,-1,top
2017-05-13,490643,6,445060,R,502110,R,46,Groundout,5,4,170514_030612,2213b7ba-05cd-426c-8ec3-65fecb8a95da,2,1,1,S,Swinging Strike,SL,14,2.0,3.72,1.68,82.2,75.6,30.83,-0.94,50.0,5.9,0.53,0.93,2.82,-1.15,2.6,-119.23,-4.49,4.05,23.63,-33.83,7.2,9.6,24.0,2443,51,,,,,,,0,1,-1,top
2017-05-13,490643,6,445060,R,502110,R,46,Groundout,5,5,170514_030637,50483a2a-6487-4c69-82bd-ffea4038e38f,2,2,1,X,In play- out(s),KC,14,2.0,3.87,1.6,75.5,69.5,72.5,-0.86,50.0,6.18,0.86,1.64,8.78,-7.44,1.25,-109.62,-0.23,10.59,21.01,-41.15,14.4,14.4,24.0,2582,46,,,,,,,0,1,-1,top
2017-05-13,490643,6,445060,R,607385,L,47,Walk,4,1,170514_030714,a68a9e32-f356-4239-a63c-a4bcc837c95e,0,0,2,B,Ball,KC,11,2.0,3.46,1.67,69.9,64.2,49.68,-1.18,50.0,6.36,-1.35,2.7,9.04,-9.21,-2.67,-101.3,3.15,9.34,17.54,-41.68,12.0,16.8,24.0,2412,41,,,,607385,,,0,0,-1,top
2017-05-13,490643,6,445060,R,607385,L,47,Walk,4,2,170514_030726,52f8e797-e67f-4c44-8701-85f9384f910d,1,0,2,B,Ball,FT,11,2.0,3.65,1.8,89.5,82.4,31.16,-1.4,50.0,5.63,-1.38,3.12,-9.91,1.99,3.38,-130.06,-0.89,-17.1,25.46,-28.74,30.0,8.4,24.0,2136,262,,,,607385,,,0,0,-1,top
2017-05-13,490643,6,445060,R,607385,L,47,Walk,4,3,170514_030745,ea5965a6-d2c4-4148-b6bf-054bbf69ace3,2,0,2,B,Ball,FT,11,2.0,3.6,1.8,90.1,83.0,29.1,-1.24,50.0,5.84,-1.34,2.79,-10.2,3.35,3.17,-130.94,-2.84,-17.84,25.76,-26.32,32.4,7.2,24.0,2029,256,,,,607385,,,0,0,-1,top
2017-05-13,490643,6,445060,R,607385,L,47,Walk,4,4,170514_030803,94e20101-84f7-406b-a13f-59bfdd782e2e,3,0,2,B,Ball,FF,13,2.0,3.54,1.81,87.8,81.3,60.55,-0.96,50.0,5.81,-0.98,2.16,-5.17,6.22,1.65,-127.62,-4.94,-8.63,23.19,-21.78,20.4,6.0,24.0,2042,224,,,,607385,,,0,0,-1,top
2017-05-13,490643,6,445060,R,543510,R,48,Lineout,3,1,170514_030918,806939ed-71dd-4aab-889e-3f0bd325e6ef,0,0,2,B,Ball,SL,14,2.0,3.7,1.7,82.2,75.5,79.34,-1.0,50.0,5.92,1.29,2.29,3.18,-1.54,4.42,-119.27,-1.22,4.58,23.12,-34.4,8.4,9.6,24.0,2347,56,607385,,,,,,0,1,-1,top
2017-05-13,490643,6,445060,R,543510,R,48,Lineout,3,2,170514_030945,aab30fdc-3882-4f91-9035-e4ee7ce167cb,1,0,2,X,In play- out(s),FT,3,2.0,3.7,1.51,90.0,82.3,41.38,-1.01,50.0,5.85,0.34,3.02,-10.11,5.42,6.89,-130.57,-2.9,-17.49,26.98,-22.8,34.8,7.2,24.0,2115,244,607385,,,,,,0,1,-1,top
2017-05-19,490724,1,445060,R,624424,L,4,Single,8,1,170519_232246,548ba196-2242-4a67-bdc3-a554d47acdfc,0,1,0,C,Called Strike,FT,13,2.0,3.52,1.67,90.5,83.8,58.72,-1.11,50.0,5.85,-0.83,2.21,-8.5,9.33,3.63,-131.48,-6.54,-15.08,24.24,-15.61,40.8,4.8,24.0,2104,225,,,,624424,,,0,0,0,bottom
2017-05-19,490724,1,445060,R,624424,L,4,Single,8,2,170519_232301,eb99d179-7c12-43df-897e-8ab34c66c4a3,0,1,0,B,Ball,FT,14,2.0,3.48,1.56,91.5,84.9,54.66,-0.85,50.0,5.6,0.23,1.18,-11.63,6.48,6.83,-132.76,-7.81,-21.09,24.18,-20.43,42.0,6.0,24.0,2129,245,,,,624424,,,0,0,0,bottom
2017-05-19,490724,1,445060,R,624424,L,4,Single,8,3,170519_232317,c47de182-fab4-4b7c-b09d-bddcef94f732,1,1,0,B,Ball,FT,11,2.0,3.46,1.6,91.6,83.9,74.46,-0.86,50.0,5.95,-1.12,3.28,-8.99,10.49,2.4,-133.06,-4.5,-16.18,27.44,-13.3,48.0,4.8,24.0,2139,223,,,,624424,,,0,0,0,bottom
2017-05-19,490724,1,445060,R,624424,L,4,Single,8,4,170519_232338,4c809fb0-41b6-48ce-915d-6adbdec481ce,2,2,0,C,Called Strike,SL,11,2.0,3.41,1.55,80.7,75.0,42.63,-1.3,50.0,5.81,-0.25,3.22,0.38,-0.14,2.33,-117.26,0.89,0.54,18.79,-32.37,1.2,9.6,24.0,2476,39,,,,624424,,,0,0,0,bottom
2017-05-19,490724,1,445060,R,624424,L,4,Single,8,5,170519_232359,3583ff0d-f79b-451d-8ab0-b7b438d0d7b7,2,2,0,F,Foul,SL,14,2.0,3.41,1.54,80.8,75.0,53.99,-1.1,50.0,5.82,1.02,1.68,2.87,-2.58,4.05,-117.4,-1.93,4.03,20.86,-35.8,7.2,10.8,24.0,2528,43,,,,624424,,,0,0,0,bottom
2017-05-19,490724,1,445060,R,624424,L,4,Single,8,6,170519_232424,744e62b6-8142-4dab-92a3-e1e4682c5b35,2,2,0,F,Foul,FT,14,2.0,3.41,1.54,91.0,83.4,41.15,-1.02,50.0,5.5,0.53,0.83,-10.85,5.63,7.69,-131.8,-7.88,-19.14,27.39,-22.25,36.0,7.2,24.0,2117,247,,,,624424,,,0,0,0,bottom
2017-05-19,490724,1,445060,R,624424,L,4,Single,8,7,170519_232447,fa1b8ba0-3c5f-403e-8c5e-6c86770c457e,2,2,0,B,Ball,FT,11,2.0,3.49,1.7,91.0,83.4,38.05,-0.97,50.0,5.75,-1.3,2.88,-7.03,6.73,1.51,-132.33,-3.65,-12.51,27.54,-20.2,30.0,6.0,24.0,2083,230,,,,624424,,,0,0,0,bottom
2017-05-19,490724,1,445060,R,624424,L,4,Single,8,8,170519_232509,ae044eae-2f2b-48c4-bd5c-e4f2e169b36d,3,2,0,D,In play- no out,FT,4,2.0,3.43,1.54,92.1,84.9,41.55,-1.07,50.0,5.62,-0.31,2.14,-9.72,6.7,5.37,-133.86,-5.49,-17.8,26.42,-19.9,38.4,6.0,24.0,2085,238,,,,624424,,,0,0,0,bottom
2017-05-19,490724,1,445060,R,408314,L,5,Sac Bunt,4,1,170519_232549,8891f779-b368-440e-9795-59077f87d8b1,0,1,0,C,Called Strike,FT,9,2.0,3.19,1.66,90.5,83.7,49.41,-0.9,50.0,5.63,0.32,1.78,-11.52,4.6,7.09,-131.43,-5.42,-20.38,24.91,-24.04,37.2,7.2,24.0,2070,252,624424,,,408314,624424,,0,0,0,bottom
2017-05-19,490724,1,445060,R,408314,L,5,Sac Bunt,4,2,170519_232634,e6e41409-c3f9-4793-9663-1dc00d1fc7c6,0,1,0,B,Ball,KC,11,2.0,3.29,1.68,71.4,65.1,32.99,-1.27,50.0,6.26,-2.0,4.28,5.47,-7.07,-2.93,-103.36,5.74,5.89,18.05,-39.79,8.4,14.4,24.0,2500,34,624424,,,408314,624424,,0,0,0,bottom
2017-05-19,490724,1,445060,R,408314,L,5,Sac Bunt,4,3,170519_232708,46e731f5-3ca1-4887-8176-153ae6afc698,1,1,0,D,In play- no out,FT,8,2.0,3.14,1.47,90.2,83.0,38.57,-0.9,50.0,5.59,-0.08,1.71,-9.76,6.41,5.41,-130.95,-6.02,-17.05,26.07,-20.98,36.0,6.0,24.0,1982,240,624424,,,408314,624424,,0,0,0,bottom
2017-05-19,490724,1,445060,R,457803,L,6,Strikeout,5,1,170519_232801,08c778aa-1611-4d84-a292-0d4fa92a2c93,0,1,0,C,Called Strike,FT,13,2.0,3.72,1.76,91.9,84.3,71.18,-1.15,50.0,5.55,-0.73,1.58,-11.88,6.08,5.18,-133.38,-6.43,-21.44,28.16,-21.19,42.0,7.2,24.0,2017,247,408314,624424,,408314,624424,,0,1,0,bottom
2017-05-19,490724,1,445060,R,457803,L,6,Strikeout,5,2,170519_232823,228717b4-82b7-4ad7-b7db-e7c46a19d542,0,1,0,B,Ball,FT,13,2.0,3.81,1.83,91.4,84.0,61.03,-1.14,50.0,5.51,-0.41,1.5,-11.09,5.55,5.7,-132.7,-6.28,-19.87,27.24,-22.24,38.4,7.2,24.0,1951,248,408314,624424,,408314,624424,,0,1,0,bottom
2017-05-19,490724,1,445060,R,457803,L,6,Strikeout,5,3,170519_232845,f3893994-55b5-4586-b9b7-2966e9cd8490,1,1,0,S,Swinging Strike,FT,11,2.0,3.67,1.72,91.8,83.4,61.4,-0.95,50.0,5.78,-1.03,2.84,-8.45,8.3,2.68,-133.08,-4.42,-15.09,29.77,-17.35,38.4,4.8,24.0,2216,229,408314,624424,,408314,624424,,0,1,0,bottom
2017-05-19,490724,1,445060,R,457803,L,6,Strikeout,5,4,170519_232910,a47a9ae0-102b-4443-a936-8c81ba09cc81,2,2,0,*B,Ball In Dirt,FS,14,2.0,3.78,1.85,82.7,76.3,37.08,-1.04,50.0,5.37,1.13,-0.84,-13.66,2.96,9.32,-119.51,-8.79,-19.82,22.34,-27.88,32.4,9.6,24.0,1594,264,408314,624424,,408314,624424,,0,1,0,bottom
2017-05-19,490724,1,445060,R,457803,L,6,Strikeout,5,5,170519_232958,7920c11a-c812-4986-ab57-d91e7b933e62,2,2,0,S,Swinging Strike,FS,14,2.0,3.67,1.72,81.6,75.0,6.58,-1.1,50.0,5.57,0.02,0.96,-10.2,3.43,5.71,-118.27,-4.92,-14.46,22.35,-27.31,25.2,8.4,24.0,1288,258,408314,624424,,408314,624424,,0,1,0,bottom
2017-05-19,490724,1,445060,R,435522,L,7,Flyout,2,1,170519_233036,163828af-5843-4a07-aab8-603805fe9a78,0,0,1,B,Ball,KC,11,2.0,3.64,1.76,70.7,64.2,58.48,-1.33,50.0,6.19,-2.75,3.27,6.62,-6.81,-4.58,-102.28,3.92,6.93,18.83,-39.3,9.6,15.6,24.0,2538,37,408314,624424,,408314,624424,,0,1,0,bottom
2017-05-19,490724,1,445060,R,435522,L,7,Flyout,2,2,170519_233104,42533c9d-6ad5-4142-83e1-8df01dcf4382,1,0,1,X,In play- out(s),FT,13,2.0,3.87,1.6,90.9,84.4,63.37,-1.07,50.0,5.52,-1.12,2.01,-11.53,4.19,3.81,-132.22,-4.52,-20.72,24.21,-24.65,38.4,7.2,24.0,2015,254,408314,624424,,408314,624424,,0,1,0,bottom
2017-05-19,490724,1,445060,R,434158,L,8,Double,2,1,170519_233142,d70bd8a9-03ec-443f-bf02-aec1e4163092,0,1,2,C,Called Strike,FT,4,2.0,3.34,1.74,91.8,84.8,40.44,-1.13,50.0,5.65,-0.31,2.36,-11.3,5.21,6.06,-133.29,-4.41,-20.57,25.34,-22.69,39.6,7.2,24.0,1942,248,408314,624424,,,434158,408314,1,0,0,bottom
2017-05-19,490724,1,445060,R,434158,L,8,Double,2,2,170519_233203,70449ac0-15f0-4d75-a0d9-3f78cf6cf28e,0,1,2,E,In play- run(s),FT,7,2.0,3.17,1.51,92.1,84.7,55.13,-0.91,50.0,5.69,-0.55,1.83,-7.56,8.56,3.54,-133.75,-7.06,-13.78,27.32,-16.58,36.0,4.8,24.0,2134,225,408314,624424,,,434158,408314,1,0,0,bottom
2017-05-19,490724,1,445060,R,527038,R,9,Groundout,7,1,170519_233338,8ff1da22-d588-4313-a1ea-b3d6c7abd953,0,0,2,S,Swinging Strike,FS,14,2.0,3.54,1.55,82.0,75.6,83.19,-1.19,50.0,5.75,0.11,1.39,-2.79,-3.41,3.91,-119.11,-2.36,-4.01,23.07,-37.08,4.8,10.8,24.0,2193,333,,434158,408314,,,,0,1,-1,bottom
2017-05-19,490724,1,445060,R,527038,R,9,Groundout,7,2,170519_233401,8d1e1e25-aa07-46fb-878e-5806a7b0d91b,0,1,2,B,Ball,SL,14,2.0,3.57,1.54,82.0,76.1,28.5,-0.91,50.0,5.78,1.41,1.06,-0.78,-2.83,5.7,-119.08,-3.41,-1.13,21.71,-36.25,0.0,10.8,24.0,2426,359,,434158,408314,,,,0,1,-1,bottom
2017-05-19,490724,1,445060,R,527038,R,9,Groundout,7,3,170519_233425,8b222d0e-5b59-4fc3-ab04-5dfced9b13b9,1,1,2,B,Ball,FT,14,2.0,3.62,1.6,92.7,85.5,38.26,-0.47,50.0,5.6,1.83,1.57,-9.72,6.82,9.48,-134.35,-7.07,-17.95,26.25,-19.58,37.2,6.0,24.0,2064,238,,434158,408314,,,,0,1,-1,bottom
2017-05-19,490724,1,445060,R,527038,R,9,Groundout,7,4,170519_233448,4aa232d2-21ba-4129-847e-9d16c71dbb69,2,2,2,C,Called Strike,SL,6,2.0,3.56,1.58,83.9,78.1,35.39,-0.99,50.0,5.73,0.44,2.23,-0.71,-1.38,3.7,-121.96,-1.41,-1.09,20.64,-34.28,1.2,9.6,24.0,2461,352,,434158,408314,,,,0,1,-1,bottom
2017-05-19,490724,1,445060,R,527038,R,9,Groundout,7,5,170519_233512,ef216bfc-3a81-426b-81a6-346b6d7c6eab,2,2,2,B,Ball,SL,14,2.0,3.51,1.75,82.8,77.0,29.72,-0.77,50.0,5.87,1.46,1.45,-0.45,-1.56,5.46,-120.33,-3.31,-0.66,21.17,-34.49,0.0,9.6,24.0,2446,4,,434158,408314,,,,0,1,-1,bottom
2017-05-19,490724,1,445060,R,527038,R,9,Groundout,7,6,170519_233538,2f63db0d-840b-438d-bbee-9a366cbd5201,3,2,2,F,Foul,SL,14,2.0,3.54,1.55,82.2,76.3,46.21,-0.97,50.0,5.74,0.82,2.08,0.18,-2.13,4.17,-119.51,-1.22,0.26,20.88,-35.28,1.2,9.6,24.0,2377,12,,434158,408314,,,,0,1,-1,bottom
2017-05-19,490724,1,445060,R,527038,R,9,Groundout,7,7,170519_233629,18f547ba-d9b1-4a26-ac06-006deb59ee83,3,2,2,X,In play- out(s),FF,12,2.0,3.79,1.57,93.5,85.5,59.32,-0.66,50.0,5.75,0.68,3.43,-5.17,7.55,5.41,-135.76,-2.86,-9.68,28.85,-18.04,25.2,4.8,24.0,2178,214,,434158,408314,,,,0,1,-1,bottom
2017-05-19,490724,2,445060,R,446263,L,14,Walk,4,1,170519_234911,a3124765-2326-4a81-937d-9f081d0894d4,0,0,0,B,Ball,KC,13,2.0,3.91,1.88,69.5,63.3,55.26,-1.31,50.0,6.24,-1.73,2.28,5.78,-7.86,-2.3,-100.76,2.34,5.84,19.01,-40.12,8.4,15.6,24.0,2490,31,,,,446263,,,0,0,-1,bottom
2017-05-19,490724,2,445060,R,446263,L,14,Walk,4,2,170519_234928,643cb928-0ae2-4ec5-b734-c4a38ce3e1cf,1,0,0,B,Ball,FT,14,2.0,4.1,1.87,90.6,83.7,24.63,-1.08,50.0,5.53,0.02,0.72,-11.03,5.95,6.58,-131.37,-8.36,-19.47,25.29,-21.68,38.4,7.2,24.0,1997,246,,,,446263,,,0,0,-1,bottom
2017-05-19,490724,2,445060,R,446263,L,14,Walk,4,3,170519_234949,a6a6dc32-96fe-43e2-aae6-a2a96baa7733,2,0,0,B,Ball,FT,11,2.0,4.01,1.94,90.2,83.2,29.21,-1.04,50.0,5.6,-1.4,2.86,-10.0,3.55,2.46,-131.21,-2.12,-17.57,25.74,-25.94,32.4,7.2,24.0,1953,254,,,,446263,,,0,0,-1,bottom
2017-05-19,490724,2,445060,R,446263,L,14,Walk,4,4,170519_235006,bd77af0b-2af8-46b4-956e-db6368cc7806,3,0,0,B,Ball,FF,11,2.0,3.98,1.91,89.8,82.3,37.59,-1.09,50.0,5.93,-1.82,3.7,-5.59,8.35,-0.0,-130.45,-2.34,-9.69,26.05,-17.7,27.6,4.8,24.0,1957,217,,,,446263,,,0,0,-1,bottom
2017-05-19,490724,2,445060,R,425784,R,15,Strikeout,5,1,170519_235050,cce9f298-9020-45db-8dd7-fcb79ff8fd3d,0,1,0,C,Called Strike,FT,9,2.0,3.54,1.8,91.5,84.6,55.64,-0.88,50.0,5.61,0.46,1.87,-10.91,5.01,7.27,-132.87,-5.47,-19.73,25.42,-23.12,37.2,7.2,24.0,2097,249,446263,,,446263,,,0,1,-1,bottom
2017-05-19,490724,2,445060,R,425784,R,15,Strikeout,5,2,170519_235113,f10c3f0b-233b-4772-b074-df4a5755d6a3,1,1,0,*B,Ball In Dirt,SL,14,2.0,3.92,1.63,82.6,76.6,21.76,-0.64,50.0,5.63,2.38,0.88,0.09,0.3,7.14,-119.76,-4.6,0.13,21.4,-31.74,2.4,8.4,24.0,2419,43,446263,,,446263,,,0,1,-1,bottom
2017-05-19,490724,2,445060,R,425784,R,15,Strikeout,5,3,170519_235142,482366a0-2809-4a80-9579-4638212004eb,1,1,0,S,Swinging Strike,SL,6,2.0,3.52,1.61,82.1,75.9,35.16,-1.04,50.0,5.74,0.64,2.55,-0.3,-2.37,4.05,-119.33,-0.0,-0.43,21.47,-35.61,0.0,9.6,24.0,2248,3,446263,,,446263,,,0,1,-1,bottom
2017-05-19,490724,2,445060,R,425784,R,15,Strikeout,5,4,170519_235214,8fe79d55-053a-4453-ab62-8d2fe18f3163,1,2,0,B,Ball,FT,11,2.0,3.74,1.84,91.7,84.2,64.52,-0.9,50.0,5.79,-0.94,3.14,-7.6,7.31,2.51,-133.35,-3.4,-13.75,27.38,-18.95,33.6,4.8,24.0,2088,229,446263,,,446263,,,0,1,-1,bottom
2017-05-19,490724,2,445060,R,425784,R,15,Strikeout,5,5,170519_235242,a018adea-64f9-4908-819c-055fd06ab64c,2,3,0,C,Called Strike,FT,14,2.0,3.52,1.74,93.5,86.1,69.46,-0.76,50.0,5.49,0.72,1.58,-12.56,3.62,8.35,-135.58,-5.78,-23.55,27.48,-25.38,39.6,7.2,24.0,2143,258,446263,,,446263,,,0,1,-1,bottom
2017-05-19,490724,2,445060,R,594798,L,16,Sac Bunt,4,1,170519_235330,efb3ac17-2948-4224-8eeb-688227db231a,0,1,1,L,Foul Bunt,FT,5,2.0,3.69,1.87,90.5,82.6,31.19,-1.13,50.0,5.65,0.05,2.64,-12.9,4.86,7.4,-131.36,-3.23,-22.53,27.99,-23.69,40.8,7.2,24.0,2046,252,446263,,,,446263,,0,1,-1,bottom
2017-05-19,490724,2,445060,R,594798,L,16,Sac Bunt,4,2,170519_235405,d23eb491-0961-47d2-80df-8f274e6e0e6c,0,1,1,B,Ball,FS,11,2.0,3.02,1.7,81.1,75.1,38.9,-1.26,50.0,5.77,-0.78,2.78,-8.19,-0.27,3.61,-117.78,-0.02,-11.65,19.79,-32.56,19.2,9.6,24.0,1314,277,446263,,,,446263,,0,1,-1,bottom
2017-05-19,490724,2,445060,R,594798,L,16,Sac Bunt,4,3,170519_235505,48e106f3-f095-40b1-bfe4-13dc5c1f6c52,1,1,1,X,In play- out(s),FT,5,2.0,3.68,1.5,90.9,83.1,33.99,-1.07,50.0,5.73,0.23,2.67,-12.79,7.42,7.72,-131.82,-4.31,-22.57,27.36,-19.08,46.8,7.2,24.0,1994,242,446263,,,,446263,,0,1,-1,bottom
2017-05-19,490724,2,445060,R,624424,L,17,Strikeout,5,1,170519_235559,05095510-2af0-4940-af7f-e9554f1fc5f7,0,0,2,B,Ball,KC,11,2.0,3.4,1.42,71.0,64.3,61.1,-1.3,50.0,6.18,-2.16,3.06,5.88,-8.58,-3.28,-102.71,3.94,6.17,19.77,-41.18,8.4,15.6,24.0,2520,29,,446263,,,,,0,1,-1,bottom
2017-05-19,490724,2,445060,R,624424,L,17,Strikeout,5,2,170519_235623,83fb6224-d8ce-4307-a1fb-d03d765993cd,1,1,2,C,Called Strike,FT,8,2.0,3.47,1.68,93.1,85.3,32.22,-0.81,50.0,5.6,0.06,1.99,-8.32,8.22,5.2,-135.05,-6.47,-15.43,28.17,-16.93,38.4,4.8,24.0,2196,228,,446263,,,,,0,1,-1,bottom
2017-05-19,490724,2,445060,R,624424,L,17,Strikeout,5,3,170519_235647,c444f609-0165-4c82-9949-e3cda327d5a5,1,1,2,B,Ball,FS,13,2.0,3.45,1.7,82.2,75.8,56.43,-1.15,50.0,5.62,-0.83,1.21,-9.4,1.9,3.62,-119.37,-4.17,-13.61,22.21,-29.43,22.8,9.6,24.0,1442,266,,446263,,,,,0,1,-1,bottom
2017-05-19,490724,2,445060,R,624424,L,17,Strikeout,5,4,170519_235711,41a29e2e-1453-4a9c-88c7-6753b0a00e1c,2,1,2,S,Swinging Strike,FS,8,2.0,3.42,1.54,81.1,75.4,23.62,-1.11,50.0,5.55,0.14,1.63,-7.09,-0.61,5.07,-117.81,-2.11,-10.09,19.65,-33.05,15.6,9.6,24.0,1415,283,,446263,,,,,0,1,-1,bottom
2017-05-19,490724,2,445060,R,624424,L,17,Strikeout,5,5,170519_235741,f164a673-59a5-4eb0-a7d1-f1b22111ebab,2,3,2,C,Called Strike,FT,3,2.0,3.41,1.47,93.3,86.1,58.59,-0.96,50.0,5.62,0.53,3.18,-12.23,2.7,8.28,-135.53,-1.53,-23.0,26.43,-27.1,38.4,7.2,24.0,2124,260,,446263,,,,,0,1,-1,bottom
2017-05-19,490724,3,445060,R,408314,L,21,Lineout,4,1,170520_000550,c4dd0ea7-1164-4b80-8351-690df2380c0b,0,1,0,C,Called Strike,FT,2,2.0,3.17,1.7,92.9,85.6,41.5,-0.87,50.0,5.69,-0.13,2.72,-9.6,6.61,5.3,-134.91,-4.23,-17.88,26.57,-19.86,39.6,6.0,24.0,2218,238,,,,,,,0,1,-1,bottom
2017-05-19,490724,3,445060,R,408314,L,21,Lineout,4,2,170520_000604,e90eeea4-484b-4e5c-9be7-5718ddff8ba8,0,1,0,S,Swinging Strike,FS,14,2.0,3.14,1.47,81.9,76.8,33.88,-1.06,50.0,5.63,0.75,0.63,-7.14,-1.08,6.49,-119.02,-4.72,-10.42,19.05,-33.76,15.6,9.6,24.0,1358,289,,,,,,,0,1,-1,bottom
2017-05-19,490724,3,445060,R,408314,L,21,Lineout,4,3,170520_000627,de5c2111-75d9-435b-8722-05a9eaf7f2a4,0,2,0,B,Ball,FF,11,2.0,3.3,1.74,92.4,84.6,23.02,-0.95,50.0,5.76,-1.63,3.58,-5.79,6.98,0.17,-134.32,-2.17,-10.61,28.15,-19.37,27.6,4.8,24.0,2196,223,,,,,,,0,1,-1,bottom
2017-05-19,490724,3,445060,R,408314,L,21,Lineout,4,4,170520_000648,648ab9c7-7828-4cf0-839f-23f647c0b251,1,2,0,X,In play- out(s),KC,7,2.0,3.75,1.54,73.8,67.3,51.41,-1.14,50.0,5.98,-0.4,1.72,6.18,-7.55,-0.14,-106.91,0.78,7.04,20.93,-40.79,9.6,14.4,24.0,2594,36,,,,,,,0,1,-1,bottom
2017-05-19,490724,3,445060,R,457803,L,22,Groundout,3,1,170520_000727,1a36c0fd-2cae-4264-930e-093d183fb3d6,0,0,1,B,Ball,FT,13,2.0,3.82,1.89,91.9,84.6,35.89,-0.97,50.0,5.64,-1.33,2.15,-10.07,3.78,2.52,-133.54,-4.44,-18.28,27.4,-25.31,33.6,7.2,24.0,2068,254,,,,,,,0,1,-1,bottom
2017-05-19,490724,3,445060,R,457803,L,22,Groundout,3,2,170520_000743,c24a3200-75e9-4433-82d9-23fb01561f32,1,0,1,B,Ball,FS,14,2.0,3.82,1.76,82.2,75.8,27.72,-0.95,50.0,5.68,1.59,1.42,-6.35,2.41,7.94,-119.04,-3.94,-9.17,21.51,-28.69,15.6,8.4,24.0,1230,258,,,,,,,0,1,-1,bottom
2017-05-19,490724,3,445060,R,457803,L,22,Groundout,3,3,170520_000802,f120f6fb-7c1f-424c-baf6-51031e9748ac,2,0,1,X,In play- out(s),FT,11,2.0,3.87,1.6,92.1,81.1,59.99,-1.02,50.0,5.8,-1.18,2.99,-10.38,10.47,3.04,-133.09,-4.56,-17.95,38.03,-14.07,48.0,6.0,24.0,2113,228,,,,,,,0,1,-1,bottom
2017-05-19,490724,3,445060,R,435522,L,23,Strikeout,4,1,170520_000840,71ddeaca-5482-4a02-9c93-9e02d9b5612a,0,0,2,B,Ball,FT,11,2.0,3.79,1.93,91.9,81.0,67.26,-0.95,50.0,5.83,-1.0,3.17,-8.68,10.06,2.79,-132.94,-4.03,-15.0,37.58,-14.78,42.0,4.8,24.0,2122,224,,,,,,,0,1,-1,bottom
2017-05-19,490724,3,445060,R,435522,L,23,Strikeout,4,2,170520_000855,9d7d1958-bedc-4fa8-959c-5f65b4b7a4ce,1,0,2,S,Swinging Strike,FT,1,2.0,3.65,1.7,91.9,81.6,52.22,-0.9,50.0,5.81,-0.25,3.52,-12.89,5.59,6.0,-132.96,-1.63,-22.45,35.65,-22.43,42.0,7.2,24.0,2066,249,,,,,,,0,1,-1,bottom
2017-05-19,490724,3,445060,R,435522,L,23,Strikeout,4,3,170520_000916,c0c59a2a-e110-4485-a6ac-332ce8486550,1,2,2,C,Called Strike,KC,7,2.0,3.74,1.77,72.8,65.1,58.61,-1.02,50.0,5.99,-0.47,1.7,8.51,-10.97,-1.12,-105.33,2.0,9.18,24.44,-44.01,12.0,16.8,24.0,2581,34,,,,,,,0,1,-1,bottom
2017-05-19,490724,3,445060,R,435522,L,23,Strikeout,4,4,170520_000935,f107514e-6a86-49fa-8e92-070754e2f10d,1,2,2,S,Swinging Strike,FT,1,2.0,3.65,1.7,93.2,83.4,48.52,-0.81,50.0,5.69,-0.33,3.36,-12.56,4.02,5.58,-134.92,-1.44,-22.71,34.51,-24.91,39.6,7.2,24.0,2089,255,,,,,,,0,1,-1,bottom
2017-05-19,490724,4,445060,R,434158,L,27,Groundout,4,1,170520_001835,be3b2670-1d22-4a25-b5a3-15753f49d4a2,0,1,0,C,Called Strike,FT,1,2.0,3.31,1.73,89.6,80.7,48.95,-1.11,50.0,5.62,-0.38,2.65,-12.5,7.64,5.99,-129.71,-3.78,-21.03,30.32,-19.32,44.4,7.2,24.0,2091,241,,,,,,,0,1,-1,bottom
2017-05-19,490724,4,445060,R,434158,L,27,Groundout,4,2,170520_001847,373c4be1-1be1-401a-9d85-6d874789494d,0,1,0,B,Ball,FS,14,2.0,3.3,1.77,80.2,72.9,37.88,-1.01,50.0,5.5,0.85,-0.3,-13.4,2.81,8.18,-115.83,-6.96,-17.96,24.29,-28.41,28.8,10.8,24.0,1483,266,,,,,,,0,1,-1,bottom
2017-05-19,490724,4,445060,R,434158,L,27,Groundout,4,3,170520_001906,54263156-e25a-4979-99f1-82ef1cd7692a,1,1,0,B,Ball,FS,13,2.0,3.37,1.56,80.1,72.6,33.97,-0.99,50.0,5.63,-0.26,1.13,-11.18,-1.21,4.94,-116.02,-2.82,-14.98,25.03,-33.8,21.6,10.8,24.0,1249,284,,,,,,,0,1,-1,bottom
2017-05-19,490724,4,445060,R,434158,L,27,Groundout,4,4,170520_001921,183b5946-e040-40a4-b771-b38a7c9672e5,2,1,0,X,In play- out(s),FT,8,2.0,3.79,1.57,89.8,80.6,39.99,-1.1,50.0,5.59,-0.21,1.84,-14.3,7.39,6.99,-129.94,-5.68,-23.98,32.04,-19.78,46.8,7.2,24.0,2058,246,,,,,,,0,1,-1,bottom
2017-05-19,490724,4,445060,R,527038,R,28,Field Error,3,1,170520_002006,d86e8390-5df6-45c3-af3c-4a0db75e80e5,0,1,1,F,Foul,FT,5,2.0,3.54,1.55,91.3,81.6,36.01,-0.7,50.0,5.63,0.14,2.25,-13.88,7.3,6.82,-132.07,-4.96,-24.0,33.68,-19.56,46.8,7.2,24.0,2035,246,,,,527038,,,0,0,-1,bottom
2017-05-19,490724,4,445060,R,527038,R,28,Field Error,3,2,170520_002029,476a4ffc-7fe6-494a-8847-f3f38d3b0bc8,0,2,1,C,Called Strike,SL,9,2.0,3.5,1.79,81.9,74.0,44.54,-0.95,50.0,5.77,0.54,1.91,-0.89,-2.16,3.72,-118.7,-1.4,-1.25,26.86,-35.19,1.2,10.8,24.0,2401,355,,,,527038,,,0,0,-1,bottom
2017-05-19,490724,4,445060,R,527038,R,28,Field Error,3,3,170520_002049,6dfd0aeb-6c03-4327-b7b7-8d8e38ceda4a,0,2,1,D,In play- no out,SL,14,2.0,3.55,1.55,83.0,75.4,55.95,-1.03,50.0,5.71,0.68,1.3,-1.9,-4.25,4.6,-120.28,-2.28,-2.73,26.81,-38.3,2.4,10.8,24.0,2463,347,,,,527038,,,0,0,-1,bottom
2017-05-19,490724,4,445060,R,446263,L,29,Pop Out,5,1,170520_002157,7a043161-2b15-4429-a524-102d8d6aab41,0,1,1,C,Called Strike,FT,8,2.0,3.94,1.97,89.8,80.2,40.68,-0.91,50.0,5.68,-0.18,2.39,-11.87,7.48,5.76,-129.88,-4.48,-19.83,32.93,-19.68,42.0,7.2,24.0,2008,241,527038,,,527038,,,0,1,-1,bottom
2017-05-19,490724,4,445060,R,446263,L,29,Pop Out,5,2,170520_002221,06928407-92b4-4a30-b4d2-2080d4c9940a,0,1,1,B,Ball,FT,14,2.0,3.96,1.82,91.0,82.0,33.35,-1.21,50.0,5.24,0.17,1.33,-14.59,5.52,8.45,-131.68,-5.72,-25.26,31.62,-22.62,44.4,8.4,24.0,2093,253,527038,,,527038,,,0,1,-1,bottom
2017-05-19,490724,4,445060,R,446263,L,29,Pop Out,5,3,170520_002251,47f770d3-1542-4cff-9441-b9b76a927141,1,2,1,C,Called Strike,FS,13,2.0,3.88,1.88,81.0,73.2,44.63,-1.03,50.0,5.76,-0.74,2.12,-10.94,1.05,3.94,-117.27,-1.69,-15.01,25.27,-30.74,24.0,9.6,24.0,1529,271,527038,,,527038,,,0,1,-1,bottom
2017-05-19,490724,4,445060,R,446263,L,29,Pop Out,5,4,170520_002322,01580b96-fe2b-474a-9cec-8853d336d62c,1,2,1,X,In play- out(s),FF,12,2.0,3.87,1.6,91.9,81.0,50.11,-0.66,50.0,5.65,0.91,2.9,-2.67,12.46,4.97,-132.91,-5.05,-4.62,37.34,-10.63,15.6,2.4,24.0,2299,189,527038,,,527038,,,0,1,-1,bottom
2017-05-19,490724,4,445060,R,425784,R,30,Forceout,6,1,170520_002406,d2396ce6-db8f-45c1-8b53-0b7776ce390d,0,1,2,C,Called Strike,FT,14,2.0,3.6,1.86,92.5,83.6,65.36,-0.68,50.0,5.49,1.06,2.06,-11.37,7.01,8.45,-133.87,-5.29,-20.44,31.5,-19.58,42.0,6.0,24.0,2075,241,527038,,,,,,0,1,-1,bottom
2017-05-19,490724,4,445060,R,425784,R,30,Forceout,6,2,170520_002431,18a56690-c835-430b-b004-9bf8b252ed22,1,1,2,*B,Ball In Dirt,SL,14,2.0,3.67,1.63,82.8,74.9,22.07,-0.97,50.0,5.41,1.37,-0.57,-1.42,-1.22,5.91,-119.79,-6.77,-2.02,28.24,-33.9,1.2,9.6,24.0,2498,352,527038,,,,,,0,1,-1,bottom
2017-05-19,490724,4,445060,R,425784,R,30,Forceout,6,3,170520_002501,f3cc84ad-c52f-4d70-a9df-adafa4d8ddf5,1,2,2,C,Called Strike,SL,2,2.0,3.53,1.71,81.7,73.5,20.83,-0.94,50.0,5.81,0.03,2.9,0.65,-2.07,2.06,-118.3,0.82,0.9,26.58,-35.06,2.4,10.8,24.0,2375,18,527038,,,,,,0,1,-1,bottom
2017-05-19,490724,4,445060,R,425784,R,30,Forceout,6,4,170520_002554,623c76ac-e6b5-4647-8fac-2a8c45262689,1,2,2,F,Foul,SL,14,2.0,3.52,1.6,83.2,75.7,53.57,-1.02,50.0,5.66,0.9,1.9,-1.17,-1.84,4.89,-120.62,-1.57,-1.7,25.72,-34.86,1.2,9.6,24.0,2408,351,527038,,,,,,0,1,-1,bottom
2017-05-19,490724,4,445060,R,425784,R,30,Forceout,6,5,170520_002630,1e09248d-f0f7-4a89-b126-b57250d7b442,1,2,2,X,In play- out(s),SL,5,2.0,3.92,1.63,81.4,73.3,17.83,-1.06,50.0,5.78,0.15,2.5,0.42,-2.11,2.67,-118.0,0.01,0.58,26.77,-35.09,2.4,10.8,24.0,2314,15,527038,,,,,,0,1,-1,bottom
2017-05-19,490724,5,445060,R,594798,L,34,Flyout,4,1,170520_003501,8a9bdbdd-6821-4e32-a2e4-870071c6a44e,0,1,0,C,Called Strike,FT,3,2.0,3.78,1.86,90.8,81.6,61.38,-0.91,50.0,5.88,0.65,3.14,-12.08,8.85,8.07,-131.39,-3.8,-20.82,31.45,-16.91,46.8,6.0,24.0,2154,235,,,,,,,0,1,-1,bottom
2017-05-19,490724,5,445060,R,594798,L,34,Flyout,4,2,170520_003512,6635d4f0-ea83-4eb5-a4f1-93b826e4b8a6,0,1,0,B,Ball,KC,11,2.0,3.71,1.88,70.0,63.0,66.26,-1.32,50.0,6.2,-1.11,3.17,8.75,-8.49,-1.81,-101.15,4.34,8.85,20.14,-40.76,12.0,16.8,24.0,2563,42,,,,,,,0,1,-1,bottom
2017-05-19,490724,5,445060,R,594798,L,34,Flyout,4,3,170520_003544,6086e9c5-b579-465a-96a2-fc8f49fd9fae,1,1,0,B,Ball,FS,14,2.0,3.75,2.12,79.6,73.0,11.9,-0.8,50.0,5.46,1.38,0.1,-11.77,1.55,8.42,-115.13,-5.54,-15.75,21.96,-30.1,25.2,10.8,24.0,1450,270,,,,,,,0,1,-1,bottom
2017-05-19,490724,5,445060,R,594798,L,34,Flyout,4,4,170520_003610,6d30bfa5-73d2-4156-8538-04238b72cdaf,2,1,0,X,In play- out(s),FT,4,2.0,3.92,1.63,89.8,80.4,45.51,-0.91,50.0,5.69,-0.57,2.68,-12.6,9.66,5.03,-129.97,-4.53,-21.14,32.07,-15.96,49.2,6.0,24.0,2025,235,,,,,,,0,1,-1,bottom
2017-05-19,490724,5,445060,R,624424,L,35,Walk,6,1,170520_003644,3299564e-8c84-4f93-a40e-c93672a74eba,0,0,1,B,Ball,KC,11,2.0,3.4,1.53,70.3,62.8,58.2,-1.23,50.0,6.28,-1.42,3.66,7.17,-8.73,-2.21,-101.5,5.18,7.26,21.15,-41.01,9.6,16.8,24.0,2506,35,,,,624424,,,0,0,-1,bottom
2017-05-19,490724,5,445060,R,624424,L,35,Walk,6,2,170520_003700,bfa1a562-741a-461d-9121-7d0151f922e1,1,0,1,S,Swinging Strike,FS,7,2.0,3.42,1.54,80.2,73.0,32.36,-1.06,50.0,5.67,-0.4,1.8,-12.36,3.95,5.17,-116.13,-3.0,-16.76,23.21,-26.82,30.0,9.6,24.0,1367,257,,,,624424,,,0,0,-1,bottom
2017-05-19,490724,5,445060,R,624424,L,35,Walk,6,3,170520_003722,9b9b16b3-bc04-479e-98b6-3623b36a80fe,1,2,1,F,Foul,FT,4,2.0,3.41,1.54,90.1,81.2,46.43,-0.86,50.0,5.5,-0.6,2.24,-14.14,5.77,5.37,-130.58,-4.01,-24.06,31.27,-22.35,44.4,8.4,24.0,1956,251,,,,624424,,,0,0,-1,bottom
2017-05-19,490724,5,445060,R,624424,L,35,Walk,6,4,170520_003813,61877d02-fb5c-464c-82b8-8ede1d10d34d,1,2,1,B,Ball,FS,11,2.0,3.36,1.65,79.7,72.0,16.62,-1.06,50.0,5.76,-1.61,2.75,-10.33,2.3,1.78,-115.5,-0.38,-13.75,24.47,-29.12,25.2,9.6,24.0,1266,263,,,,624424,,,0,0,-1,bottom
2017-05-19,490724,5,445060,R,624424,L,35,Walk,6,5,170520_003830,fe6557fd-eb90-44df-bc67-c42ee602eec9,2,2,1,B,Ball,FF,11,2.0,3.41,1.68,91.5,83.1,34.58,-0.78,50.0,5.77,-1.31,3.19,-7.39,10.54,1.12,-132.78,-4.18,-13.14,29.46,-13.44,42.0,4.8,24.0,2165,218,,,,624424,,,0,0,-1,bottom
2017-05-19,490724,5,445060,R,624424,L,35,Walk,6,6,170520_003849,755b52b9-a0ca-460a-b4ef-36902a923fb0,3,2,1,B,Ball,FT,13,2.0,3.4,1.62,91.2,83.2,60.57,-0.98,50.0,5.54,-1.11,1.97,-9.02,8.88,2.74,-132.44,-6.17,-15.98,29.14,-16.44,40.8,4.8,24.0,2031,229,,,,624424,,,0,0,-1,bottom
2017-05-19,490724,5,445060,R,408314,L,36,Forceout,3,1,170520_004014,98b6e4f3-2b0d-4150-abc9-2be185ed8965,0,0,1,X,In play- out(s),FT,13,2.0,3.79,1.57,89.6,81.3,64.66,-0.84,50.0,5.57,-0.77,1.78,-11.75,4.49,4.07,-129.98,-4.87,-19.91,29.72,-24.57,36.0,7.2,24.0,1879,254,624424,,,408314,,,0,1,-1,bottom
2017-05-19,490724,5,445060,R,457803,L,37,Groundout,1,1,170520_004057,3b1d575a-8229-40e7-ac4e-69ba0d0bae49,0,0,2,X,In play- out(s),FT,13,2.0,3.75,1.54,90.8,82.0,57.18,-0.87,50.0,5.63,-0.73,2.37,-14.16,7.98,5.1,-131.6,-4.87,-24.55,30.94,-18.35,50.4,7.2,24.0,2003,244,408314,,,,,,0,1,-1,bottom
2017-05-19,490724,6,445060,R,435522,L,43,Single,2,1,170520_005458,cb5dabc6-81fe-42d5-9666-772af9e4e5a4,0,1,0,C,Called Strike,FT,4,2.0,3.83,1.86,89.4,80.9,53.23,-0.84,50.0,5.71,-0.56,2.3,-13.01,6.55,5.0,-129.56,-4.52,-21.89,29.64,-21.16,43.2,7.2,24.0,2059,247,,,,435522,,,0,0,-1,bottom
2017-05-19,490724,6,445060,R,435522,L,43,Single,2,2,170520_005520,7a292eb4-b5f7-4b7b-8e58-93ca46580dc3,0,1,0,D,In play- no out,SL,4,2.0,3.64,1.7,77.4,70.5,40.82,-1.22,50.0,5.72,-0.63,2.5,0.47,-2.12,1.17,-112.21,0.78,0.59,22.04,-34.85,1.2,10.8,24.0,2343,12,,,,435522,,,0,0,-1,bottom
2017-05-19,490724,6,445060,R,434158,L,44,Flyout,5,1,170520_005602,9b1d9741-5441-46e2-9e43-79d3618fee98,0,1,0,C,Called Strike,FT,8,2.0,3.27,1.57,88.9,80.7,44.5,-0.97,50.0,5.55,-0.0,1.45,-9.97,8.09,5.75,-128.86,-6.7,-16.62,28.79,-18.68,37.2,6.0,24.0,2046,235,435522,,,435522,,,0,1,-1,bottom
2017-05-19,490724,6,445060,R,434158,L,44,Flyout,5,2,170520_005627,9a0d92e4-5b10-4b08-aa39-605eb4cd76bb,0,1,0,B,Ball,FS,14,2.0,3.21,1.68,80.4,73.1,47.03,-1.03,50.0,5.5,0.76,1.64,-10.46,4.75,7.21,-116.41,-3.22,-14.26,23.24,-25.71,26.4,8.4,24.0,1455,250,435522,,,435522,,,0,1,-1,bottom
2017-05-19,490724,6,445060,R,434158,L,44,Flyout,5,3,170520_005649,a6854f31-3c63-43c5-ad69-ad34799765c5,1,1,0,B,Ball,FT,13,2.0,3.19,1.68,89.5,80.9,37.67,-1.03,50.0,5.53,-1.62,1.59,-12.66,6.95,2.68,-129.77,-6.01,-21.29,30.65,-20.48,43.2,7.2,24.0,1954,246,435522,,,435522,,,0,1,-1,bottom
2017-05-19,490724,6,445060,R,434158,L,44,Flyout,5,4,170520_005716,d0426928-6789-4500-8dfc-21f60735bde6,2,2,0,F,Foul,FT,4,2.0,3.17,1.5,90.8,81.8,49.24,-0.94,50.0,5.65,-0.55,2.12,-8.69,11.03,3.94,-131.51,-6.59,-15.02,31.26,-13.1,44.4,4.8,24.0,2242,221,435522,,,435522,,,0,1,-1,bottom
2017-05-19,490724,6,445060,R,434158,L,44,Flyout,5,5,170520_005755,07a5a564-9ec9-4217-8c6c-d3c37e322386,2,2,0,X,In play- out(s),FT,4,2.0,3.87,1.6,90.7,82.5,43.85,-1.04,50.0,5.48,-0.45,2.31,-11.48,4.99,5.39,-131.61,-3.69,-20.04,29.19,-23.46,38.4,7.2,24.0,2076,250,435522,,,435522,,,0,1,-1,bottom
2017-05-19,490724,6,445060,R,527038,R,45,Flyout,5,1,170520_005842,1a781596-8be2-4309-a39e-27529eb072c9,0,0,1,B,Ball,SL,14,2.0,3.54,1.57,82.5,75.9,87.62,-0.99,50.0,5.65,1.23,1.57,-1.41,-2.29,5.69,-119.64,-2.13,-2.04,22.87,-35.49,1.2,9.6,24.0,2282,348,435522,,,,435522,,0,1,-1,bottom
2017-05-19,490724,6,445060,R,527038,R,45,Flyout,5,2,170520_005904,caad7933-9feb-4aeb-b737-0fc7febb0924,2,0,1,*B,Ball In Dirt,SL,14,2.0,3.54,1.63,80.8,74.2,41.45,-0.9,50.0,5.49,1.05,0.42,0.08,-3.07,4.48,-117.26,-3.82,0.12,23.63,-36.42,1.2,10.8,24.0,2228,9,435522,,,,435522,,0,1,-1,bottom
2017-05-19,490724,6,445060,R,527038,R,45,Flyout,5,3,170520_005937,25e43ff9-d6a9-4f35-9da8-1df4c1269c5c,2,1,1,T,Foul Tip,FT,5,2.0,3.54,1.55,90.5,81.5,27.44,-0.76,50.0,5.58,-0.04,2.25,-12.8,4.95,6.11,-131.12,-3.95,-21.93,31.8,-23.7,39.6,7.2,24.0,1920,253,435522,,,,435522,,0,1,-1,bottom
2017-05-19,490724,6,445060,R,527038,R,45,Flyout,5,4,170520_010009,2ab417f1-78dd-4aba-85c5-29a4e473e9ed,2,1,1,B,Ball,FT,13,2.0,3.46,1.78,89.9,81.2,46.62,-0.88,50.0,5.43,-0.01,1.1,-13.17,6.49,6.59,-130.13,-6.93,-22.28,30.76,-21.19,42.0,7.2,24.0,1849,249,435522,,,,435522,,0,1,-1,bottom
2017-05-19,490724,6,445060,R,527038,R,45,Flyout,5,5,170520_010044,3d33cea3-c0bc-4625-b70a-e9652cce2007,3,1,1,X,In play- out(s),FT,2,2.0,3.92,1.63,90.8,82.6,38.54,-0.92,50.0,5.51,-0.08,2.86,-11.31,5.41,6.01,-131.78,-2.5,-19.81,29.07,-22.7,38.4,7.2,24.0,1979,247,435522,,,,435522,,0,1,-1,bottom
2017-05-19,490724,6,445060,R,446263,L,46,Intent Walk,4,1,170520_010141,8a71d138-b529-416f-a7f5-252957eb875e,0,0,2,B,Ball,FS,14,2.0,3.94,1.93,80.8,73.3,71.08,-1.07,50.0,5.56,0.28,1.35,-11.14,1.03,6.42,-117.07,-2.99,-15.26,24.73,-30.76,24.0,9.6,24.0,1347,272,,435522,,446263,435522,,0,0,-1,bottom
2017-05-19,490724,6,445060,R,446263,L,46,Intent Walk,4,2,170520_010204,b7806df1-cee4-4471-9476-287d1985aae5,2,0,2,*B,Ball In Dirt,FS,14,2.0,3.73,1.77,82.5,74.9,34.73,-0.92,50.0,5.49,0.84,0.63,-11.08,1.34,7.51,-119.43,-4.94,-15.79,25.81,-30.27,24.0,9.6,24.0,1620,272,,435522,,446263,435522,,0,0,-1,bottom
2017-05-19,490724,6,445060,R,425784,R,47,Single,2,1,170520_010318,fe24a991-5ee9-4c25-a4c9-3a47ea6ea2b2,0,1,2,F,Foul,FS,8,2.0,3.52,1.6,81.5,73.3,78.32,-1.14,50.0,5.66,-0.16,1.86,-2.59,-1.66,3.02,-118.01,-1.3,-3.56,27.25,-34.46,4.8,10.8,24.0,2212,323,446263,435522,,425784,446263,,1,0,-1,bottom
2017-05-19,490724,6,445060,R,425784,R,47,Single,2,2,170520_010357,d25c8c23-7899-4554-a0ef-7262ba0aff7f,0,1,2,E,In play- run(s),SL,14,2.0,3.47,1.59,81.3,74.5,58.88,-0.9,50.0,5.73,0.89,1.26,-0.97,-3.02,4.44,-117.92,-2.54,-1.36,23.94,-36.39,1.2,10.8,24.0,2296,355,446263,435522,,425784,446263,,1,0,-1,bottom
2017-05-19,490724,6,445060,R,594798,L,48,Groundout,4,1,170520_010447,878ba19e-b19a-4687-8d21-3e1a3c09d476,0,0,2,B,Ball,FT,13,2.0,3.76,1.88,91.4,82.3,48.01,-1.08,50.0,5.54,-1.59,1.55,-12.21,8.33,2.77,-132.31,-6.96,-21.3,32.38,-17.65,46.8,6.0,24.0,2119,241,425784,446263,,,,,0,1,-2,bottom
2017-05-19,490724,6,445060,R,594798,L,48,Groundout,4,2,170520_010504,9f805d10-11d9-4857-b0ba-7c8c132868eb,1,1,2,F,Foul,FT,13,2.0,3.7,1.86,91.6,81.7,40.63,-1.06,50.0,5.5,-1.54,1.9,-12.46,7.86,2.93,-132.42,-5.75,-21.59,34.7,-18.56,45.6,7.2,24.0,2004,243,425784,446263,,,,,0,1,-2,bottom
2017-05-19,490724,6,445060,R,594798,L,48,Groundout,4,3,170520_010531,8bb0cabd-d2e3-43d7-b734-54176bb254a6,1,1,2,B,Ball,FS,14,2.0,3.63,1.97,80.8,73.5,13.52,-0.98,50.0,5.49,0.15,0.93,-9.79,3.32,5.52,-117.0,-4.47,-13.44,24.2,-27.62,24.0,9.6,24.0,1421,259,425784,446263,,,,,0,1,-2,bottom
2017-05-19,490724,6,445060,R,594798,L,48,Groundout,4,4,170520_010551,a62a1a4f-76ec-4673-8978-32d6c7343c69,2,1,2,X,In play- out(s),FT,13,2.0,3.68,1.5,91.2,83.1,37.89,-0.83,50.0,5.44,-0.4,0.98,-10.96,4.94,4.83,-132.23,-7.1,-19.3,29.7,-23.49,36.0,7.2,24.0,2011,252,425784,446263,,,,,0,1,-2,bottom
2017-05-24,490792,1,445060,R,572816,L,5,Flyout,1,1,170524_232307,df8f51f6-090f-487e-a031-688715d41f37,0,0,0,X,In play- out(s),FT,14,2.0,3.78,1.56,89.1,81.6,54.78,-0.61,50.0,5.81,0.2,1.42,-10.85,7.1,5.66,-129.11,-7.24,-18.33,26.59,-20.18,38.4,7.2,24.0,2022,241,,,,,,,0,1,2,bottom
2017-05-24,490792,1,445060,R,595281,L,6,Strikeout,3,1,170524_232345,51bdc782-3a94-47d4-9d02-9f38ba7d0e75,0,1,1,C,Called Strike,FF,7,2.0,3.48,1.75,89.8,82.2,57.58,-0.9,50.0,5.91,-0.34,1.96,-6.23,9.49,3.52,-130.18,-7.07,-10.73,26.63,-15.85,30.0,4.8,24.0,2152,216,,,,,,,0,1,2,bottom
2017-05-24,490792,1,445060,R,595281,L,6,Strikeout,3,2,170524_232358,0791ce5d-d283-483b-9611-10da7614b9f0,0,2,1,F,Foul,FF,6,2.0,3.5,1.62,90.4,82.6,42.66,-0.49,50.0,6.09,0.58,2.7,-4.7,9.42,4.36,-131.11,-5.75,-8.2,27.39,-15.76,22.8,4.8,24.0,1964,207,,,,,,,0,1,2,bottom
2017-05-24,490792,1,445060,R,595281,L,6,Strikeout,3,3,170524_232423,a935e795-3715-44ca-a249-c7d3dc497470,0,3,1,C,Called Strike,FT,9,2.0,3.49,1.65,91.1,83.4,57.45,-0.47,50.0,5.84,0.56,1.82,-11.48,5.46,6.57,-132.12,-6.17,-20.31,28.07,-22.51,38.4,7.2,24.0,2084,249,,,,,,,0,1,2,bottom
2017-05-24,490792,1,445060,R,446334,R,7,Groundout,7,1,170524_232456,9c73e9a5-b5ef-453c-bd3b-4cbc6b2f0c3d,0,1,2,C,Called Strike,FF,14,2.0,3.83,1.8,91.8,83.7,76.51,-0.34,50.0,5.91,0.78,1.89,-5.44,10.16,4.81,-133.06,-7.91,-9.75,28.79,-13.97,28.8,3.6,24.0,2235,209,,,,,,,0,1,2,bottom
2017-05-24,490792,1,445060,R,446334,R,7,Groundout,7,2,170524_232508,9a872034-8bfc-4009-87f8-1f4595a8db8e,0,1,2,B,Ball,FT,14,2.0,3.79,1.84,91.8,84.2,73.27,-0.29,50.0,5.79,1.0,1.37,-11.2,5.89,7.23,-133.07,-7.53,-20.14,27.75,-21.59,39.6,7.2,24.0,2186,247,,,,,,,0,1,2,bottom
2017-05-24,490792,1,445060,R,446334,R,7,Groundout,7,3,170524_232522,5ca75723-eb57-4751-ac69-4b7b5dbaf3b7,1,1,2,B,Ball,SL,14,2.0,3.78,1.8,82.8,76.3,36.84,-0.62,50.0,5.87,1.83,1.57,1.27,-1.28,5.42,-120.07,-3.04,1.85,23.01,-34.04,4.8,9.6,24.0,2523,38,,,,,,,0,1,2,bottom
2017-05-24,490792,1,445060,R,446334,R,7,Groundout,7,4,170524_232536,bb06b918-7d68-4dd3-8d09-182d672e4be0,2,1,2,S,Swinging Strike,FT,14,2.0,3.78,1.73,91.9,84.1,46.44,-0.4,50.0,5.7,0.68,1.3,-11.78,6.18,6.87,-133.19,-7.55,-21.19,28.33,-21.07,40.8,7.2,24.0,2155,247,,,,,,,0,1,2,bottom
2017-05-24,490792,1,445060,R,446334,R,7,Groundout,7,5,170524_232556,892496be-9009-476f-bda0-8c6abe15e494,2,2,2,F,Foul,FF,6,2.0,3.79,1.75,92.7,84.4,36.48,-0.45,50.0,5.94,0.32,2.48,-7.1,10.13,4.49,-134.44,-6.63,-12.97,29.64,-13.66,38.4,4.8,24.0,2287,217,,,,,,,0,1,2,bottom
2017-05-24,490792,1,445060,R,446334,R,7,Groundout,7,6,170524_232626,762b2c02-2d03-497f-810c-33a7aaf24866,2,2,2,F,Foul,SL,14,2.0,3.79,1.75,81.3,75.0,58.73,-0.78,50.0,5.86,0.93,1.77,2.22,-3.23,3.32,-118.03,-1.66,3.14,22.11,-36.74,6.0,10.8,24.0,2436,32,,,,,,,0,1,2,bottom
2017-05-24,490792,1,445060,R,446334,R,7,Groundout,7,7,170524_232700,7c86f160-13ce-4d9b-9477-5238065df118,2,2,2,X,In play- out(s),FT,6,2.0,3.84,1.59,92.5,84.8,43.69,-0.48,50.0,5.82,0.45,2.4,-10.93,4.9,6.22,-134.25,-4.72,-20.02,28.13,-23.21,38.4,7.2,24.0,2105,250,,,,,,,0,1,2,bottom
2017-05-24,490792,2,445060,R,489149,L,11,Walk,6,1,170524_233722,1af04d99-ead1-40fc-b2e0-342b3d150099,0,0,0,B,Ball,FT,13,2.0,3.55,1.67,89.7,82.0,76.61,-0.75,50.0,5.77,-0.83,1.47,-11.57,5.03,3.64,-130.09,-6.43,-19.79,27.83,-23.57,37.2,7.2,24.0,2082,252,,,,489149,,,0,0,2,bottom
2017-05-24,490792,2,445060,R,489149,L,11,Walk,6,2,170524_233740,5226da47-9b7b-4033-a2a5-0cdfc86cc9b3,1,0,0,B,Ball,FT,13,2.0,3.41,1.71,90.4,83.0,31.27,-0.72,50.0,5.73,-0.11,0.94,-12.59,3.66,5.81,-131.1,-7.42,-21.93,27.39,-25.79,37.2,8.4,24.0,2000,259,,,,489149,,,0,0,2,bottom
2017-05-24,490792,2,445060,R,489149,L,11,Walk,6,3,170524_233803,77a17eb6-612e-49cb-9650-be087a672739,2,1,0,C,Called Strike,FF,4,2.0,3.55,1.86,90.4,82.4,44.36,-0.65,50.0,5.99,-0.63,2.64,-5.74,9.54,1.98,-131.09,-5.64,-9.97,27.88,-15.58,30.0,4.8,24.0,2246,214,,,,489149,,,0,0,2,bottom
2017-05-24,490792,2,445060,R,489149,L,11,Walk,6,4,170524_233829,347da0fb-ece3-46a0-a31c-14577d6dc337,2,2,0,F,Foul,FF,6,2.0,3.55,1.63,91.8,83.4,37.16,-0.48,50.0,6.0,0.36,2.86,-5.39,10.86,4.05,-133.12,-5.82,-9.63,29.7,-12.77,32.4,3.6,24.0,2295,207,,,,489149,,,0,0,2,bottom
2017-05-24,490792,2,445060,R,489149,L,11,Walk,6,5,170524_233906,610288c8-9b9b-410c-8e6d-7ed6521963a2,2,2,0,B,Ball,SL,14,2.0,3.37,1.66,80.7,74.8,16.52,-0.83,50.0,5.75,2.04,0.17,0.88,-0.94,6.36,-116.98,-5.66,1.22,21.63,-33.47,3.6,9.6,24.0,2364,34,,,,489149,,,0,0,2,bottom
2017-05-24,490792,2,445060,R,489149,L,11,Walk,6,6,170524_233935,742fcbb5-440f-44ec-9aaa-0fc440d08992,3,2,0,B,Ball,FF,13,2.0,3.43,1.64,91.2,83.3,24.64,-0.67,50.0,5.86,-1.64,2.17,-5.9,8.58,-0.54,-132.33,-6.39,-10.46,28.44,-16.98,30.0,4.8,24.0,2055,220,,,,489149,,,0,0,2,bottom
2017-05-24,490792,2,445060,R,542921,R,12,Strikeout,7,1,170524_234020,f04de611-dc80-4a7e-9eb3-34e307a0a9ba,1,0,0,*B,Ball In Dirt,FT,14,2.0,3.65,1.7,91.1,83.6,35.95,-0.48,50.0,5.68,0.22,0.58,-11.6,6.58,5.76,-132.08,-9.36,-20.5,28.03,-20.54,40.8,7.2,24.0,1982,246,489149,,,489149,,,0,1,2,bottom
2017-05-24,490792,2,445060,R,542921,R,12,Strikeout,7,2,170524_234047,7c3b8d85-c5f8-44e0-93f7-44b9fe0ea243,1,1,0,F,Foul,SL,14,2.0,3.57,1.57,80.8,74.4,60.18,-0.8,50.0,5.94,1.29,1.77,1.86,-3.88,4.27,-117.33,-1.54,2.59,22.73,-37.56,4.8,10.8,24.0,2362,26,489149,,,489149,,,0,1,2,bottom
2017-05-24,490792,2,445060,R,542921,R,12,Strikeout,7,3,170524_234147,94bf0911-7c4a-4423-b636-15ea1b60cb8d,1,1,0,S,Swinging Strike,SL,9,2.0,3.57,1.57,79.8,73.5,36.55,-0.77,50.0,5.98,0.44,2.13,0.44,-3.87,2.64,-115.83,-0.63,0.6,21.61,-37.43,1.2,10.8,24.0,2275,9,489149,,,489149,,,0,1,2,bottom
2017-05-24,490792,2,445060,R,542921,R,12,Strikeout,7,4,170524_234217,030dc6be-8865-4602-ac1a-5601f816980c,1,2,0,B,Ball,SL,14,2.0,3.57,1.67,79.9,74.3,62.12,-0.69,50.0,5.93,0.85,1.5,1.66,-4.97,3.06,-116.1,-1.68,2.28,20.27,-39.01,3.6,12.0,24.0,2358,19,489149,,,489149,,,0,1,2,bottom
2017-05-24,490792,2,445060,R,542921,R,12,Strikeout,7,5,170524_234303,c4659488-c428-4e6a-9ffe-55508d284f3f,2,2,0,S,Swinging Strike,FT,14,2.0,3.57,1.57,90.5,82.7,64.45,-0.17,50.0,5.78,1.26,1.86,-11.48,5.8,7.56,-131.16,-5.88,-20.0,27.67,-22.07,38.4,7.2,24.0,2002,247,489149,,,489149,,,0,1,2,bottom
2017-05-24,490792,2,445060,R,458675,L,13,Strikeout,4,1,170524_234348,8b0533f8-0968-4845-8c49-76d6fc2e88ec,0,1,1,F,Foul,FT,7,2.0,3.59,1.66,91.5,83.3,46.87,-0.45,50.0,5.81,-0.27,2.1,-10.9,6.51,4.16,-132.79,-5.75,-19.34,30.03,-20.63,39.6,6.0,24.0,2025,243,489149,,,489149,,,0,1,2,bottom
2017-05-24,490792,2,445060,R,458675,L,13,Strikeout,4,2,170524_234416,fa74cc0a-cbe8-4a20-a2ad-40b4955ad4b7,0,2,1,F,Foul,FT,7,2.0,3.59,1.66,91.5,83.7,54.6,-0.48,50.0,5.74,-0.34,1.77,-9.7,6.92,3.67,-132.8,-6.64,-17.32,28.58,-19.82,38.4,6.0,24.0,1997,239,489149,,,489149,,,0,1,2,bottom
2017-05-24,490792,2,445060,R,458675,L,13,Strikeout,4,3,170524_234448,bdc1dcb6-f0ea-48d4-a6b7-96a203407ed3,1,2,1,*B,Ball In Dirt,FS,14,2.0,3.68,1.74,81.0,75.0,33.33,-0.45,50.0,5.56,0.73,-0.55,-10.91,3.34,6.01,-117.33,-8.24,-15.27,21.43,-27.5,26.4,9.6,24.0,1409,261,489149,,,489149,,,0,1,2,bottom
2017-05-24,490792,2,445060,R,458675,L,13,Strikeout,4,4,170524_234518,80ffb25f-2a62-4791-8be1-2c9d11fd9002,1,2,1,S,Swinging Strike,FS,5,2.0,3.57,1.65,80.6,74.3,12.56,-0.48,50.0,5.92,0.09,2.43,-8.95,0.95,4.02,-117.0,-1.43,-12.49,20.79,-30.85,20.4,9.6,24.0,1367,270,489149,,,489149,,,0,1,2,bottom
2017-05-24,490792,2,445060,R,519306,R,14,Home Run,2,1,170524_234559,3376a6d4-f2c7-4a5d-9a54-a6530d215754,0,0,2,S,Swinging Strike,SL,6,2.0,3.65,1.65,82.4,75.8,58.79,-0.67,50.0,5.93,0.38,2.73,1.22,-1.13,2.1,-119.68,-0.41,1.77,22.59,-33.82,3.6,9.6,24.0,2335,36,489149,,,,,,2,0,2,bottom
2017-05-24,490792,2,445060,R,519306,R,14,Home Run,2,2,170524_234628,e7a33dc8-cee8-46bc-9abc-b8c8e1ae6423,0,1,2,E,In play- run(s),FT,14,2.0,3.71,1.65,92.4,84.5,55.33,-0.19,50.0,5.88,0.98,2.49,-7.64,7.43,5.73,-134.09,-5.45,-13.92,28.74,-18.64,32.4,4.8,24.0,1974,228,489149,,,,,,2,0,2,bottom
2017-05-24,490792,2,445060,R,519083,R,15,Flyout,6,1,170524_234722,318576a2-8dcd-400d-9d3a-e0188cf6e847,0,1,2,F,Foul,FT,5,2.0,3.35,1.48,90.9,83.2,34.68,-0.41,50.0,5.88,-0.18,2.41,-10.7,4.95,4.22,-131.89,-4.55,-18.88,27.66,-23.44,36.0,7.2,24.0,1865,249,,,,,,,0,1,0,bottom
2017-05-24,490792,2,445060,R,519083,R,15,Flyout,6,2,170524_234749,932c626a-900e-40f0-877c-fe2dc880b345,0,1,2,B,Ball,SL,14,2.0,3.38,1.64,82.1,75.4,35.35,-0.47,50.0,5.89,1.6,1.44,1.09,-2.43,4.52,-119.11,-2.85,1.55,23.75,-35.66,3.6,10.8,24.0,2445,25,,,,,,,0,1,0,bottom
2017-05-24,490792,2,445060,R,519083,R,15,Flyout,6,3,170524_234806,ad3b51cc-156b-4ef0-bd80-c2e2a8ffa8ef,1,1,2,B,Ball,SL,14,2.0,3.31,1.64,81.2,74.5,15.04,-0.58,50.0,5.99,1.43,2.25,0.23,-1.22,4.61,-117.82,-1.39,0.32,22.98,-33.88,2.4,9.6,24.0,2377,20,,,,,,,0,1,0,bottom
2017-05-24,490792,2,445060,R,519083,R,15,Flyout,6,4,170524_234825,90144beb-783c-4e1d-bf17-9309d8e5c661,2,2,2,F,Foul,FT,5,2.0,3.35,1.48,91.5,83.1,31.69,-0.36,50.0,5.82,-0.09,2.11,-12.04,5.0,4.8,-132.65,-5.24,-21.3,30.33,-23.33,39.6,7.2,24.0,2081,252,,,,,,,0,1,0,bottom
2017-05-24,490792,2,445060,R,519083,R,15,Flyout,6,5,170524_234900,0391bef4-e7ee-4701-99d4-e1a70aa42efa,2,2,2,B,Ball,FT,14,2.0,3.38,1.67,92.6,85.0,67.43,-0.19,50.0,5.78,1.2,1.77,-10.16,6.49,7.19,-134.41,-6.83,-18.65,28.26,-20.27,38.4,6.0,24.0,2137,241,,,,,,,0,1,0,bottom
2017-05-24,490792,2,445060,R,519083,R,15,Flyout,6,6,170524_234930,da452f80-47fc-46e6-bb28-d3d65f755be3,3,2,2,X,In play- out(s),FT,5,2.0,3.74,1.53,92.2,84.0,37.56,-0.46,50.0,5.84,0.16,2.63,-10.07,6.65,5.09,-133.69,-4.64,-18.2,29.15,-20.16,39.6,6.0,24.0,2134,240,,,,,,,0,1,0,bottom
2017-05-24,490792,3,445060,R,621002,R,20,Flyout,4,1,170524_235857,f7bc2145-38c2-41f0-b4ba-b7057d7416d2,0,1,0,C,Called Strike,FT,8,2.0,3.49,1.66,89.0,81.5,45.8,-0.49,50.0,5.88,-0.15,1.82,-11.29,4.75,4.62,-129.1,-5.61,-19.05,26.82,-24.16,36.0,7.2,24.0,1988,252,,,,,,,0,1,0,bottom
2017-05-24,490792,3,445060,R,621002,R,20,Flyout,4,2,170524_235912,7dc026de-7874-4028-b079-bb49c1bffcd8,0,2,0,C,Called Strike,SL,14,2.0,3.42,1.65,80.0,74.1,60.71,-0.67,50.0,5.97,0.87,1.78,0.39,-5.45,3.42,-116.2,-1.01,0.53,21.15,-39.65,1.2,12.0,24.0,2408,7,,,,,,,0,1,0,bottom
2017-05-24,490792,3,445060,R,621002,R,20,Flyout,4,3,170524_235929,ea9bdbb4-1a0e-47f7-b374-2750c23226f1,0,2,0,B,Ball,SL,14,2.0,3.48,1.62,80.2,73.9,16.48,-0.46,50.0,5.83,2.09,0.39,-0.27,-2.19,5.91,-116.2,-4.79,-0.37,22.56,-35.16,1.2,10.8,24.0,2417,8,,,,,,,0,1,0,bottom
2017-05-24,490792,3,445060,R,621002,R,20,Flyout,4,4,170525_000004,a2fef679-6f50-4d0d-8cb5-158a2998e402,1,2,0,X,In play- out(s),KC,14,2.0,3.78,1.56,72.5,66.7,66.31,-0.79,50.0,6.15,0.59,1.4,6.29,-8.45,1.16,-105.34,0.21,6.99,19.85,-41.55,9.6,15.6,24.0,2556,34,,,,,,,0,1,0,bottom
2017-05-24,490792,3,445060,R,572816,L,21,Double,5,1,170525_000041,7b6df96e-75d9-40b0-9cdf-6a8ab5788f64,0,0,1,B,Ball,KC,14,2.0,3.34,1.57,71.5,65.5,66.58,-0.55,50.0,6.22,1.38,1.33,7.38,-8.65,1.98,-103.85,0.25,7.91,20.47,-41.44,10.8,15.6,24.0,2591,38,,,,,572816,,0,0,0,bottom
2017-05-24,490792,3,445060,R,572816,L,21,Double,5,2,170525_000100,295b8418-58ee-444a-905d-85e4b9fe08d8,1,0,1,S,Swinging Strike,FS,13,2.0,3.47,1.56,80.4,74.4,41.2,-0.72,50.0,5.85,-0.39,1.31,-10.1,-0.47,3.78,-116.71,-3.37,-14.01,20.92,-32.82,21.6,10.8,24.0,1459,280,,,,,572816,,0,0,0,bottom
2017-05-24,490792,3,445060,R,572816,L,21,Double,5,3,170525_000129,9da5b7e1-993f-4a88-a515-99a50b8323a8,1,2,1,F,Foul,KC,14,2.0,3.47,1.56,72.6,66.2,67.49,-0.62,50.0,6.22,0.71,1.57,8.26,-8.43,0.54,-105.26,0.48,9.07,21.24,-41.44,12.0,15.6,24.0,2663,41,,,,,572816,,0,0,0,bottom
2017-05-24,490792,3,445060,R,572816,L,21,Double,5,4,170525_000213,9f1aff49-8668-47ec-8f4c-595a4d68f7c4,1,2,1,F,Foul,SL,4,2.0,3.47,1.56,80.6,73.8,40.52,-0.95,50.0,5.92,-0.68,2.71,3.17,0.54,-0.32,-117.01,-0.61,4.39,22.38,-31.43,8.4,9.6,24.0,2397,82,,,,,572816,,0,0,0,bottom
2017-05-24,490792,3,445060,R,572816,L,21,Double,5,5,170525_000244,3f96fc35-2398-4dba-bbdb-1d7ef29caa25,1,2,1,D,In play- no out,FS,13,2.0,3.47,1.56,81.4,74.3,56.56,-0.78,50.0,5.74,-0.82,1.44,-9.38,3.85,2.73,-118.03,-4.24,-13.16,23.7,-26.78,25.2,8.4,24.0,1282,255,,,,,572816,,0,0,0,bottom
2017-05-24,490792,3,445060,R,595281,L,22,Double,2,1,170525_000327,1d68caab-8cc5-4f97-a356-8e77ba44e9dd,0,1,1,F,Foul,KC,8,2.0,3.5,1.62,71.0,64.7,61.39,-1.03,50.0,6.12,0.22,2.15,10.28,-7.85,-0.18,-102.9,2.03,10.82,20.05,-40.44,15.6,15.6,24.0,2495,49,,572816,,,595281,,1,0,0,bottom
2017-05-24,490792,3,445060,R,595281,L,22,Double,2,2,170525_000354,31e2baae-b876-4cb6-a610-2a77ac5089d9,0,1,1,E,In play- run(s),FS,7,2.0,3.5,1.62,80.8,74.0,42.27,-0.93,50.0,5.8,-0.57,1.75,-9.68,0.08,3.74,-117.28,-2.42,-13.42,23.19,-32.07,21.6,10.8,24.0,1380,276,,572816,,,595281,,1,0,0,bottom
2017-05-24,490792,3,445060,R,446334,R,23,Walk,6,1,170525_000520,8dc6149c-60f1-4115-b5ba-767761aabcbe,0,0,1,B,Ball,SL,14,2.0,3.78,1.77,80.1,73.7,70.4,-0.76,50.0,5.88,0.75,0.98,-0.14,-4.01,3.48,-116.25,-2.99,-0.19,22.89,-37.64,0.0,10.8,24.0,2249,3,,595281,,446334,595281,,0,0,-1,bottom
2017-05-24,490792,3,445060,R,446334,R,23,Walk,6,2,170525_000540,69c0de45-c613-4ef8-9565-54d122732d9b,1,0,1,B,Ball,SL,14,2.0,3.64,1.76,79.1,72.8,33.11,-0.55,50.0,5.88,0.6,0.97,1.4,-4.18,2.19,-114.78,-2.76,1.85,22.19,-37.73,3.6,12.0,24.0,2314,17,,595281,,446334,595281,,0,0,-1,bottom
2017-05-24,490792,3,445060,R,446334,R,23,Walk,6,3,170525_000608,c720a1a6-8e66-4605-a86c-26181e38aef3,2,0,1,B,Ball,FT,14,2.0,3.77,1.91,91.6,84.0,52.22,-0.55,50.0,5.63,1.03,1.1,-11.98,5.6,8.22,-132.72,-7.66,-21.42,27.75,-22.16,39.6,7.2,24.0,2047,249,,595281,,446334,595281,,0,0,-1,bottom
2017-05-24,490792,3,445060,R,446334,R,23,Walk,6,4,170525_000630,137747a2-bca2-440f-9769-0693274ac454,3,1,1,C,Called Strike,FF,5,2.0,3.84,1.86,91.9,83.6,27.71,-0.57,50.0,5.78,-0.12,2.57,-5.85,11.35,3.19,-133.45,-6.19,-10.51,29.89,-11.79,37.2,3.6,24.0,2151,208,,595281,,446334,595281,,0,0,-1,bottom
2017-05-24,490792,3,445060,R,446334,R,23,Walk,6,5,170525_000652,09a4d43a-fccb-4b84-9ff8-ab4ea039d361,3,2,1,F,Foul,FT,14,2.0,3.79,1.75,91.8,83.7,60.49,-0.51,50.0,5.57,0.51,1.68,-11.92,6.16,6.74,-133.09,-6.17,-21.31,29.44,-21.17,42.0,7.2,24.0,2019,247,,595281,,446334,595281,,0,0,-1,bottom
2017-05-24,490792,3,445060,R,446334,R,23,Walk,6,6,170525_000723,def29687-e6b5-4c43-b963-25ac191bf985,3,2,1,B,Ball,SL,12,2.0,3.74,1.81,81.2,74.6,18.51,-0.64,50.0,5.96,1.31,2.78,1.22,-3.25,4.18,-117.86,0.49,1.72,22.35,-36.75,3.6,10.8,24.0,2299,23,,595281,,446334,595281,,0,0,-1,bottom
2017-05-24,490792,3,445060,R,489149,L,24,Flyout,2,1,170525_000842,3344112f-b429-471c-b653-70dff9adf726,0,1,1,C,Called Strike,FT,11,2.0,3.52,1.79,90.8,82.6,70.71,-0.64,50.0,5.85,-0.89,3.25,-11.02,5.77,3.08,-131.79,-2.5,-19.31,29.09,-22.07,39.6,7.2,24.0,2019,246,446334,595281,,,446334,595281,0,1,-1,bottom
2017-05-24,490792,3,445060,R,489149,L,24,Flyout,2,2,170525_000920,b218244d-f90e-4a00-82b4-69f254b18e24,0,1,1,X,In play- out(s),FT,4,2.0,3.86,1.6,90.3,82.6,49.15,-0.63,50.0,5.75,-0.52,2.36,-11.05,4.52,4.0,-131.08,-4.07,-19.23,27.62,-24.32,36.0,7.2,24.0,1916,252,446334,595281,,,446334,595281,0,1,-1,bottom
2017-05-24,490792,3,445060,R,542921,R,25,Strikeout,4,1,170525_001007,73aa426d-dc65-409c-b493-ad02da9727c8,0,0,2,S,Swinging Strike,SL,14,2.0,3.57,1.57,82.2,76.1,80.31,-0.74,50.0,5.84,0.46,1.52,0.5,-2.72,2.69,-119.4,-2.56,0.72,21.9,-36.13,1.2,9.6,24.0,,12,,446334,595281,,,,0,1,-1,bottom
2017-05-24,490792,3,445060,R,542921,R,25,Strikeout,4,2,170525_001032,f13ad884-3d57-4bc6-93e4-e73cb11eeaec,0,1,2,B,Ball,SL,14,2.0,3.75,1.8,82.4,76.2,62.33,-0.61,50.0,5.88,0.87,1.45,1.09,-4.3,3.18,-119.72,-2.35,1.59,22.77,-38.42,3.6,10.8,24.0,2330,15,,446334,595281,,,,0,1,-1,bottom
2017-05-24,490792,3,445060,R,542921,R,25,Strikeout,4,3,170525_001056,f9d6808b-28cc-49fb-87dd-5ca49fe01619,1,2,2,F,Foul,FT,5,2.0,3.57,1.57,92.6,84.7,33.19,-0.46,50.0,5.85,-0.14,2.92,-11.12,4.72,4.69,-134.43,-3.34,-20.36,28.96,-23.54,38.4,7.2,24.0,2148,250,,446334,595281,,,,0,1,-1,bottom
2017-05-24,490792,3,445060,R,542921,R,25,Strikeout,4,4,170525_001129,8bbf6d46-f3f9-4abd-a533-6cc3b2eb46f0,1,2,2,S,Swinging Strike,SL,8,2.0,3.57,1.57,81.7,74.6,30.29,-0.63,50.0,5.89,0.07,2.02,-0.02,-2.33,1.64,-118.56,-1.43,-0.03,24.22,-35.46,0.0,10.8,24.0,,3,,446334,595281,,,,0,1,-1,bottom
2017-05-24,490792,4,445060,R,458675,L,30,Strikeout,4,1,170525_002047,837c3894-0fea-41ca-a1e4-9349581534ad,0,0,0,S,Swinging Strike,KC,9,2.0,3.57,1.65,69.9,63.8,71.1,-0.7,50.0,6.24,0.3,1.86,7.72,-7.56,0.01,-101.18,1.35,7.87,19.11,-39.88,10.8,15.6,24.0,2539,42,,,,,,,0,1,-1,bottom
2017-05-24,490792,4,445060,R,458675,L,30,Strikeout,4,2,170525_002104,91e8ac6c-8f37-434e-a461-fa902dc6d8b3,0,2,0,F,Foul,FT,13,2.0,3.59,1.66,89.6,82.1,37.63,-0.52,50.0,5.71,-0.39,1.1,-11.3,7.17,4.08,-129.83,-7.92,-19.3,27.1,-19.93,40.8,7.2,24.0,2090,242,,,,,,,0,1,-1,bottom
2017-05-24,490792,4,445060,R,458675,L,30,Strikeout,4,3,170525_002129,7ad2c6c3-782e-4072-9eb2-48d307c9b18a,0,2,0,F,Foul,KC,8,2.0,3.59,1.66,72.2,65.7,43.31,-0.75,50.0,6.19,0.13,1.93,8.71,-8.67,-0.51,-104.68,1.42,9.47,21.08,-41.59,13.2,15.6,24.0,2629,42,,,,,,,0,1,-1,bottom
2017-05-24,490792,4,445060,R,458675,L,30,Strikeout,4,4,170525_002201,e3e7cb09-0ec6-4a72-9dcd-8eca69ad40bf,0,3,0,W,Swinging Strike (Blocked),FS,13,2.0,3.53,1.63,80.0,74.5,24.82,-0.73,50.0,5.57,-0.48,-0.22,-8.65,-0.26,3.16,-116.11,-6.24,-11.9,20.18,-32.54,19.2,10.8,24.0,1289,281,,,,,,,0,1,-1,bottom
2017-05-24,490792,4,445060,R,519306,R,31,Pop Out,3,1,170525_002233,341fcf12-ca88-43d2-a927-f986a6e8ea94,0,1,1,C,Called Strike,SL,14,2.0,3.7,1.92,81.1,74.6,75.83,-0.65,50.0,5.94,0.83,2.51,-0.03,-2.85,3.45,-117.73,-0.21,-0.04,22.25,-36.17,1.2,10.8,24.0,2315,6,,,,,,,0,1,-1,bottom
2017-05-24,490792,4,445060,R,519306,R,31,Pop Out,3,2,170525_002247,5fd774c4-806b-4305-9b5c-c6070aca5e98,0,1,1,B,Ball,SL,14,2.0,3.77,1.86,80.5,73.7,40.04,-0.45,50.0,5.85,1.27,0.6,-1.04,-1.91,4.24,-116.72,-4.47,-1.42,24.08,-34.79,1.2,10.8,24.0,2308,353,,,,,,,0,1,-1,bottom
2017-05-24,490792,4,445060,R,519306,R,31,Pop Out,3,3,170525_002307,fc05afed-115e-4523-8406-4c3136d86a26,1,1,1,X,In play- out(s),SL,8,2.0,3.92,1.63,82.4,76.0,24.25,-0.74,50.0,5.94,0.17,2.32,0.34,-1.45,2.06,-119.67,-1.33,0.49,22.2,-34.29,1.2,9.6,24.0,2415,14,,,,,,,0,1,-1,bottom
2017-05-24,490792,4,445060,R,519083,R,32,Flyout,2,1,170525_002349,46d43db4-9a5c-47e5-9629-e40b37035752,0,1,2,F,Foul,FT,11,2.0,3.35,1.48,91.4,83.1,59.03,-0.5,50.0,5.76,-0.83,2.53,-12.1,5.61,3.26,-132.64,-4.2,-21.39,30.25,-22.25,42.0,7.2,24.0,2075,249,,,,,,,0,1,-1,bottom
2017-05-24,490792,4,445060,R,519083,R,32,Flyout,2,2,170525_002421,061e5a72-03c0-4011-98ff-51f0abb5a52b,0,1,2,X,In play- out(s),SL,14,2.0,3.74,1.53,81.8,75.1,46.09,-0.48,50.0,5.96,0.79,2.29,1.47,-1.9,2.53,-118.81,-1.16,2.1,23.1,-34.89,3.6,9.6,24.0,2348,32,,,,,,,0,1,-1,bottom
2017-05-24,490792,5,445060,R,621002,R,36,Groundout,5,1,170525_003522,dfbb19e3-6bef-404a-9824-bda569ec3b6f,0,1,0,C,Called Strike,FT,14,2.0,3.41,1.58,89.6,82.0,69.05,-0.28,50.0,5.8,1.05,1.86,-12.36,6.98,7.55,-129.87,-6.18,-21.15,26.58,-20.23,42.0,7.2,24.0,2220,244,,,,,,,0,1,-1,bottom
2017-05-24,490792,5,445060,R,621002,R,36,Groundout,5,2,170525_003535,f2c24824-5d5c-4192-8b12-e8aa951a5a2e,0,1,0,B,Ball,SL,14,2.0,3.56,1.69,81.1,75.2,22.23,-0.6,50.0,5.63,1.68,-0.75,1.4,-2.35,4.86,-117.67,-7.18,1.95,22.84,-35.46,3.6,10.8,24.0,2467,27,,,,,,,0,1,-1,bottom
2017-05-24,490792,5,445060,R,621002,R,36,Groundout,5,3,170525_003611,d84634e7-fb39-40a0-946b-54a182c3680c,1,2,0,F,Foul,SL,6,2.0,3.69,1.51,82.6,76.3,38.25,-0.76,50.0,5.92,0.65,2.71,0.62,-0.35,3.14,-120.04,-0.76,0.9,21.84,-32.68,2.4,9.6,24.0,2435,40,,,,,,,0,1,-1,bottom
2017-05-24,490792,5,445060,R,621002,R,36,Groundout,5,4,170525_003632,84a472c5-f7ee-4c30-ae92-c6b0c13555c0,1,2,0,B,Ball,FF,11,2.0,3.52,1.69,90.6,82.5,31.15,-0.53,50.0,6.0,-1.35,3.25,-6.26,9.74,-0.02,-131.58,-4.21,-10.94,28.54,-15.14,34.8,4.8,24.0,2276,216,,,,,,,0,1,-1,bottom
2017-05-24,490792,5,445060,R,621002,R,36,Groundout,5,5,170525_003652,c3bc0e46-ee42-4f18-a6f2-ebcba591b66d,2,2,0,X,In play- out(s),FT,1,2.0,3.69,1.51,91.2,83.3,46.91,-0.44,50.0,5.86,-0.39,2.94,-11.48,4.99,4.0,-132.48,-3.16,-20.38,28.61,-23.32,39.6,7.2,24.0,2118,250,,,,,,,0,1,-1,bottom
2017-05-24,490792,5,445060,R,572816,L,37,Flyout,2,1,170525_003736,88b838c2-4d08-418f-b582-c1d652e42a3f,0,0,1,S,Swinging Strike,FS,14,2.0,3.47,1.56,81.5,74.7,95.08,-0.68,50.0,5.72,0.44,1.21,-9.07,2.85,5.36,-118.1,-4.46,-12.78,22.83,-28.15,22.8,8.4,24.0,1317,260,,,,,,,0,1,-1,bottom
2017-05-24,490792,5,445060,R,572816,L,37,Flyout,2,2,170525_003808,62d3251e-174b-44dd-ba86-b88438e39d14,0,1,1,X,In play- out(s),FS,14,2.0,3.78,1.56,81.6,75.0,21.49,-0.56,50.0,5.66,0.46,0.75,-9.23,3.85,5.19,-118.29,-5.75,-13.09,22.38,-26.71,24.0,8.4,24.0,1252,255,,,,,,,0,1,-1,bottom
2017-05-24,490792,5,445060,R,595281,L,38,Groundout,6,1,170525_003841,5a07300b-ebeb-481a-8e18-59b1f8d73160,0,1,2,M,Missed Bunt,KC,14,2.0,3.49,1.63,71.8,65.3,89.45,-0.58,50.0,6.15,0.68,1.3,7.92,-7.84,0.49,-104.04,0.11,8.48,21.25,-40.57,12.0,15.6,24.0,2539,41,,,,,,,0,1,-1,bottom
2017-05-24,490792,5,445060,R,595281,L,38,Groundout,6,2,170525_003906,0f1c6212-dee9-47a9-a193-c24aaf52e3c8,0,1,2,B,Ball,FT,12,2.0,3.51,1.8,89.3,81.8,34.39,-0.49,50.0,6.03,0.3,3.91,-6.72,7.45,4.28,-129.61,-1.63,-11.5,25.54,-19.43,28.8,4.8,24.0,2133,223,,,,,,,0,1,-1,bottom
2017-05-24,490792,5,445060,R,595281,L,38,Groundout,6,3,170525_003920,1b201feb-63a7-4009-8832-e45ecdd6fc76,1,1,2,B,Ball,FS,14,2.0,3.42,1.73,80.6,74.7,26.27,-0.58,50.0,5.74,0.53,0.67,-9.24,0.47,5.35,-117.03,-4.92,-12.88,21.05,-31.52,20.4,9.6,24.0,1312,276,,,,,,,0,1,-1,bottom
2017-05-24,490792,5,445060,R,595281,L,38,Groundout,6,4,170525_003940,6aa8ac0b-d699-4638-9c88-0b58cf8ff1a5,2,1,2,S,Swinging Strike,FT,7,2.0,3.49,1.62,89.2,81.3,49.42,-1.1,50.0,5.53,-0.5,2.09,-12.15,3.72,5.55,-129.38,-3.7,-20.52,27.84,-25.9,36.0,8.4,24.0,2034,257,,,,,,,0,1,-1,bottom
2017-05-24,490792,5,445060,R,595281,L,38,Groundout,6,5,170525_004002,b087275c-c0ee-4d3d-ab81-4f5ced8e9ccc,2,2,2,B,Ball,KC,14,2.0,3.38,1.71,73.0,66.7,55.5,-0.67,50.0,6.03,1.0,1.07,8.62,-7.87,1.16,-105.95,-0.41,9.6,21.54,-40.94,13.2,15.6,24.0,2563,44,,,,,,,0,1,-1,bottom
2017-05-24,490792,5,445060,R,595281,L,38,Groundout,6,6,170525_004023,ac9d2908-0ec0-4c89-b356-e29b31aa49ff,3,2,2,X,In play- out(s),FT,8,2.0,3.78,1.56,90.9,82.9,36.37,-0.67,50.0,5.71,0.08,2.02,-11.86,5.67,5.96,-131.8,-5.32,-20.81,28.69,-22.22,39.6,7.2,24.0,2111,248,,,,,,,0,1,-1,bottom
2017-05-24,490792,6,445060,R,446334,R,43,Single,5,1,170525_005158,be219b9a-b92d-4b38-9b8b-5e6f72f570db,0,0,0,B,Ball,FT,14,2.0,3.82,1.9,90.3,82.5,46.65,-0.31,50.0,5.65,1.42,1.31,-11.58,6.65,8.34,-130.7,-7.19,-20.04,27.57,-20.68,39.6,7.2,24.0,2141,244,,,,,,,0,1,-1,bottom
2017-05-24,490792,6,445060,R,446334,R,43,Single,5,2,170525_005213,23d6e3cb-61de-428a-acee-158a1465f267,1,1,0,F,Foul,FT,14,2.0,3.79,1.75,90.9,82.8,67.0,-0.41,50.0,5.74,0.6,1.63,-11.19,7.44,6.42,-131.64,-6.99,-19.59,28.64,-19.15,42.0,6.0,24.0,2115,240,,,,,,,0,1,-1,bottom
2017-05-24,490792,6,445060,R,446334,R,43,Single,5,3,170525_005242,04519c28-3ed9-4015-88b0-abd9e4c4250c,1,1,0,B,Ball,SL,14,2.0,3.64,1.81,81.0,75.1,21.76,-0.56,50.0,5.77,2.11,0.76,0.31,-0.04,6.13,-117.55,-4.72,0.43,21.16,-32.22,2.4,9.6,24.0,2417,36,,,,,,,0,1,-1,bottom
2017-05-24,490792,6,445060,R,446334,R,43,Single,5,4,170525_005303,03787da4-f6c3-4fde-89d2-33c1fe4f5bc0,2,1,0,S,Swinging Strike,SL,8,2.0,3.78,1.73,79.7,72.9,33.7,-0.87,50.0,5.83,-0.17,1.82,-0.87,-2.01,1.85,-115.72,-1.48,-1.17,22.92,-34.88,1.2,10.8,24.0,,349,,,,,,,0,1,-1,bottom
2017-05-24,490792,6,445060,R,446334,R,43,Single,5,5,170525_005326,bd653491-a37c-46e0-99cc-5acc43c23a8c,2,2,0,X,In play- out(s),FT,14,2.0,3.84,1.59,90.9,82.8,70.29,-0.57,50.0,5.67,0.82,1.61,-12.05,5.27,7.68,-131.7,-6.12,-21.06,29.11,-22.96,38.4,7.2,24.0,2147,251,,,,,,,0,1,-1,bottom
2017-05-24,490792,6,445060,R,489149,L,44,Double,5,1,170525_005438,99bd41fb-5402-4306-8faf-3d9094bc29fd,0,1,1,C,Called Strike,KC,14,2.0,3.55,1.63,71.3,64.5,74.92,-0.85,50.0,6.21,0.25,1.53,7.08,-9.89,0.37,-103.25,1.14,7.41,22.01,-42.53,9.6,16.8,24.0,2543,32,,,,,489149,,0,0,-1,bottom
2017-05-24,490792,6,445060,R,489149,L,44,Double,5,2,170525_005459,536b34b2-f1fd-4eab-9a9f-96af39cf82d8,0,2,1,F,Foul,FF,12,2.0,3.55,1.63,91.0,81.8,57.7,-0.42,50.0,6.01,0.8,3.22,-6.82,10.29,5.43,-131.84,-4.45,-11.84,31.67,-14.32,34.8,4.8,24.0,2254,214,,,,,489149,,0,0,-1,bottom
2017-05-24,490792,6,445060,R,489149,L,44,Double,5,3,170525_005535,9281b290-5c8b-4936-9b49-340b0f335840,0,2,1,B,Ball,SL,13,2.0,3.55,1.7,79.7,73.1,16.02,-0.84,50.0,5.69,-0.09,0.92,2.95,-2.18,0.82,-115.59,-3.15,3.96,22.92,-35.1,6.0,10.8,24.0,2340,40,,,,,489149,,0,0,-1,bottom
2017-05-24,490792,6,445060,R,489149,L,44,Double,5,4,170525_005600,0aadde4b-72e5-404a-9379-567b4dd3de64,1,2,1,B,Ball,FS,13,2.0,3.55,1.79,80.2,74.2,12.55,-0.81,50.0,5.6,-1.36,0.05,-10.14,2.36,1.75,-116.39,-6.46,-13.93,21.48,-28.92,24.0,9.6,24.0,1331,265,,,,,489149,,0,0,-1,bottom
2017-05-24,490792,6,445060,R,489149,L,44,Double,5,5,170525_005631,233c5de2-a51f-495c-8d11-1298d9eee635,2,2,1,D,In play- no out,FT,2,2.0,3.49,1.79,92.4,83.8,33.27,-0.45,50.0,5.85,0.07,2.93,-11.09,6.12,5.16,-134.02,-3.7,-20.02,30.97,-21.12,40.8,6.0,24.0,2011,244,,,,,489149,,0,0,-1,bottom
2017-05-24,490792,6,445060,R,542921,R,45,Strikeout,5,1,170525_005748,ac6b26ef-6408-40cb-b148-11c60568526f,0,0,1,S,Swinging Strike,SL,14,2.0,3.57,1.57,81.4,74.4,75.77,-0.95,50.0,5.94,0.99,2.52,0.53,-1.83,4.36,-118.01,-0.47,0.74,23.36,-34.74,2.4,9.6,24.0,2220,22,,489149,,,489149,,0,1,-1,bottom
2017-05-24,490792,6,445060,R,542921,R,45,Strikeout,5,2,170525_005908,c919535c-924b-4a07-b658-08502bea9b19,0,2,1,C,Called Strike,FT,14,2.0,3.62,1.57,91.1,82.7,52.62,-0.36,50.0,5.81,1.02,2.61,-11.3,4.95,7.39,-131.94,-3.8,-19.81,29.61,-23.5,37.2,7.2,24.0,2057,250,,489149,,,489149,,0,1,-1,bottom
2017-05-24,490792,6,445060,R,542921,R,45,Strikeout,5,3,170525_005943,2bdeb7c7-73d2-408d-88a3-c14484b90c7d,0,2,1,S,Swinging Strike,SL,14,2.0,3.53,1.53,81.7,74.7,22.17,-0.65,50.0,5.76,1.9,1.09,0.05,-2.43,5.91,-118.37,-3.23,0.07,24.53,-35.59,1.2,10.8,24.0,2278,13,,489149,,,489149,,0,1,-1,bottom
2017-05-24,490792,7,445060,R,458675,L,50,Home Run,3,1,170525_011455,5110a63d-07e9-4084-a511-9cf1f28b7171,0,0,0,B,Ball,FT,13,2.0,3.62,1.76,87.5,79.8,41.17,-0.98,50.0,5.66,-1.45,1.9,-11.47,4.56,2.56,-126.87,-4.42,-18.61,27.16,-24.78,34.8,8.4,24.0,2001,254,,,,,,,1,0,-1,bottom
2017-05-24,490792,7,445060,R,458675,L,50,Home Run,3,2,170525_011514,ea95ff6c-128e-4062-9f51-f60b9298b4a3,1,0,0,B,Ball,FT,13,2.0,3.55,1.7,88.1,80.9,33.39,-0.54,50.0,5.59,-0.17,0.17,-12.07,5.53,4.88,-127.61,-9.09,-19.9,26.37,-23.07,37.2,7.2,24.0,1973,252,,,,,,,1,0,-1,bottom
2017-05-24,490792,7,445060,R,458675,L,50,Home Run,3,3,170525_011540,4b2a602a-0014-4d76-9de9-116641b2bc70,2,0,0,E,In play- run(s),FT,8,2.0,3.54,1.63,89.8,81.6,34.64,-0.74,50.0,5.75,-0.04,2.31,-12.13,5.57,5.84,-130.18,-4.41,-20.69,28.82,-22.68,39.6,7.2,24.0,2082,249,,,,,,,1,0,-1,bottom
2017-05-24,490792,7,445060,R,519306,R,51,Home Run,3,1,170525_011625,164b86eb-8a9a-4032-bee3-4759fcb0f11f,0,0,0,B,Ball,SL,14,2.0,3.78,1.8,81.3,74.9,72.77,-0.48,50.0,5.84,1.2,0.53,-2.22,-2.01,4.57,-117.92,-4.81,-3.11,23.11,-34.99,3.6,10.8,24.0,2224,335,,,,,,,1,0,-2,bottom
2017-05-24,490792,7,445060,R,519306,R,51,Home Run,3,2,170525_011645,0e1e4e77-48fb-47bc-b195-ce93bb178b6f,1,0,0,B,Ball,SL,14,2.0,3.74,1.9,81.5,75.2,41.27,-0.7,50.0,5.79,1.11,0.52,0.24,-4.13,4.14,-118.28,-4.15,0.34,23.37,-38.0,1.2,10.8,24.0,2403,8,,,,,,,1,0,-2,bottom
2017-05-24,490792,7,445060,R,519306,R,51,Home Run,3,3,170525_011715,b729c524-3b5e-471c-98e4-327bcc6197f9,2,0,0,E,In play- run(s),SL,9,2.0,3.67,1.62,80.9,74.4,38.49,-0.76,50.0,5.85,0.49,2.13,0.93,0.6,2.64,-117.43,-1.88,1.3,22.09,-31.34,3.6,9.6,24.0,2217,70,,,,,,,1,0,-2,bottom
2017-05-29,490860,1,445060,R,542255,L,0,Double,4,1,170530_024116,9fba791f-a0c7-4ae7-ba9e-82c67cf3919f,0,1,0,C,Called Strike,FF,6,2.0,3.27,1.62,90.5,82.8,52.78,-0.73,50.0,5.97,0.39,2.25,-3.87,9.72,4.21,-131.17,-6.71,-6.77,26.84,-15.17,19.2,3.6,24.0,2210,202,,,,,542255,,0,0,0,top
2017-05-29,490860,1,445060,R,542255,L,0,Double,4,2,170530_024116,d1f97d79-6f9c-411d-bc51-7d04e22af360,0,1,0,S,Swinging Strike,FT,7,2.0,3.12,1.34,89.1,82.2,62.77,-0.95,50.0,5.8,-0.7,1.51,-9.39,4.24,3.77,-129.42,-6.12,-16.02,25.43,-24.94,30.0,7.2,24.0,1962,252,,,,,542255,,0,0,0,top
2017-05-29,490860,1,445060,R,542255,L,0,Double,4,3,170530_024116,84a660c5-b05d-42bb-95b5-fa92e174b772,0,2,0,F,Foul,FS,13,2.0,3.12,1.35,82.2,76.1,43.69,-1.1,50.0,5.83,-0.53,1.33,-9.61,0.08,4.29,-119.31,-3.82,-13.95,21.57,-32.06,21.6,9.6,24.0,1426,276,,,,,542255,,0,0,0,top
2017-05-29,490860,1,445060,R,542255,L,0,Double,4,4,170530_010951,0beb82f7-8f65-4509-9533-8d407971fd51,0,2,0,D,In play- no out,KC,4,2.0,3.12,1.36,73.9,67.9,37.64,-1.15,50.0,6.28,-0.28,2.33,8.09,-8.49,-0.38,-107.25,1.61,9.34,19.92,-41.99,12.0,14.4,24.0,2526,41,,,,,542255,,0,0,0,top
2017-05-29,490860,1,445060,R,455976,L,1,Groundout,1,1,170530_011028,ce508463-a4f5-44af-8c6b-877c20942e05,0,0,0,X,In play- out(s),FT,13,2.0,3.79,1.57,90.0,82.3,61.62,-1.18,50.0,5.8,-0.92,2.44,-10.51,4.5,4.19,-130.73,-3.94,-18.15,28.02,-24.41,34.8,7.2,24.0,1923,251,,542255,,,542255,,0,1,0,top
2017-05-29,490860,1,445060,R,461314,R,2,Groundout,4,1,170530_024116,db3ea6cc-b852-4a4b-90ec-72f8c58d7e17,0,0,1,B,Ball,FT,14,2.0,3.82,2.02,92.0,83.8,35.63,-0.58,50.0,5.71,1.81,0.79,-10.83,8.82,9.92,-132.89,-9.76,-19.31,29.13,-16.43,43.2,6.0,24.0,2023,234,,542255,,,542255,,0,1,0,top
2017-05-29,490860,1,445060,R,461314,R,2,Groundout,4,2,170530_024116,f485b318-667c-44b1-a7a5-92d40b7517b0,1,0,1,B,Ball,SL,14,2.0,3.76,1.97,80.1,73.6,36.6,-0.85,50.0,5.99,1.52,1.66,3.69,-3.62,4.34,-116.21,-1.8,5.02,22.73,-37.1,8.4,10.8,24.0,2386,42,,542255,,,542255,,0,1,0,top
2017-05-29,490860,1,445060,R,461314,R,2,Groundout,4,3,170530_024116,1d5f21e9-8915-44b2-bd28-5896d2b5d0db,2,1,1,C,Called Strike,FT,14,2.0,3.71,1.97,90.2,82.4,63.85,-0.71,50.0,5.93,0.89,2.27,-9.52,4.79,7.33,-130.84,-4.83,-16.48,27.93,-23.88,31.2,7.2,24.0,2058,248,,542255,,,542255,,0,1,0,top
2017-05-29,490860,1,445060,R,461314,R,2,Groundout,4,4,170530_024116,0982f329-1124-4dea-9d5a-a25098640148,2,1,1,X,In play- out(s),FT,5,2.0,3.93,1.63,91.4,83.4,35.7,-0.56,50.0,6.08,0.17,2.94,-6.76,7.01,4.22,-132.59,-4.46,-12.04,28.32,-19.7,28.8,4.8,24.0,2293,227,,542255,,,542255,,0,1,0,top
2017-05-29,490860,1,445060,R,571431,L,3,Flyout,4,1,170530_024116,d5b9d356-ab69-45e4-9214-52ebc1b3fe83,0,1,2,C,Called Strike,KC,4,2.0,3.68,1.76,73.3,66.4,56.42,-1.13,50.0,6.26,-0.26,2.69,9.19,-7.11,-0.66,-106.06,2.24,10.26,21.48,-40.11,14.4,14.4,24.0,2496,48,,542255,,,,,0,1,0,top
2017-05-29,490860,1,445060,R,571431,L,3,Flyout,4,2,170530_024116,6753b09a-df34-4e52-bfed-f6d05cb776f8,0,2,2,F,Foul,FT,14,2.0,3.61,1.7,91.0,83.2,27.58,-1.0,50.0,5.66,0.1,0.9,-10.95,5.55,6.56,-131.77,-8.05,-19.24,28.17,-22.42,37.2,7.2,24.0,2079,248,,542255,,,,,0,1,0,top
2017-05-29,490860,1,445060,R,571431,L,3,Flyout,4,3,170530_011427,9aa740f5-bc74-4f43-a506-eadaee1032ff,1,2,2,*B,Ball In Dirt,FS,13,2.0,3.76,2.03,80.7,75.2,22.86,-1.31,50.0,5.64,-0.42,-0.51,-10.01,0.09,5.06,-117.04,-7.35,-14.01,20.27,-32.05,21.6,10.8,24.0,1391,279,,542255,,,,,0,1,0,top
2017-05-29,490860,1,445060,R,571431,L,3,Flyout,4,4,170530_011454,a58c24f4-5b6a-4c23-84ff-694aea068d99,1,2,2,X,In play- out(s),SL,14,2.0,3.87,1.6,79.5,74.0,59.87,-1.03,50.0,5.96,0.92,1.36,5.32,-4.61,2.87,-115.51,-2.12,7.24,20.18,-38.45,10.8,12.0,24.0,2251,45,,542255,,,,,0,1,0,top
2017-05-29,490860,2,445060,R,452095,R,7,Strikeout,5,1,170530_012732,50425f5d-9521-434b-af75-b0b4ddfa1f03,0,1,0,C,Called Strike,FT,9,2.0,3.67,1.75,90.0,82.7,50.92,-0.57,50.0,6.01,0.45,2.29,-8.41,7.12,5.46,-130.58,-5.78,-14.61,25.92,-19.81,32.4,6.0,24.0,2124,233,,,,,,,0,1,0,top
2017-05-29,490860,2,445060,R,452095,R,7,Strikeout,5,2,170530_012753,a9432eca-8fa1-41c1-b89e-eba2b8c5812e,0,1,0,B,Ball,SL,14,2.0,3.65,1.75,81.5,75.9,30.63,-0.77,50.0,6.14,1.48,1.97,3.52,-2.78,4.2,-118.48,-2.12,5.05,20.56,-36.17,8.4,10.8,24.0,2619,47,,,,,,,0,1,0,top
2017-05-29,490860,2,445060,R,452095,R,7,Strikeout,5,3,170530_012803,3f396e74-7e21-475d-bb11-6e6553e32b0b,1,2,0,F,Foul,SL,6,2.0,3.63,1.6,80.8,74.9,40.67,-0.83,50.0,6.21,0.67,2.91,2.99,-3.81,2.58,-117.46,0.38,4.21,20.45,-37.54,7.2,10.8,24.0,2537,36,,,,,,,0,1,0,top
2017-05-29,490860,2,445060,R,452095,R,7,Strikeout,5,4,170530_012830,70c614a2-a0da-461d-8a14-d2b7a97224db,1,2,0,B,Ball,FF,11,2.0,3.71,1.72,90.7,83.3,25.35,-0.81,50.0,6.04,-1.56,3.18,-6.09,7.31,0.11,-131.79,-3.76,-10.77,26.44,-19.25,28.8,4.8,24.0,2245,224,,,,,,,0,1,0,top
2017-05-29,490860,2,445060,R,452095,R,7,Strikeout,5,5,170530_012857,f8d3a152-e00b-4b72-9c8e-29063f285c27,2,3,0,C,Called Strike,FT,14,2.0,3.64,1.79,91.5,83.9,63.69,-0.31,50.0,5.95,1.0,2.21,-8.25,7.3,6.25,-132.65,-6.18,-14.76,27.22,-19.11,33.6,6.0,24.0,2136,231,,,,,,,0,1,0,top
2017-05-29,490860,2,445060,R,547004,L,8,Strikeout,3,1,170530_012927,4147ebe9-b2b2-4867-887c-10c06c8376a4,0,1,1,F,Foul,FT,11,2.0,3.49,1.6,90.7,83.7,57.24,-0.9,50.0,5.97,-1.09,2.57,-8.9,5.27,2.55,-131.74,-4.52,-15.79,25.39,-22.82,32.4,6.0,24.0,2017,244,,,,,,,0,1,0,top
2017-05-29,490860,2,445060,R,547004,L,8,Strikeout,3,2,170530_012948,158bd0ba-8e7d-4b4d-9805-ff7e113be240,0,2,1,C,Called Strike,FS,7,2.0,3.61,1.78,81.9,76.1,36.45,-1.02,50.0,6.01,-0.43,1.95,-6.03,0.61,3.26,-119.0,-2.98,-8.76,20.07,-31.29,14.4,9.6,24.0,1427,274,,,,,,,0,1,0,top
2017-05-29,490860,2,445060,R,547004,L,8,Strikeout,3,3,170530_013011,88a50335-9041-4f49-a8d7-de04687a82e6,0,3,1,W,Swinging Strike (Blocked),FS,13,2.0,3.79,1.57,82.0,76.1,22.02,-0.93,50.0,5.81,-0.48,0.57,-8.16,-0.66,3.57,-118.96,-5.32,-11.77,21.27,-33.12,18.0,9.6,24.0,1325,284,,,,,,,0,1,0,top
2017-05-29,490860,2,445060,R,542454,L,9,Lineout,2,1,170530_013043,335a5d54-2cda-4cc1-b979-162ce90dcc4b,0,1,2,C,Called Strike,FT,4,2.0,3.41,1.69,91.7,84.5,47.4,-0.78,50.0,5.99,-0.46,2.74,-7.81,5.98,3.53,-133.21,-4.55,-14.17,26.05,-21.33,31.2,6.0,24.0,2114,236,,,,,,,0,1,0,top
2017-05-29,490860,2,445060,R,542454,L,9,Lineout,2,2,170530_013058,0b15aad4-4658-483b-a62e-3d8b70798794,0,1,2,X,In play- out(s),FT,7,2.0,3.7,1.52,91.1,84.0,52.2,-0.74,50.0,5.78,-0.34,1.78,-9.42,5.27,4.26,-132.18,-6.14,-16.81,25.98,-22.77,33.6,6.0,24.0,2050,245,,,,,,,0,1,0,top
2017-05-29,490860,3,445060,R,607054,L,14,Groundout,7,1,170530_014232,0be2f82c-1ade-4cda-a533-2457253382f6,0,0,0,B,Ball,KC,14,2.0,3.36,1.64,71.7,66.1,93.37,-0.96,50.0,6.28,0.95,1.64,7.44,-7.46,1.93,-104.11,0.32,8.09,18.94,-40.29,12.0,15.6,24.0,2483,42,,,,,,,0,1,1,top
2017-05-29,490860,3,445060,R,607054,L,14,Groundout,7,2,170530_014247,bad45e41-eb66-46c1-b3e7-dab569c065e4,1,0,0,B,Ball,FT,11,2.0,3.43,1.71,88.4,81.0,29.11,-1.08,50.0,5.99,-1.44,2.83,-11.05,4.5,2.72,-128.4,-3.14,-18.46,26.29,-24.65,34.8,7.2,24.0,1966,252,,,,,,,0,1,1,top
2017-05-29,490860,3,445060,R,607054,L,14,Groundout,7,3,170530_014303,6fe9a825-1afa-4fd9-bb54-fb21d19e0778,2,1,0,C,Called Strike,FF,7,2.0,3.5,1.69,89.5,82.1,54.67,-0.77,50.0,5.89,-0.55,1.82,-5.15,8.56,2.29,-129.89,-7.03,-8.81,26.51,-17.51,24.0,4.8,24.0,2087,214,,,,,,,0,1,1,top
2017-05-29,490860,3,445060,R,607054,L,14,Groundout,7,4,170530_014319,325545a6-8226-4208-870b-84b7c032dd15,2,1,0,S,Swinging Strike,FT,13,2.0,3.16,1.42,89.0,81.8,57.89,-0.84,50.0,5.84,-1.07,2.09,-10.51,4.51,2.91,-129.29,-4.79,-17.86,26.04,-24.52,33.6,7.2,24.0,1993,252,,,,,,,0,1,1,top
2017-05-29,490860,3,445060,R,607054,L,14,Groundout,7,5,170530_014336,3b4b0042-e6b0-4da5-96ab-ec405b9f84f0,2,2,0,F,Foul,SL,4,2.0,3.16,1.43,79.5,73.5,30.93,-1.16,50.0,5.91,-0.35,2.38,2.14,-4.51,1.21,-115.52,0.3,2.91,20.47,-38.29,4.8,12.0,24.0,2447,23,,,,,,,0,1,1,top
2017-05-29,490860,3,445060,R,607054,L,14,Groundout,7,6,170530_014405,33a20ebe-ef70-4895-931a-590ecb2ddf2f,2,2,0,B,Ball,FF,11,2.0,3.36,1.71,90.4,82.5,23.98,-0.91,50.0,6.01,-1.63,2.87,-5.56,9.28,0.01,-131.26,-5.05,-9.69,28.13,-16.0,30.0,4.8,24.0,2094,215,,,,,,,0,1,1,top
2017-05-29,490860,3,445060,R,607054,L,14,Groundout,7,7,170530_014426,7bd69f70-3804-481d-a0d9-b156724b521d,3,2,0,X,In play- out(s),FT,13,2.0,3.75,1.54,89.8,82.3,51.17,-0.8,50.0,5.89,-0.76,2.64,-10.34,5.14,3.57,-130.43,-3.86,-17.85,26.93,-23.3,36.0,7.2,24.0,2012,247,,,,,,,0,1,1,top
2017-05-29,490860,3,445060,R,621020,R,15,Single,7,1,170530_014507,a892cb02-8229-4901-a9fa-bace04a858d3,0,1,1,C,Called Strike,SL,9,2.0,3.69,1.79,79.7,74.3,79.21,-0.93,50.0,5.96,0.51,1.8,3.89,-2.72,2.14,-115.79,-1.74,5.34,19.21,-35.91,8.4,10.8,24.0,2337,48,,,,621020,,,0,0,1,top
2017-05-29,490860,3,445060,R,621020,R,15,Single,7,2,170530_014522,80362789-6ca9-430e-95ca-6ded6244e845,0,2,1,F,Foul,FT,4,2.0,3.68,1.69,90.8,83.6,36.56,-0.79,50.0,5.86,-0.29,2.48,-10.07,3.43,4.73,-131.8,-3.81,-17.84,26.19,-26.1,32.4,7.2,24.0,2019,255,,,,621020,,,0,0,1,top
2017-05-29,490860,3,445060,R,621020,R,15,Single,7,3,170530_014547,5e2389ba-5264-4768-9bc7-bd9706e069c2,0,2,1,B,Ball,SL,14,2.0,3.69,1.82,81.3,75.6,35.85,-0.48,50.0,6.06,1.61,1.73,1.14,-2.94,4.55,-118.1,-2.36,1.63,20.71,-36.36,3.6,10.8,24.0,2376,23,,,,621020,,,0,0,1,top
2017-05-29,490860,3,445060,R,621020,R,15,Single,7,4,170530_014602,5253d191-ec05-4d9e-b286-ca43f110fbba,1,2,1,B,Ball,SL,14,2.0,3.69,1.82,80.4,75.1,59.58,-0.76,50.0,5.96,1.16,1.43,2.3,-4.23,3.76,-116.91,-2.29,3.21,19.75,-38.1,6.0,10.8,24.0,2426,27,,,,621020,,,0,0,1,top
2017-05-29,490860,3,445060,R,621020,R,15,Single,7,5,170530_014621,29e05ae4-0ee3-4d29-99de-ec9a17f7181a,2,2,1,F,Foul,FT,11,2.0,3.68,1.69,90.5,83.6,52.26,-0.6,50.0,5.96,-0.35,3.69,-8.4,3.94,3.51,-131.59,-1.11,-14.9,24.8,-25.18,28.8,7.2,24.0,1923,248,,,,621020,,,0,0,1,top
2017-05-29,490860,3,445060,R,621020,R,15,Single,7,6,170530_014700,b76b9fd3-1712-4d10-97d1-d6fcdf25a718,2,2,1,B,Ball,FT,12,2.0,3.7,1.8,92.0,84.2,73.54,-0.42,50.0,6.06,0.89,3.66,-8.02,6.34,6.19,-133.52,-2.42,-14.53,27.76,-20.69,32.4,6.0,24.0,2079,233,,,,621020,,,0,0,1,top
2017-05-29,490860,3,445060,R,621020,R,15,Single,7,7,170530_014719,fd80f246-419e-4a0a-a205-1b328ae8f786,3,2,1,D,In play- no out,FT,8,2.0,3.69,1.69,90.8,83.9,45.71,-0.87,50.0,5.71,-0.18,1.98,-8.05,4.87,4.54,-132.0,-5.27,-14.33,25.72,-23.5,28.8,6.0,24.0,2000,244,,,,621020,,,0,0,1,top
2017-05-29,490860,3,445060,R,542255,L,16,Single,1,1,170530_014810,25d5998e-4a19-4e1c-9cb7-99226021821c,0,0,1,D,In play- no out,FT,4,2.0,3.12,1.36,90.1,82.7,48.17,-0.91,50.0,6.01,-0.57,2.28,-7.93,5.29,3.56,-130.74,-5.21,-13.78,26.5,-22.98,28.8,6.0,24.0,1971,241,621020,,,542255,621020,,0,0,1,top
2017-05-29,490860,3,445060,R,455976,L,17,Lineout,3,1,170530_014925,3e7dcd43-9e12-49d5-8c95-a794a64eea17,0,0,1,B,Ball,FT,13,2.0,3.87,1.92,90.9,83.4,76.15,-0.74,50.0,5.78,-1.14,1.78,-9.2,4.03,2.07,-131.88,-5.62,-16.22,27.75,-25.06,31.2,7.2,24.0,2022,253,542255,621020,,542255,621020,,0,1,1,top
2017-05-29,490860,3,445060,R,455976,L,17,Lineout,3,2,170530_014947,c3bdfef8-1736-4d07-8b90-ff2248474ee8,1,1,1,C,Called Strike,FT,13,2.0,3.78,1.87,88.5,81.2,76.71,-0.94,50.0,5.73,-0.95,1.72,-9.87,3.04,3.22,-128.44,-4.83,-16.49,26.45,-27.09,30.0,8.4,24.0,1878,259,542255,621020,,542255,621020,,0,1,1,top
2017-05-29,490860,3,445060,R,455976,L,17,Lineout,3,3,170530_015022,bcd83012-4cdf-4922-9b68-124869e7d0a6,1,1,1,X,In play- out(s),FT,7,2.0,3.79,1.57,89.4,81.9,62.0,-0.98,50.0,5.82,-0.59,1.76,-8.87,5.43,3.96,-129.63,-5.92,-15.1,26.9,-22.92,31.2,7.2,24.0,1985,244,542255,621020,,542255,621020,,0,1,1,top
2017-05-29,490860,3,445060,R,461314,R,18,Walk,6,1,170530_015118,ee5f0ba1-9e28-4422-bb39-9c4fcfa5c887,0,0,2,B,Ball,SL,14,2.0,3.78,2.0,80.8,74.8,72.8,-0.77,50.0,5.88,1.22,1.11,2.59,-3.56,3.83,-117.33,-3.05,3.62,21.92,-37.15,6.0,10.8,24.0,2415,33,542255,621020,,461314,542255,621020,0,0,1,top
2017-05-29,490860,3,445060,R,461314,R,18,Walk,6,2,170530_015138,2d299a5b-6d31-49bf-99b3-e8c89db7429e,1,0,2,B,Ball,SL,14,2.0,3.75,1.97,81.3,75.0,16.87,-0.76,50.0,5.92,1.35,1.12,3.39,-2.43,3.89,-117.95,-3.52,4.77,22.56,-35.6,8.4,10.8,24.0,2348,46,542255,621020,,461314,542255,621020,0,0,1,top
2017-05-29,490860,3,445060,R,461314,R,18,Walk,6,3,170530_015206,e4d6d1df-d0f1-4617-b259-024b65e4217d,3,0,2,*B,Ball In Dirt,FT,14,2.0,3.78,1.95,91.2,84.2,29.29,-0.65,50.0,5.57,1.99,-0.03,-7.88,6.52,9.57,-131.95,-10.7,-13.99,26.07,-20.59,28.8,6.0,24.0,1946,235,542255,621020,,461314,542255,621020,0,0,1,top
2017-05-29,490860,3,445060,R,461314,R,18,Walk,6,4,170530_015240,8e8c1bc6-5199-4cb1-aa37-82ad64f81a23,3,1,2,F,Foul,FF,3,2.0,3.65,1.71,92.1,85.0,50.83,-0.67,50.0,5.96,0.58,3.24,-5.38,7.64,5.18,-133.75,-3.8,-9.87,25.44,-18.17,25.2,4.8,24.0,2138,216,542255,621020,,461314,542255,621020,0,0,1,top
2017-05-29,490860,3,445060,R,461314,R,18,Walk,6,5,170530_015312,62c0db7a-1a0d-47b7-9527-3851c529f7e9,3,2,2,F,Foul,FT,6,2.0,3.65,1.71,91.7,83.7,44.16,-0.47,50.0,6.04,0.4,2.98,-9.21,5.89,5.42,-133.08,-3.91,-16.51,28.79,-21.63,34.8,6.0,24.0,2010,240,542255,621020,,461314,542255,621020,0,0,1,top
2017-05-29,490860,3,445060,R,461314,R,18,Walk,6,6,170530_015345,065ce495-c376-4404-984b-f0a2144b0cb4,3,2,2,B,Ball,SL,14,2.0,3.69,1.95,81.6,75.5,62.24,-0.99,50.0,5.93,1.22,1.93,1.42,-2.23,4.75,-118.55,-1.84,2.03,21.72,-35.36,4.8,9.6,24.0,2300,31,542255,621020,,461314,542255,621020,0,0,1,top
2017-05-29,490860,3,445060,R,571431,L,19,Double,2,1,170530_015423,ccaa7087-c3f8-43c4-a52c-95782983d54f,0,0,2,B,Ball,FT,13,2.0,3.77,2.01,91.8,84.6,66.51,-0.9,50.0,5.89,-1.22,2.34,-9.58,3.49,2.44,-133.36,-4.47,-17.37,26.95,-25.85,32.4,7.2,24.0,2023,255,461314,542255,621020,,571431,461314,2,0,1,top
2017-05-29,490860,3,445060,R,571431,L,19,Double,2,2,170530_015443,228bf3d6-9c68-47df-a925-768fd179591a,1,0,2,E,In play- run(s),FT,13,2.0,3.62,1.71,91.4,84.6,59.84,-0.76,50.0,5.87,-0.87,2.52,-7.78,5.37,2.38,-132.76,-4.56,-14.06,24.96,-22.46,30.0,6.0,24.0,2021,240,461314,542255,621020,,571431,461314,2,0,1,top
2017-05-29,490860,3,445060,R,452095,R,20,Single,1,1,170530_015551,0f6f2b77-253e-4b00-8e2b-d0b6c9f8a545,0,0,2,E,In play- run(s),SL,8,2.0,3.59,1.6,81.8,75.6,52.86,-1.04,50.0,6.04,0.05,2.23,1.29,-3.46,2.17,-118.78,-1.04,1.85,21.84,-37.14,3.6,10.8,24.0,2308,19,,571431,461314,452095,,571431,1,0,-1,top
2017-05-29,490860,3,445060,R,547004,L,21,Single,3,1,170530_015646,ed4eda90-afcf-4127-9104-87fce895699b,0,1,2,C,Called Strike,KC,6,2.0,3.58,1.71,72.7,66.3,62.1,-0.9,50.0,6.28,0.43,2.62,8.64,-7.74,0.43,-105.5,2.29,9.58,20.65,-40.76,13.2,15.6,24.0,2599,45,452095,,571431,547004,452095,,1,0,-2,top
2017-05-29,490860,3,445060,R,547004,L,21,Single,3,2,170530_015706,f45ba2f9-33b8-4356-9ebe-4a1ad0718dc9,1,1,2,*B,Ball In Dirt,FS,14,2.0,3.65,1.72,81.3,74.8,36.19,-0.59,50.0,5.68,1.21,0.11,-7.28,5.22,6.39,-117.73,-7.6,-10.22,22.19,-24.84,19.2,8.4,24.0,1340,241,452095,,571431,547004,452095,,1,0,-2,top
2017-05-29,490860,3,445060,R,547004,L,21,Single,3,3,170530_015742,dc9fdca6-bad2-42e7-884c-9c3426da7b0b,1,1,2,E,In play- run(s),FT,8,2.0,3.93,1.63,89.6,82.8,40.7,-0.56,50.0,5.82,-0.11,1.94,-9.31,4.49,4.28,-130.16,-5.3,-16.13,24.77,-24.39,31.2,7.2,24.0,1877,249,452095,,571431,547004,452095,,1,0,-2,top
2017-05-29,490860,3,445060,R,542454,L,22,Double,7,1,170530_015849,2afc8dad-c668-4b6c-8ca5-c93084df2cde,0,0,2,S,Swinging Strike,FS,14,2.0,3.33,1.46,81.1,74.8,74.57,-0.81,50.0,5.78,0.39,0.88,-6.97,5.24,4.9,-117.61,-6.07,-9.81,21.27,-24.79,19.2,8.4,24.0,1299,239,547004,452095,,,542454,,2,0,-3,top
2017-05-29,490860,3,445060,R,542454,L,22,Double,7,2,170530_015931,4688f725-b10f-40e5-815e-e197fc1081a2,0,1,2,B,Ball,FT,13,2.0,3.48,1.64,88.6,81.9,43.02,-1.04,50.0,5.67,-1.42,1.53,-8.67,3.72,1.92,-128.7,-5.49,-14.66,24.54,-25.88,27.6,7.2,24.0,1850,253,547004,452095,,,542454,,2,0,-3,top
2017-05-29,490860,3,445060,R,542454,L,22,Double,7,3,170530_015953,932a1a2a-fa33-4b19-b379-c0c065e9cd34,1,1,2,B,Ball,FT,11,2.0,3.5,1.68,89.8,82.9,29.32,-0.97,50.0,5.86,-2.11,2.69,-8.58,3.8,-0.05,-130.52,-3.24,-14.92,25.33,-25.57,30.0,7.2,24.0,1870,252,547004,452095,,,542454,,2,0,-3,top
2017-05-29,490860,3,445060,R,542454,L,22,Double,7,4,170530_020013,63dfe01c-62e8-4a30-b0e1-6149b698e95e,2,2,2,F,Foul,FT,13,2.0,3.33,1.46,90.3,83.5,59.31,-0.69,50.0,5.9,-0.72,2.0,-8.73,3.25,2.87,-131.19,-5.05,-15.34,25.41,-26.47,28.8,7.2,24.0,2031,256,547004,452095,,,542454,,2,0,-3,top
2017-05-29,490860,3,445060,R,542454,L,22,Double,7,5,170530_020042,89caea5f-1c48-4a8f-8098-ac7d585d45b9,2,2,2,B,Ball,FS,14,2.0,3.48,1.68,81.2,75.7,18.35,-0.87,50.0,5.65,0.3,0.88,-6.69,1.29,4.79,-117.96,-4.71,-9.56,19.64,-30.33,15.6,9.6,24.0,1253,269,547004,452095,,,542454,,2,0,-3,top
2017-05-29,490860,3,445060,R,542454,L,22,Double,7,6,170530_020108,efc5c14a-12e3-4dee-b24c-85380cbe2ac2,3,2,2,E,In play- run(s),FF,5,2.0,3.33,1.47,91.4,83.8,24.54,-0.56,50.0,5.79,0.09,2.2,-5.03,8.59,3.4,-132.65,-6.23,-9.01,27.13,-16.8,25.2,4.8,24.0,2098,212,547004,452095,,,542454,,2,0,-3,top
2017-05-29,490860,3,445060,R,607054,L,23,Walk,7,1,170530_020147,cf394a39-4f19-4c71-9e96-238ecd363cfa,0,0,2,B,Ball,FS,14,2.0,3.38,1.73,82.1,76.0,74.98,-0.57,50.0,5.77,1.46,1.16,-6.29,3.72,6.72,-118.99,-5.19,-9.11,20.58,-26.79,16.8,8.4,24.0,1482,246,,542454,,607054,542454,,0,0,-5,top
2017-05-29,490860,3,445060,R,607054,L,23,Walk,7,2,170530_020207,a4c0b0c6-f227-4ebb-ab8c-8d5e0784ae4c,1,1,2,C,Called Strike,FT,13,2.0,3.39,1.7,90.0,82.9,63.73,-0.81,50.0,5.68,-1.03,2.01,-8.5,3.94,2.3,-130.77,-4.62,-14.81,26.03,-25.31,28.8,7.2,24.0,1952,251,,542454,,607054,542454,,0,0,-5,top
2017-05-29,490860,3,445060,R,607054,L,23,Walk,7,3,170530_020228,85347bf4-b144-4213-a08d-12ac85124882,1,1,2,B,Ball,SL,14,2.0,3.45,1.73,79.7,74.0,22.62,-0.8,50.0,5.79,1.59,1.08,3.48,-3.08,4.44,-115.76,-2.83,4.74,20.89,-36.37,8.4,10.8,24.0,2445,43,,542454,,607054,542454,,0,0,-5,top
2017-05-29,490860,3,445060,R,607054,L,23,Walk,7,4,170530_020245,75d4bac5-260a-40eb-b5c6-cb892862d085,2,1,2,S,Swinging Strike,FT,13,2.0,3.16,1.42,89.9,82.8,64.29,-0.68,50.0,5.73,-0.65,1.07,-10.9,3.33,3.73,-130.55,-6.9,-18.88,26.6,-26.41,33.6,7.2,24.0,1957,260,,542454,,607054,542454,,0,0,-5,top
2017-05-29,490860,3,445060,R,607054,L,23,Walk,7,5,170530_020304,77d2fe9e-cfb9-46d7-812a-485f6d04df65,3,2,2,*B,Ball In Dirt,SL,14,2.0,3.25,1.61,79.1,73.6,22.99,-0.79,50.0,5.67,1.89,0.37,5.76,-2.97,4.39,-114.94,-4.09,7.73,20.88,-36.15,13.2,10.8,24.0,2501,56,,542454,,607054,542454,,0,0,-5,top
2017-05-29,490860,3,445060,R,607054,L,23,Walk,7,6,170530_020335,a224671f-9592-454a-b0e5-488f022347f6,3,2,2,B,Ball,FT,11,2.0,3.34,1.64,91.5,84.0,52.43,-0.76,50.0,5.99,-0.98,3.84,-8.53,6.1,2.34,-132.93,-1.62,-15.37,26.69,-21.18,34.8,6.0,24.0,2075,237,,542454,,607054,542454,,0,0,-5,top
2017-06-04,490950,1,445060,R,572821,R,0,Strikeout,6,1,170604_193855,882fb42b-28f7-474c-bdf5-d08eca8ea7b4,0,0,0,S,Swinging Strike,FT,6,2.0,2.95,1.29,91.4,84.5,46.43,-0.68,50.0,6.03,0.37,2.4,-8.05,4.43,5.53,-132.68,-4.97,-14.53,25.15,-24.18,28.8,6.0,24.0,2056,246,,,,,,,0,1,0,top
2017-06-04,490950,1,445060,R,572821,R,0,Strikeout,6,2,170604_193910,9994bc14-9451-47d4-a5d8-53f44890c47c,0,1,0,B,Ball,FF,12,2.0,2.92,1.33,92.5,85.3,60.75,-0.53,50.0,6.03,1.23,2.68,-3.69,9.68,5.95,-134.2,-6.24,-6.81,25.91,-14.31,20.4,3.6,24.0,2175,200,,,,,,,0,1,0,top
2017-06-04,490950,1,445060,R,572821,R,0,Strikeout,6,3,170604_193924,8a94199b-730e-4a6d-a7f6-80c813aa7fcc,1,2,0,C,Called Strike,SL,12,2.0,2.95,1.28,81.3,75.6,41.48,-1.01,50.0,6.07,0.78,2.21,2.7,-2.09,3.37,-118.22,-1.54,3.86,20.5,-35.16,7.2,9.6,24.0,2458,45,,,,,,,0,1,0,top
2017-06-04,490950,1,445060,R,572821,R,0,Strikeout,6,4,170604_193941,da8bdddb-d6ba-46dd-b4e4-6e2cb627854b,1,2,0,B,Ball,FT,14,2.0,2.98,1.23,91.8,84.4,23.15,-0.54,50.0,5.96,1.36,2.1,-10.01,4.61,8.44,-133.16,-5.65,-18.08,26.85,-23.85,33.6,7.2,24.0,2157,249,,,,,,,0,1,0,top
2017-06-04,490950,1,445060,R,572821,R,0,Strikeout,6,5,170604_193957,79ea155d-00c6-4d1e-aa26-3340da73ef04,2,2,0,F,Foul,SL,14,2.0,2.92,1.26,80.5,74.3,46.9,-0.95,50.0,6.05,0.81,2.02,4.46,-2.12,2.74,-116.95,-1.72,6.19,21.66,-35.12,10.8,10.8,24.0,2496,57,,,,,,,0,1,0,top
2017-06-04,490950,1,445060,R,572821,R,0,Strikeout,6,6,170604_194022,9101d32b-5b41-477b-bb71-2fcb6653c865,2,2,0,S,Swinging Strike,KC,5,2.0,2.91,1.27,73.8,67.5,29.14,-1.02,50.0,6.35,0.02,2.21,7.53,-9.98,0.12,-106.94,1.68,8.6,20.82,-43.58,10.8,15.6,24.0,2622,35,,,,,,,0,1,0,top
2017-06-04,490950,1,445060,R,543257,L,1,Groundout,1,1,170604_194100,cb6bfc23-9c32-4d02-9e59-93d6e1f5919a,0,0,1,X,In play- out(s),FT,2,2.0,3.39,1.54,92.1,84.4,34.86,-0.79,50.0,5.98,0.0,2.83,-7.69,4.95,4.75,-133.72,-3.96,-13.98,27.83,-23.18,28.8,6.0,24.0,2004,241,,,,,,,0,1,0,top
2017-06-04,490950,1,445060,R,408045,L,2,Strikeout,4,1,170604_194145,b45ba1dc-85cd-44b4-b44b-f328c5a8dcc6,0,1,2,C,Called Strike,FF,4,2.0,3.52,1.68,91.3,83.8,54.53,-0.95,50.0,5.96,-0.42,2.35,-4.75,7.65,3.0,-132.47,-5.92,-8.49,26.79,-18.5,21.6,4.8,24.0,2111,214,,,,,,,0,1,0,top
2017-06-04,490950,1,445060,R,408045,L,2,Strikeout,4,2,170604_194204,3c6f8f72-04fa-4314-b9b1-9e06c878933c,0,2,2,F,Foul,FF,12,2.0,3.53,1.68,91.5,84.0,64.59,-0.66,50.0,6.04,1.04,3.49,-5.03,7.12,6.21,-132.74,-3.02,-9.04,26.48,-19.38,21.6,4.8,24.0,2199,215,,,,,,,0,1,0,top
2017-06-04,490950,1,445060,R,408045,L,2,Strikeout,4,3,170604_194229,259b1706-4f55-4c32-ba5a-a77d4f051551,0,2,2,B,Ball,FT,14,2.0,3.51,1.66,91.8,85.0,43.87,-0.41,50.0,5.82,1.88,1.56,-9.07,4.97,9.16,-133.04,-6.87,-16.48,24.81,-23.14,31.2,6.0,24.0,2076,245,,,,,,,0,1,0,top
2017-06-04,490950,1,445060,R,408045,L,2,Strikeout,4,4,170604_194246,7450b578-df25-47d5-b51b-618b3db537f1,1,3,2,T,Foul Tip,SL,6,2.0,3.34,1.48,81.4,75.3,29.51,-1.04,50.0,6.1,0.28,2.55,2.48,-3.43,2.34,-118.24,-0.41,3.53,21.08,-37.06,6.0,10.8,24.0,2416,33,,,,,,,0,1,0,top
2017-06-04,490950,2,445060,R,593934,R,7,Groundout,4,1,170604_195649,b3d97e6c-199f-44de-bd44-7a93d17e67a3,0,0,0,B,Ball,FT,14,2.0,3.74,1.78,90.6,84.2,54.35,-0.64,50.0,5.75,0.76,0.61,-10.17,5.07,7.11,-131.36,-8.97,-18.04,23.89,-23.19,34.8,7.2,24.0,2058,249,,,,,,,0,1,0,top
2017-06-04,490950,2,445060,R,593934,R,7,Groundout,4,2,170604_195709,e2500a68-00a4-43e0-a7cb-1906f2c7ff36,1,0,0,B,Ball,FT,14,2.0,3.77,1.86,91.8,84.5,76.21,-0.61,50.0,5.83,1.0,1.63,-9.16,5.03,7.41,-133.06,-6.68,-16.54,26.6,-23.09,32.4,6.0,24.0,2126,246,,,,,,,0,1,0,top
2017-06-04,490950,2,445060,R,593934,R,7,Groundout,4,3,170604_195723,b5e4f6d7-f1fa-4fec-b20b-9fdfdf2bb282,2,1,0,T,Foul Tip,FF,5,2.0,3.73,1.96,92.0,84.9,26.81,-0.71,50.0,5.99,0.02,3.1,-5.44,7.24,3.82,-133.7,-4.12,-9.97,25.79,-18.92,25.2,4.8,24.0,2317,219,,,,,,,0,1,0,top
2017-06-04,490950,2,445060,R,593934,R,7,Groundout,4,4,170604_195744,3c2c9ae5-4591-424f-bae4-f1dfd8c2e3e9,2,1,0,X,In play- out(s),FT,7,2.0,3.75,1.93,91.5,84.1,59.4,-0.7,50.0,5.89,-0.61,2.12,-10.18,3.04,3.71,-132.76,-4.82,-18.26,27.15,-26.72,32.4,7.2,24.0,2036,259,,,,,,,0,1,0,top
2017-06-04,490950,2,445060,R,596146,L,8,Single,5,1,170604_195821,749a9b4c-066f-4d32-b200-34fb378ccbe9,0,0,1,B,Ball,FF,14,2.0,3.57,1.65,92.4,84.9,73.66,-0.6,50.0,5.92,0.9,2.14,-4.33,7.73,5.47,-134.02,-6.66,-7.92,27.2,-18.02,19.2,4.8,24.0,2222,210,,,,596146,,,0,0,0,top
2017-06-04,490950,2,445060,R,596146,L,8,Single,5,2,170604_195834,b0f4fef5-8c02-4f74-b922-1b78255113bf,1,1,1,F,Foul,FS,8,2.0,3.57,1.61,81.0,75.0,26.54,-1.12,50.0,5.92,0.22,2.18,-7.87,0.18,5.51,-117.58,-1.87,-11.12,20.39,-31.92,18.0,9.6,24.0,1359,276,,,,596146,,,0,0,0,top
2017-06-04,490950,2,445060,R,596146,L,8,Single,5,3,170604_195856,c9be931d-2e72-480b-9e24-b3e551bb52e8,1,2,1,F,Foul,FS,13,2.0,3.58,1.56,81.1,74.3,43.11,-0.92,50.0,6.01,-1.0,2.08,-6.82,-3.28,1.87,-117.65,-1.17,-9.51,23.33,-36.75,14.4,10.8,24.0,1275,303,,,,596146,,,0,0,0,top
2017-06-04,490950,2,445060,R,596146,L,8,Single,5,4,170604_195919,e3f2285d-ce71-4a9b-8b46-ce6d37913199,1,2,1,B,Ball,FS,14,2.0,3.54,1.58,80.8,75.7,18.57,-0.81,50.0,5.65,0.38,-0.98,-7.67,-0.31,5.09,-117.21,-8.41,-10.79,19.72,-32.62,16.8,9.6,24.0,1221,285,,,,596146,,,0,0,0,top
2017-06-04,490950,2,445060,R,596146,L,8,Single,5,5,170604_195950,7de5b51c-9619-482a-bb05-53e7cfe1b942,2,2,1,D,In play- no out,SL,4,2.0,3.49,1.57,80.7,74.9,25.39,-1.1,50.0,5.93,-0.43,2.55,3.21,-0.75,0.57,-117.37,-0.72,4.52,19.9,-33.23,8.4,9.6,24.0,2300,64,,,,596146,,,0,0,0,top
2017-06-04,490950,2,445060,R,500871,L,9,Groundout,8,1,170604_200029,6899081a-5f6a-4573-89dc-494ae4e14655,0,1,1,F,Foul,FT,13,2.0,2.99,1.37,89.5,82.3,73.79,-0.92,50.0,5.72,-1.04,1.36,-8.83,4.92,2.64,-129.9,-6.55,-15.12,26.52,-23.74,30.0,7.2,24.0,1909,247,596146,,,,596146,,0,1,0,top
2017-06-04,490950,2,445060,R,500871,L,9,Groundout,8,2,170604_200110,42135959-a17e-4fdf-9106-8acfb8b6c6e9,0,1,1,B,Ball,FS,11,2.0,3.14,1.41,78.9,73.1,16.93,-1.1,50.0,5.98,-2.19,2.73,-6.84,-0.58,-0.46,-114.69,-0.13,-9.19,19.62,-32.95,15.6,10.8,24.0,1181,281,596146,,,,596146,,0,1,0,top
2017-06-04,490950,2,445060,R,500871,L,9,Groundout,8,3,170604_200137,024a7880-d579-4f2c-934c-4e4b03349c62,1,1,1,B,Ball,FF,11,2.0,3.13,1.37,90.3,82.5,32.45,-0.69,50.0,6.1,-0.43,3.55,-5.43,8.51,2.5,-131.09,-3.25,-9.47,27.27,-17.34,26.4,4.8,24.0,2103,214,596146,,,,596146,,0,1,0,top
2017-06-04,490950,2,445060,R,500871,L,9,Groundout,8,4,170604_200313,b0a28320-5b22-4987-9532-904d2082a770,2,1,1,B,Ball,FT,13,2.0,3.02,1.36,88.9,82.2,31.91,-0.88,50.0,5.58,-2.0,0.68,-10.45,3.95,0.59,-129.12,-7.52,-17.73,25.74,-25.47,33.6,7.2,24.0,1831,256,596146,,,,596146,,0,1,0,top
2017-06-04,490950,2,445060,R,500871,L,9,Groundout,8,5,170604_200344,373040ba-c322-431d-a5f2-cd20c25a5d15,3,1,1,X,In play- out(s),FT,13,2.0,2.91,1.37,88.6,82.8,62.36,-0.95,50.0,5.7,-0.84,1.86,-7.74,3.38,2.87,-128.93,-4.71,-13.29,21.82,-26.37,25.2,7.2,24.0,1867,252,596146,,,,596146,,0,1,0,top
2017-06-04,490950,2,445060,R,592696,L,10,Groundout,1,1,170604_200436,8bdf36a9-fe02-41e2-9490-8ffc4e8f6734,0,0,2,X,In play- out(s),FS,13,2.0,3.21,1.47,81.5,76.1,100.0,-1.03,50.0,5.91,-0.96,1.67,-7.22,-0.49,2.37,-118.56,-3.0,-10.42,19.54,-32.88,16.8,9.6,24.0,1239,282,,596146,,,,,0,1,0,top
2017-06-04,490950,3,445060,R,501303,L,14,Groundout,5,1,170604_201457,b5283f7d-4e23-489d-a1ba-f9bc010f73a2,0,0,0,B,Ball,FT,11,2.0,3.31,1.45,89.8,82.2,76.05,-0.88,50.0,5.99,-0.89,3.37,-8.98,6.19,2.99,-130.4,-2.59,-15.51,26.77,-21.48,33.6,6.0,24.0,2063,239,,,,,,,0,1,0,top
2017-06-04,490950,3,445060,R,501303,L,14,Groundout,5,2,170604_201511,27fa5929-b1c4-4140-9be5-22a499726784,1,1,0,C,Called Strike,FS,8,2.0,3.3,1.48,79.2,73.8,22.08,-0.84,50.0,5.98,0.0,1.64,-6.88,3.27,3.96,-115.01,-3.85,-9.36,18.16,-27.73,16.8,8.4,24.0,1458,251,,,,,,,0,1,0,top
2017-06-04,490950,3,445060,R,501303,L,14,Groundout,5,3,170604_201528,5fcd00cc-18f5-4799-ac4d-c33e2d9d677d,1,1,0,B,Ball,FS,14,2.0,3.29,1.51,80.6,74.8,8.19,-0.79,50.0,5.81,1.65,0.35,-5.01,3.58,7.15,-116.75,-6.76,-6.98,20.06,-27.19,12.0,8.4,24.0,1437,244,,,,,,,0,1,0,top
2017-06-04,490950,3,445060,R,501303,L,14,Groundout,5,4,170604_201547,02a397b9-53bd-432e-92ce-b5ed4938b206,2,1,0,B,Ball,FT,11,2.0,3.29,1.51,90.0,82.4,36.57,-0.83,50.0,5.99,-1.35,3.06,-9.14,6.68,1.71,-130.57,-3.57,-15.82,26.76,-20.61,36.0,6.0,24.0,2025,238,,,,,,,0,1,0,top
2017-06-04,490950,3,445060,R,501303,L,14,Groundout,5,5,170604_201606,ecd381e3-b184-47fb-8f99-71a3fd7f887d,3,1,0,X,In play- out(s),FF,8,2.0,3.27,1.5,88.6,81.7,36.25,-0.79,50.0,5.84,0.14,1.85,-5.97,8.77,4.34,-128.54,-6.75,-10.07,24.3,-17.36,26.4,4.8,24.0,2105,216,,,,,,,0,1,0,top
2017-06-04,490950,3,445060,R,488771,L,15,Home Run,1,1,170604_201650,08b67d33-fa4c-47d5-bff2-0bba24ecf12a,0,0,1,E,In play- run(s),FT,2,2.0,3.73,1.67,89.8,82.9,42.3,-0.7,50.0,6.02,-0.18,3.18,-6.59,6.58,3.56,-130.58,-3.35,-11.51,24.72,-20.68,27.6,6.0,24.0,2117,227,,,,,,,1,0,0,top
2017-06-04,490950,3,445060,R,572821,R,16,Strikeout,6,1,170604_201728,9c17f6cc-2900-4177-95d3-89418e904935,0,1,1,C,Called Strike,SL,3,2.0,2.96,1.29,80.5,74.4,66.41,-0.93,50.0,6.12,0.42,2.48,3.72,-2.66,1.99,-116.93,-0.67,5.17,20.93,-35.87,8.4,10.8,24.0,2415,48,,,,,,,0,1,-1,top
2017-06-04,490950,3,445060,R,572821,R,16,Strikeout,6,2,170604_201742,09f1c947-572d-49cd-9605-5cf0859e7747,0,2,1,C,Called Strike,SL,14,2.0,2.89,1.26,81.5,75.3,53.45,-0.86,50.0,5.88,0.82,1.45,3.34,-2.3,2.9,-118.34,-2.77,4.74,22.2,-35.44,8.4,10.8,24.0,2359,47,,,,,,,0,1,-1,top
2017-06-04,490950,3,445060,R,572821,R,16,Strikeout,6,3,170604_201758,165cbc67-9c79-4d69-a584-87abe2bb3608,0,2,1,B,Ball,FT,12,2.0,2.96,1.21,91.0,82.7,35.77,-0.46,50.0,6.06,0.37,3.48,-10.24,3.76,5.63,-132.01,-1.81,-18.0,29.2,-25.57,32.4,7.2,24.0,2035,253,,,,,,,0,1,-1,top
2017-06-04,490950,3,445060,R,572821,R,16,Strikeout,6,4,170604_201817,8930ee11-efeb-43a3-bd2b-c08456e8913d,1,2,1,B,Ball,FT,12,2.0,2.99,1.29,92.5,83.8,31.53,-0.42,50.0,5.89,1.38,2.34,-10.9,7.91,8.47,-133.82,-5.96,-19.66,30.46,-17.91,43.2,6.0,24.0,2144,236,,,,,,,0,1,-1,top
2017-06-04,490950,3,445060,R,572821,R,16,Strikeout,6,5,170604_201840,73598e6f-2d26-43fc-bd1e-e3551a294f37,2,2,1,F,Foul,SL,9,2.0,2.95,1.24,80.1,74.1,48.04,-0.99,50.0,5.88,0.63,1.64,5.39,-1.02,2.11,-116.28,-2.46,7.41,21.0,-33.58,13.2,10.8,24.0,2308,69,,,,,,,0,1,-1,top
2017-06-04,490950,3,445060,R,572821,R,16,Strikeout,6,6,170604_201902,a2114155-2c97-4336-baf2-11769c2787b5,2,2,1,S,Swinging Strike,SL,6,2.0,2.86,1.23,81.4,75.3,36.6,-0.82,50.0,6.01,0.6,2.21,2.33,-1.2,2.61,-118.2,-1.65,3.31,21.15,-33.88,6.0,9.6,24.0,2339,50,,,,,,,0,1,-1,top
2017-06-04,490950,3,445060,R,543257,L,17,Lineout,2,1,170604_201932,eff818cc-3668-47ea-a46f-fdee958ece5a,0,1,2,C,Called Strike,FS,4,2.0,2.91,1.19,81.7,75.8,76.99,-0.92,50.0,5.94,-0.35,2.25,-6.06,1.73,3.19,-118.78,-2.4,-8.76,20.41,-29.67,15.6,8.4,24.0,1319,263,,,,,,,0,1,-1,top
2017-06-04,490950,3,445060,R,543257,L,17,Lineout,2,2,170604_201955,572d627a-a732-48d3-88bb-f42ce85cd34c,0,1,2,X,In play- out(s),FT,13,2.0,3.56,1.54,91.7,85.2,60.1,-0.9,50.0,5.82,-0.88,2.19,-9.09,2.83,3.18,-133.39,-4.55,-16.61,24.7,-27.0,30.0,7.2,24.0,2143,258,,,,,,,0,1,-1,top
2017-06-04,490950,4,445060,R,408045,L,23,Groundout,5,1,170604_203252,7b7d391e-6055-46f4-99a1-584769b90506,0,0,0,B,Ball,FS,11,2.0,3.53,1.67,79.7,72.8,78.83,-1.13,50.0,6.09,-1.35,3.57,-7.41,1.09,1.69,-115.63,0.99,-10.02,21.92,-30.7,18.0,9.6,24.0,1402,267,,,,,,,0,1,0,top
2017-06-04,490950,4,445060,R,408045,L,23,Groundout,5,2,170604_203309,50e0b4cb-017c-4559-95c6-dab023eb62a6,1,1,0,C,Called Strike,FT,7,2.0,3.55,1.68,90.1,82.9,54.69,-0.93,50.0,5.83,-0.5,1.87,-8.32,4.3,3.91,-131.0,-5.5,-14.52,26.66,-24.68,27.6,7.2,24.0,2081,249,,,,,,,0,1,0,top
2017-06-04,490950,4,445060,R,408045,L,23,Groundout,5,3,170604_203331,1e8f2d8b-0f66-4c16-8470-c7aceb43013f,1,2,0,F,Foul,FT,6,2.0,3.53,1.68,90.6,83.4,49.6,-0.76,50.0,5.82,0.59,2.51,-8.16,3.29,6.29,-131.59,-3.58,-14.41,26.18,-26.36,26.4,7.2,24.0,2091,253,,,,,,,0,1,0,top
2017-06-04,490950,4,445060,R,408045,L,23,Groundout,5,4,170604_203353,4ace8150-3940-4c70-b9f3-becd9a1a9708,1,2,0,B,Ball,KC,11,2.0,3.45,1.62,71.7,65.0,42.05,-1.19,50.0,6.48,-2.05,3.38,10.29,-8.71,-4.45,-103.66,3.91,11.03,19.77,-41.51,14.4,15.6,24.0,2737,45,,,,,,,0,1,0,top
2017-06-04,490950,4,445060,R,408045,L,23,Groundout,5,5,170604_203419,bb783ca0-deb7-4059-926e-5cdd3e9545f9,2,2,0,X,In play- out(s),KC,14,2.0,3.43,1.6,71.4,65.8,53.71,-0.89,50.0,6.17,0.3,1.59,9.25,-9.09,-0.03,-103.52,0.98,9.95,18.7,-41.95,13.2,15.6,24.0,2617,42,,,,,,,0,1,0,top
2017-06-04,490950,4,445060,R,593934,R,24,Single,6,1,170604_203457,6db6b33d-9e14-49ee-b6dc-c4fddf0ca024,0,0,1,B,Ball,FF,12,2.0,3.7,1.65,92.8,84.4,72.71,-0.58,50.0,6.03,0.52,3.97,-5.91,9.71,4.96,-134.65,-2.74,-10.83,29.77,-14.38,33.6,3.6,24.0,2366,211,,,,593934,,,0,0,0,top
2017-06-04,490950,4,445060,R,593934,R,24,Single,6,2,170604_203512,2cbfeb20-5647-437c-8ef1-dd86fd592269,1,0,1,S,Swinging Strike,SL,14,2.0,3.64,1.65,81.2,74.9,53.97,-0.98,50.0,5.89,1.15,1.9,4.03,-0.84,3.76,-117.92,-2.14,5.68,22.18,-33.36,10.8,9.6,24.0,2427,66,,,,593934,,,0,0,0,top
2017-06-04,490950,4,445060,R,593934,R,24,Single,6,3,170604_203527,3f4cf272-bc22-4163-a8c6-6c80fe56401a,1,2,1,F,Foul,FT,13,2.0,3.69,1.62,90.1,83.4,65.24,-0.91,50.0,5.78,-1.07,1.85,-9.03,3.56,2.62,-130.86,-5.21,-15.82,24.88,-25.94,30.0,7.2,24.0,1988,254,,,,593934,,,0,0,0,top
2017-06-04,490950,4,445060,R,593934,R,24,Single,6,4,170604_203550,50bb03a3-4f96-442d-bdfb-a6e4efc0a712,1,2,1,B,Ball,KC,14,2.0,3.59,1.65,74.9,69.0,73.07,-0.73,50.0,6.18,1.04,1.6,8.51,-8.27,1.42,-108.77,0.03,10.11,20.67,-41.99,13.2,14.4,24.0,2743,43,,,,593934,,,0,0,0,top
2017-06-04,490950,4,445060,R,593934,R,24,Single,6,5,170604_203607,ae1af74e-db19-4afa-abb3-11002b7f6ef3,2,2,1,B,Ball,FT,12,2.0,3.53,1.65,92.2,84.7,53.75,-0.64,50.0,5.85,0.96,2.61,-7.91,6.06,6.95,-133.74,-4.6,-14.43,26.96,-21.12,31.2,6.0,24.0,2228,235,,,,593934,,,0,0,0,top
2017-06-04,490950,4,445060,R,593934,R,24,Single,6,6,170604_203638,adee0de4-7d20-40a0-a940-27f6d3614f9f,3,2,1,D,In play- no out,SL,9,2.0,3.59,1.62,81.6,75.3,36.15,-0.9,50.0,5.95,0.3,2.13,2.8,-3.32,1.97,-118.55,-1.09,3.99,22.34,-36.9,7.2,10.8,24.0,2449,36,,,,593934,,,0,0,0,top
2017-06-04,490950,4,445060,R,596146,L,25,Strikeout,5,1,170604_203719,9b14cf44-88e4-4e0f-be44-c92acd358f88,1,0,1,*B,Ball In Dirt,FS,13,2.0,3.49,1.55,81.7,75.6,72.4,-0.95,50.0,5.63,-0.32,0.38,-9.17,2.82,4.26,-118.52,-6.32,-13.12,21.34,-28.15,22.8,8.4,24.0,1357,261,593934,,,593934,,,0,1,0,top
2017-06-04,490950,4,445060,R,596146,L,25,Strikeout,5,2,170604_203747,d030eb01-ca85-4178-84d3-36731670292f,1,0,1,B,Ball,FT,11,2.0,3.47,1.57,91.2,83.9,26.98,-0.93,50.0,5.84,-1.38,2.69,-8.79,3.94,1.82,-132.5,-3.49,-15.72,26.69,-25.13,31.2,7.2,24.0,2025,251,593934,,,593934,,,0,1,0,top
2017-06-04,490950,4,445060,R,596146,L,25,Strikeout,5,3,170604_203809,db1f91f4-afe3-44f2-aa8b-60a5edb60195,2,1,1,C,Called Strike,FT,13,2.0,3.48,1.57,91.0,84.2,73.21,-0.88,50.0,5.72,-0.87,1.63,-8.95,4.01,3.08,-132.26,-5.95,-16.01,25.7,-25.01,30.0,7.2,24.0,1995,252,593934,,,593934,,,0,1,0,top
2017-06-04,490950,4,445060,R,596146,L,25,Strikeout,5,4,170604_203831,918895e7-d151-41b5-9de8-8a5ed98f03d9,2,1,1,S,Swinging Strike,SL,14,2.0,3.47,1.59,80.0,74.0,42.11,-1.19,50.0,5.67,0.17,1.48,1.41,-4.03,2.7,-116.29,-1.43,1.94,21.5,-37.7,3.6,10.8,24.0,2267,19,593934,,,593934,,,0,1,0,top
2017-06-04,490950,4,445060,R,596146,L,25,Strikeout,5,5,170604_203855,a6f7fad9-a57a-4344-bcc7-3fd5d073d772,2,2,1,S,Swinging Strike,KC,13,2.0,3.47,1.58,72.5,66.8,55.41,-1.13,50.0,6.03,-0.85,0.91,8.32,-10.19,-1.65,-105.11,-0.06,9.2,19.66,-43.45,12.0,16.8,24.0,2604,35,593934,,,593934,,,0,1,0,top
2017-06-04,490950,4,445060,R,500871,L,26,Single,8,1,170604_203931,7e644a2d-f8d7-4bc6-9b56-adcd16ffaf3d,1,0,2,*B,Ball In Dirt,FS,14,2.0,3.13,1.38,80.4,74.5,64.95,-0.89,50.0,5.55,0.11,0.21,-7.24,3.41,4.49,-116.8,-6.42,-10.06,20.82,-27.43,18.0,8.4,24.0,1519,254,593934,,,500871,,593934,0,0,0,top
2017-06-04,490950,4,445060,R,500871,L,26,Single,8,2,170604_203959,4f64b9b5-e775-41b9-9c8d-4f8111161f02,1,0,2,B,Ball,FT,13,2.0,3.12,1.41,89.2,82.3,35.57,-1.66,50.0,5.39,-1.57,1.68,-10.97,0.63,3.9,-129.52,-3.45,-18.77,25.32,-31.1,30.0,8.4,24.0,2016,272,593934,,,500871,,593934,0,0,0,top
2017-06-04,490950,4,445060,R,500871,L,26,Single,8,3,170604_204024,db74ec94-9314-4420-b26d-066c28ca4297,2,0,2,B,Ball,FF,11,2.0,3.11,1.38,92.4,84.6,69.46,-0.92,50.0,5.93,-0.85,3.44,-3.99,8.19,1.55,-134.19,-3.37,-7.31,27.82,-17.17,21.6,4.8,24.0,2242,208,593934,,,500871,,593934,0,0,0,top
2017-06-04,490950,4,445060,R,500871,L,26,Single,8,4,170604_204050,0cd987fe-0680-42b7-aacb-280058533810,3,1,2,C,Called Strike,FT,1,2.0,3.14,1.39,91.1,84.0,59.13,-1.04,50.0,5.82,-0.53,3.1,-8.24,4.86,4.17,-132.37,-2.67,-14.78,25.4,-23.46,30.0,6.0,24.0,2112,243,593934,,,500871,,593934,0,0,0,top
2017-06-04,490950,4,445060,R,500871,L,26,Single,8,5,170604_204136,db8fc9c7-64b0-418b-b843-0a154797de66,3,2,2,F,Foul,FT,13,2.0,3.09,1.38,89.9,83.0,60.0,-0.97,50.0,5.64,-0.93,2.08,-7.67,2.04,2.7,-130.74,-3.69,-13.38,25.57,-28.61,24.0,7.2,24.0,1915,262,593934,,,500871,,593934,0,0,0,top
2017-06-04,490950,4,445060,R,500871,L,26,Single,8,6,170604_204218,473a6fa0-ce26-4019-95f0-791269271e1a,3,2,2,F,Foul,SL,5,2.0,3.03,1.35,78.8,73.4,24.83,-1.16,50.0,5.78,-0.1,2.39,2.55,-3.26,1.66,-114.56,0.32,3.43,18.36,-36.56,6.0,10.8,24.0,2144,35,593934,,,500871,,593934,0,0,0,top
2017-06-04,490950,4,445060,R,500871,L,26,Single,8,7,170604_204254,8404298f-093b-42b3-9fd6-ab971fe27bed,3,2,2,D,In play- no out,FT,5,2.0,3.11,1.34,91.4,84.4,27.03,-0.78,50.0,5.82,-0.07,2.3,-8.73,3.92,4.85,-132.7,-4.49,-15.72,25.71,-25.11,30.0,7.2,24.0,1906,250,593934,,,500871,,593934,0,0,0,top
2017-06-04,490950,4,445060,R,592696,L,27,Strikeout,4,1,170604_204350,7a12f73a-a2d8-4e79-8f7e-7dc3765f8d7d,0,1,2,C,Called Strike,FS,7,2.0,3.22,1.44,81.7,75.1,94.0,-0.84,50.0,5.76,-0.56,1.6,-7.93,0.54,3.08,-118.59,-3.03,-11.3,22.66,-31.4,19.2,9.6,24.0,1236,275,500871,,593934,,,,0,1,0,top
2017-06-04,490950,4,445060,R,592696,L,27,Strikeout,4,2,170604_204435,0927a97f-99af-42a3-b7ca-ab54fbb170ae,0,1,2,S,Swinging Strike,FF,12,2.0,3.22,1.45,93.0,84.2,38.92,-0.73,50.0,5.85,0.06,3.53,-4.55,8.23,3.66,-134.84,-2.93,-8.32,31.23,-17.12,22.8,4.8,24.0,2187,209,500871,,593934,,,,0,1,0,top
2017-06-04,490950,4,445060,R,592696,L,27,Strikeout,4,3,170604_204527,ca6482d0-3a9d-440e-9d1f-8f0a4b1688a6,0,2,2,S,Swinging Strike,FT,12,2.0,3.24,1.49,92.9,85.0,52.97,-0.58,50.0,6.0,0.81,3.86,-8.37,6.21,6.61,-134.72,-1.82,-15.48,27.64,-20.69,33.6,6.0,24.0,2171,234,500871,,593934,,,,0,1,0,top
2017-06-04,490950,5,445060,R,501303,L,34,Single,4,1,170604_210625,9cb879cf-7224-4c72-8db2-3de8b4523d61,0,1,0,C,Called Strike,KC,2,2.0,3.28,1.44,75.2,69.9,62.58,-1.34,50.0,6.05,-0.2,2.87,2.6,-2.04,1.74,-109.22,1.1,3.18,17.11,-34.67,6.0,12.0,24.0,2356,45,,,,501303,,,0,0,1,top
2017-06-04,490950,5,445060,R,501303,L,34,Single,4,2,170604_210638,83fba16c-0435-44b7-b718-bcd842385769,0,2,0,F,Foul,FS,14,2.0,3.21,1.41,78.6,73.1,14.88,-0.81,50.0,5.94,0.2,0.98,-6.13,4.13,4.08,-114.09,-5.35,-8.18,18.72,-26.67,15.6,8.4,24.0,1492,244,,,,501303,,,0,0,1,top
2017-06-04,490950,5,445060,R,501303,L,34,Single,4,3,170604_210657,610974b6-0ba0-4670-8dbb-de4b3fc5f454,0,2,0,B,Ball,FF,12,2.0,3.29,1.5,89.6,82.7,25.05,-0.87,50.0,6.05,0.21,3.87,-4.32,6.37,4.24,-130.22,-1.55,-7.5,24.12,-21.09,18.0,4.8,24.0,2090,214,,,,501303,,,0,0,1,top
2017-06-04,490950,5,445060,R,501303,L,34,Single,4,4,170604_210714,e0b4370c-4337-4fd7-8b83-1f96cea16be9,1,2,0,D,In play- no out,KC,8,2.0,3.3,1.52,69.7,64.8,42.8,-1.04,50.0,6.26,-0.02,1.56,7.53,-8.35,0.09,-101.25,0.83,7.81,16.69,-40.83,10.8,15.6,24.0,2436,39,,,,501303,,,0,0,1,top
2017-06-04,490950,5,445060,R,488771,L,35,Strikeout,4,1,170604_210810,06f74e82-1a7c-4ac8-82c4-868d416b166a,0,1,0,F,Foul,FT,13,2.0,3.68,1.67,88.4,81.3,68.5,-0.9,50.0,5.78,-1.05,2.0,-9.83,4.77,2.86,-128.43,-4.82,-16.49,25.58,-24.18,32.4,7.2,24.0,1949,249,501303,,,501303,,,0,1,1,top
2017-06-04,490950,5,445060,R,488771,L,35,Strikeout,4,2,170604_210850,aba2a724-fdc5-4cbc-a0fe-d3e7e6b7cfcc,0,1,0,B,Ball,FS,11,2.0,3.68,1.67,77.5,71.0,27.0,-1.15,50.0,6.16,-2.79,4.0,-6.23,-0.04,-1.83,-112.45,2.47,-7.98,20.33,-32.22,14.4,10.8,24.0,1289,275,501303,,,501303,,,0,1,1,top
2017-06-04,490950,5,445060,R,488771,L,35,Strikeout,4,3,170604_210916,5d0aaa57-bcc6-4a3c-b449-e5802a14d81d,1,1,0,S,Swinging Strike,FS,13,2.0,3.69,1.66,78.6,72.9,13.47,-0.87,50.0,5.79,-0.23,1.19,-7.85,2.45,3.76,-114.18,-4.01,-10.45,19.47,-28.91,18.0,9.6,24.0,1359,261,501303,,,501303,,,0,1,1,top
2017-06-04,490950,5,445060,R,488771,L,35,Strikeout,4,4,170604_210944,f8aebda4-6267-4d4c-a036-42cac9e46031,1,2,0,S,Swinging Strike,FS,8,2.0,3.68,1.61,78.8,72.7,20.0,-0.94,50.0,5.79,-0.02,1.82,-6.86,4.92,4.1,-114.41,-3.34,-9.16,19.76,-25.61,18.0,8.4,24.0,1259,240,501303,,,501303,,,0,1,1,top
2017-06-04,490950,5,445060,R,572821,R,36,Flyout,3,1,170604_211118,828ff02a-9ceb-4d67-a3bd-6e7d13ee534b,0,0,1,X,In play- out(s),FT,4,2.0,2.93,1.27,89.7,82.5,41.74,-0.87,50.0,5.78,-0.39,2.09,-9.49,4.35,4.41,-130.26,-4.72,-16.39,25.95,-24.67,31.2,7.2,24.0,1995,250,501303,,,501303,,,0,1,1,top
2017-06-04,490950,5,445060,R,543257,L,37,Caught Stealing 2B,5,1,170604_211216,4d5e4624-dace-407b-b4fa-7247483530d8,1,0,2,P,Pitchout,PO,11,1.0,3.39,1.54,84.2,78.2,,-1.77,50.0,6.01,-3.48,2.87,-7.74,3.08,-1.7,-122.44,-2.0,-11.9,21.11,-27.44,24.0,8.4,24.0,1730,253,501303,,,,,,0,1,1,top
2017-06-04,490950,5,445060,R,543257,L,37,Caught Stealing 2B,5,2,170604_211238,e5e428b2-a1d4-43a2-a49f-914aaa9b2b20,1,0,2,B,Ball,FS,13,2.0,3.54,1.55,80.7,75.4,13.41,-0.91,50.0,5.71,-0.15,0.85,-7.06,2.13,3.91,-117.27,-5.05,-9.98,18.88,-29.16,18.0,8.4,24.0,1479,262,501303,,,,,,0,1,1,top
2017-06-04,490950,5,445060,R,543257,L,37,Caught Stealing 2B,5,3,170604_211319,8575a942-0fab-4aa1-9c46-8cf6f12489bd,2,1,2,F,Foul,FT,13,2.0,3.37,1.57,89.9,82.6,56.92,-0.93,50.0,5.72,-0.71,2.02,-9.71,4.77,3.83,-130.53,-4.93,-16.82,26.48,-23.92,32.4,7.2,24.0,1990,249,501303,,,,,,0,1,1,top
2017-06-04,490950,5,445060,R,543257,L,37,Caught Stealing 2B,5,4,170604_211359,01db4c52-f82e-4d67-900d-89c3ac7122b2,2,1,2,B,Ball,SL,14,2.0,3.37,1.53,78.6,72.6,50.91,-0.97,50.0,5.93,0.81,2.15,4.49,-2.3,2.7,-114.17,-0.72,5.94,20.39,-35.22,9.6,10.8,24.0,2378,56,501303,,,,,,0,1,1,top
2017-06-04,490950,6,445060,R,543257,L,42,Hit By Pitch,3,1,170604_212654,afcf79ac-8df1-40ad-9792-ec8d28c27fbb,0,0,0,S,Swinging Strike,FS,9,2.0,3.38,1.48,79.4,74.0,98.36,-0.87,50.0,5.85,0.65,1.58,-5.31,1.04,5.05,-115.37,-3.08,-7.25,18.64,-30.75,12.0,9.6,24.0,1309,270,,,,543257,,,0,0,1,top
2017-06-04,490950,6,445060,R,543257,L,42,Hit By Pitch,3,2,170604_212711,b70b3436-a2d9-4637-b568-7ced79e99a3c,0,1,0,B,Ball,SL,11,2.0,3.38,1.56,79.3,73.7,48.54,-1.16,50.0,5.91,-1.01,2.96,2.7,-2.89,-0.46,-115.27,1.16,3.68,18.69,-36.12,6.0,10.8,24.0,2340,37,,,,543257,,,0,0,1,top
2017-06-04,490950,6,445060,R,543257,L,42,Hit By Pitch,3,3,170604_212736,13cbee00-e45e-4ff0-a3e5-1bbbafd79659,2,1,0,H,Hit By Pitch,KC,14,2.0,3.36,1.55,72.9,68.2,33.08,-0.98,50.0,6.0,1.61,0.0,8.01,-5.82,3.24,-105.92,-3.27,9.11,18.05,-38.79,13.2,14.4,24.0,2615,49,,,,543257,,,0,0,1,top
2017-06-04,490950,6,445060,R,408045,L,43,Strikeout,6,1,170604_212831,c8e8f38a-5594-4c91-9632-30a1f6f7da21,0,0,0,B,Ball,FT,13,2.0,3.5,1.68,87.9,80.5,28.5,-1.11,50.0,5.73,-2.06,2.57,-9.1,5.97,0.58,-127.66,-3.55,-15.02,26.32,-22.33,32.4,7.2,24.0,1922,242,543257,,,543257,,,0,1,1,top
2017-06-04,490950,6,445060,R,408045,L,43,Strikeout,6,2,170604_212855,ef96b9e8-7f6b-4b83-8e4f-018950eb16c3,1,1,0,C,Called Strike,FT,4,2.0,3.54,1.65,89.0,82.1,45.83,-0.89,50.0,5.79,-0.5,2.67,-7.48,5.74,3.5,-129.35,-3.66,-12.79,24.44,-22.35,27.6,6.0,24.0,1981,236,543257,,,543257,,,0,1,1,top
2017-06-04,490950,6,445060,R,408045,L,43,Strikeout,6,3,170604_212919,b7cf6e46-c302-4657-8288-4b4ba64daedb,1,1,0,B,Ball,FS,13,2.0,3.07,1.34,79.0,73.0,12.56,-1.11,50.0,5.83,-1.69,1.98,-8.38,-0.48,1.14,-114.82,-1.52,-11.23,20.39,-32.81,18.0,10.8,24.0,1417,280,543257,,,543257,,,0,1,1,top
2017-06-04,490950,6,445060,R,408045,L,43,Strikeout,6,4,170604_213016,ebd42fc6-dac5-488c-b001-b109051a4e8b,2,2,0,F,Foul,FF,13,2.0,3.5,1.66,90.1,82.9,35.96,-0.93,50.0,5.72,-1.45,1.59,-6.23,7.45,0.76,-130.92,-6.98,-10.87,26.39,-19.19,27.6,4.8,24.0,1982,225,543257,,,543257,,,0,1,1,top
2017-06-04,490950,6,445060,R,408045,L,43,Strikeout,6,5,170604_213058,6fc3efc3-393e-4a90-a090-8c2caa381b23,2,2,0,S,Swinging Strike,SL,14,2.0,3.54,1.67,78.4,72.1,33.55,-1.13,50.0,5.9,0.06,1.27,3.66,-4.12,1.59,-113.73,-2.0,4.77,21.8,-37.54,7.2,12.0,24.0,2363,36,543257,,,543257,,,0,1,1,top
2017-06-04,490950,6,445060,R,593934,R,44,Home Run,4,1,170604_213217,b8f8404b-368c-4c58-9e1c-115ad1c25e66,0,0,1,B,Ball,FT,13,2.0,3.72,1.67,90.9,83.9,75.08,-0.85,50.0,5.66,-1.11,1.26,-8.86,4.99,2.32,-132.02,-7.04,-15.74,26.36,-23.31,32.4,7.2,24.0,2029,247,543257,,,,,,2,0,1,top
2017-06-04,490950,6,445060,R,593934,R,44,Home Run,4,2,170604_213238,29ae4f63-b781-4e61-805b-fb6270acc548,1,0,1,S,Swinging Strike,SL,9,2.0,3.64,1.6,81.4,75.7,45.91,-0.93,50.0,5.93,0.56,2.05,1.87,-2.36,2.93,-118.33,-1.51,2.68,20.2,-35.56,4.8,9.6,24.0,2388,34,543257,,,,,,2,0,1,top
2017-06-04,490950,6,445060,R,593934,R,44,Home Run,4,3,170604_213315,c78d42cb-bee3-4c6a-af0e-36a2df343d02,1,1,1,E,In play- run(s),SL,5,2.0,3.72,1.69,80.5,74.9,16.5,-0.91,50.0,5.96,0.09,2.75,1.57,-3.86,1.85,-117.01,0.64,2.2,19.26,-37.6,3.6,10.8,24.0,2312,21,543257,,,,,,2,0,1,top
2017-06-04,490950,6,445060,R,596146,L,45,Groundout,3,1,170604_213355,2dc7e146-3e63-4cbb-a250-6bfb17ec9ee7,0,0,1,B,Ball,FS,14,2.0,3.48,1.59,82.0,76.9,88.53,-0.97,50.0,5.83,1.27,0.89,-3.6,2.78,6.41,-119.01,-5.79,-5.28,18.25,-28.09,8.4,8.4,24.0,1284,242,,,,,,,0,1,-1,top
2017-06-04,490950,6,445060,R,596146,L,45,Groundout,3,2,170604_213414,62fdab61-627e-48f6-b3a8-9f45dda5e262,1,0,1,B,Ball,FT,13,2.0,3.46,1.58,90.6,83.9,55.95,-1.04,50.0,5.78,-1.21,2.3,-8.65,3.0,2.52,-131.64,-3.93,-15.37,24.69,-26.84,28.8,7.2,24.0,1992,256,,,,,,,0,1,-1,top
2017-06-04,490950,6,445060,R,596146,L,45,Groundout,3,3,170604_213431,fd693027-8e91-4772-8510-c126ced301d6,2,0,1,X,In play- out(s),FT,7,2.0,3.46,1.58,90.4,83.4,54.07,-0.91,50.0,5.72,-0.58,2.15,-8.0,3.35,3.57,-131.38,-4.23,-14.1,25.77,-26.28,26.4,7.2,24.0,1967,253,,,,,,,0,1,-1,top
2017-06-04,490950,6,445060,R,500871,L,46,Single,3,1,170604_213521,ec440a6d-b0e2-43ce-a22a-6a3309596d5b,0,1,2,F,Foul,FS,8,2.0,3.08,1.37,80.2,74.8,72.41,-0.89,50.0,5.83,-0.16,1.93,-6.87,1.99,3.76,-116.55,-2.71,-9.61,18.25,-29.39,16.8,8.4,24.0,1273,260,,,,500871,,,0,0,-1,top
2017-06-04,490950,6,445060,R,500871,L,46,Single,3,2,170604_213536,66b52f01-be9b-45d0-9310-8b5c2c26fed5,0,1,2,B,Ball,KC,11,2.0,3.15,1.38,71.2,64.9,45.02,-1.05,50.0,6.46,-1.87,3.51,7.89,-9.88,-3.74,-102.95,4.57,8.39,18.6,-42.67,10.8,16.8,24.0,2448,35,,,,500871,,,0,0,-1,top
2017-06-04,490950,6,445060,R,500871,L,46,Single,3,3,170604_213601,7a4dbf6e-98ad-494e-91c6-79806fb70600,1,1,2,D,In play- no out,FS,13,2.0,3.15,1.37,79.9,74.8,49.36,-0.96,50.0,5.83,-0.73,1.4,-5.36,-2.08,2.15,-116.18,-2.63,-7.45,18.29,-35.06,12.0,10.8,24.0,1297,300,,,,500871,,,0,0,-1,top
2017-06-10,491026,1,445060,R,543807,R,3,Single,7,1,170610_201734,2519b82f-27b0-4fdf-9e21-fc6f2d63c0d3,0,0,0,B,Ball,FT,14,2.0,3.81,1.69,90.3,82.4,76.6,-0.66,50.0,5.82,1.12,1.49,-11.73,8.1,8.51,-130.69,-7.65,-20.27,27.86,-18.19,43.2,6.0,24.0,2108,239,,,,543807,,,0,0,0,bottom
2017-06-10,491026,1,445060,R,543807,R,3,Single,7,2,170610_201749,96f8175d-0b62-404c-8160-faf8ba23bf77,1,1,0,C,Called Strike,FT,14,2.0,3.59,1.63,90.8,82.5,54.71,-0.63,50.0,5.91,0.72,2.47,-11.34,7.07,7.31,-131.42,-5.1,-19.76,28.85,-19.86,40.8,6.0,24.0,2106,241,,,,543807,,,0,0,0,bottom
2017-06-10,491026,1,445060,R,543807,R,3,Single,7,3,170610_201805,48049e64-4a32-4e6f-b3da-80a2749845a4,1,2,0,C,Called Strike,SL,3,2.0,3.55,1.58,84.0,76.9,42.52,-1.1,50.0,6.08,0.5,3.04,1.76,-1.46,3.29,-121.9,-0.16,2.65,24.45,-34.36,4.8,9.6,24.0,2434,43,,,,543807,,,0,0,0,bottom
2017-06-10,491026,1,445060,R,543807,R,3,Single,7,4,170610_201822,b34072a9-a553-4c43-82f6-bd4bde2013a5,1,2,0,B,Ball,FT,14,2.0,3.54,1.57,91.4,83.2,42.06,-0.48,50.0,5.91,1.51,1.46,-8.59,9.9,8.09,-132.17,-8.77,-15.16,28.71,-14.69,39.6,4.8,24.0,2242,223,,,,543807,,,0,0,0,bottom
2017-06-10,491026,1,445060,R,543807,R,3,Single,7,5,170610_201838,0c9ab7bf-4bc6-4993-8243-fedee65face6,2,2,0,B,Ball,SL,14,2.0,3.54,1.55,82.5,76.7,32.63,-0.91,50.0,5.8,1.45,1.63,0.58,0.17,5.43,-119.81,-3.2,0.85,20.78,-31.92,2.4,8.4,24.0,2486,52,,,,543807,,,0,0,0,bottom
2017-06-10,491026,1,445060,R,543807,R,3,Single,7,6,170610_201855,b667893e-2a58-4834-9c92-058ef8764613,3,2,0,F,Foul,FT,9,2.0,3.52,1.47,90.6,82.7,55.64,-0.77,50.0,5.65,0.55,1.68,-11.85,6.28,7.4,-131.29,-6.19,-20.65,28.07,-21.22,40.8,7.2,24.0,2086,246,,,,543807,,,0,0,0,bottom
2017-06-10,491026,1,445060,R,543807,R,3,Single,7,7,170610_201933,cab66650-c3b3-4b8f-a4d3-a5a81d971b1f,3,2,0,D,In play- no out,FT,6,2.0,3.52,1.47,92.7,84.6,52.49,-0.7,50.0,5.95,0.71,2.53,-10.98,7.81,7.54,-134.43,-5.69,-20.11,29.02,-17.88,44.4,6.0,24.0,2091,237,,,,543807,,,0,0,0,bottom
2017-06-10,491026,1,445060,R,502210,L,4,Pop Out,2,1,170610_202009,29a3a32c-1e86-474a-81be-c9d530366d4c,0,0,0,B,Ball,FT,11,2.0,3.13,1.48,89.3,82.1,35.0,-1.22,50.0,5.8,-1.71,2.64,-10.15,3.18,2.11,-129.64,-2.88,-17.36,25.93,-26.73,32.4,7.2,24.0,1906,257,543807,,,543807,,,0,1,0,bottom
2017-06-10,491026,1,445060,R,502210,L,4,Pop Out,2,2,170610_202030,5b1cd2e8-1dbb-403b-aeb2-c4ae2cd55a29,1,0,0,X,In play- out(s),FT,5,2.0,3.11,1.41,89.5,82.0,36.76,-0.88,50.0,5.79,-0.16,2.07,-11.64,5.36,5.74,-129.83,-5.07,-19.91,26.55,-23.01,38.4,7.2,24.0,1973,249,543807,,,543807,,,0,1,0,bottom
2017-06-10,491026,1,445060,R,514888,R,5,Single,2,1,170610_202117,31744bca-4e50-4533-b402-dc6cd242a8a5,0,1,1,C,Called Strike,SL,12,2.0,2.86,1.16,81.3,74.9,81.63,-0.89,50.0,6.0,0.93,2.39,0.84,-0.94,3.98,-118.01,-1.25,1.19,21.75,-33.5,3.6,9.6,24.0,2401,35,543807,,,514888,543807,,0,0,0,bottom
2017-06-10,491026,1,445060,R,514888,R,5,Single,2,2,170610_202139,62e32bab-e1b6-4a84-8ae7-9494f7f8a82d,0,1,1,D,In play- no out,SL,8,2.0,2.8,1.14,80.5,74.5,24.26,-1.06,50.0,5.92,-0.17,1.69,2.54,-5.29,1.3,-117.03,-1.22,3.53,21.52,-39.52,4.8,12.0,24.0,2339,23,543807,,,514888,543807,,0,0,0,bottom
2017-06-10,491026,1,445060,R,621043,R,6,Grounded Into DP,6,1,170610_202234,e21bf318-5e5e-4cbb-9e5c-60a7242e3ae5,0,1,1,C,Called Strike,FT,14,2.0,3.53,1.47,91.4,83.7,63.92,-0.74,50.0,5.8,0.95,2.13,-11.03,6.61,8.19,-132.36,-5.7,-19.65,27.07,-20.39,39.6,6.0,24.0,1937,242,514888,543807,,,,,0,2,0,bottom
2017-06-10,491026,1,445060,R,621043,R,6,Grounded Into DP,6,2,170610_202257,3f4a3a67-d2c3-4ef3-98f0-a5b926898f60,0,1,1,B,Ball,FT,14,2.0,3.52,1.58,91.0,83.5,67.74,-0.68,50.0,5.7,0.63,1.18,-11.54,7.21,7.34,-131.87,-8.05,-20.39,27.24,-19.44,42.0,6.0,24.0,2022,242,514888,543807,,,,,0,2,0,bottom
2017-06-10,491026,1,445060,R,621043,R,6,Grounded Into DP,6,3,170610_202317,363d3ffb-2149-48dc-bc0c-e84cf07cbcd6,1,1,1,B,Ball,SL,14,2.0,3.54,1.49,81.7,75.3,30.72,-0.9,50.0,5.91,1.44,1.7,1.31,-1.58,5.09,-118.55,-2.49,1.87,22.62,-34.42,4.8,9.6,24.0,,36,514888,543807,,,,,0,2,0,bottom
2017-06-10,491026,1,445060,R,621043,R,6,Grounded Into DP,6,4,170610_202343,8c544bcb-f41f-454c-9ec2-2132a10bc7b8,2,2,1,C,Called Strike,SL,14,2.0,3.51,1.49,81.4,75.0,46.82,-0.99,50.0,5.97,1.01,2.18,0.74,0.52,4.44,-118.18,-2.11,1.05,22.04,-31.44,3.6,9.6,24.0,2385,65,514888,543807,,,,,0,2,0,bottom
2017-06-10,491026,1,445060,R,621043,R,6,Grounded Into DP,6,5,170610_202405,f52c0eef-0827-4142-a70e-6d4cb4482ddf,2,2,1,B,Ball,FT,14,2.0,3.37,1.38,92.4,84.6,32.89,-0.59,50.0,5.78,1.44,1.81,-11.94,5.93,9.46,-133.78,-6.45,-21.71,27.98,-21.39,40.8,7.2,24.0,2064,247,514888,543807,,,,,0,2,0,bottom
2017-06-10,491026,1,445060,R,621043,R,6,Grounded Into DP,6,6,170610_202435,5adaa2ff-b506-4765-8562-b5e0df68cde7,3,2,1,X,In play- out(s),SL,14,2.0,3.46,1.49,81.8,75.3,48.49,-0.98,50.0,5.91,0.98,2.35,1.05,-0.86,4.29,-118.74,-1.22,1.5,22.17,-33.4,3.6,9.6,24.0,2430,41,514888,543807,,,,,0,2,0,bottom
2017-06-10,491026,2,445060,R,136860,L,10,Groundout,2,1,170610_203510,5ebd82bd-5c18-4efd-bbec-39499ca229b1,0,1,0,C,Called Strike,KC,5,2.0,3.45,1.62,71.1,65.0,53.83,-1.2,50.0,6.41,-0.06,2.79,8.87,-8.24,-0.03,-103.12,2.77,9.43,19.18,-40.94,13.2,15.6,24.0,2521,44,,,,,,,0,1,0,bottom
2017-06-10,491026,2,445060,R,136860,L,10,Groundout,2,2,170610_203527,1e8e25aa-132d-4023-a944-ede48f3c6eef,0,1,0,X,In play- out(s),FS,7,2.0,3.39,1.48,79.6,74.4,46.08,-1.25,50.0,5.8,-0.69,1.64,-8.16,-1.45,3.71,-115.72,-2.14,-11.24,18.33,-34.18,16.8,10.8,24.0,1391,287,,,,,,,0,1,0,bottom
2017-06-10,491026,2,445060,R,435263,L,11,Home Run,4,1,170610_203604,cfde0f8d-5bae-4540-8f52-910da42f08ca,0,0,1,S,Swinging Strike,FT,14,2.0,3.2,1.51,90.1,82.4,32.55,-0.83,50.0,5.62,0.13,0.8,-10.72,6.07,6.04,-130.61,-8.2,-18.48,27.98,-21.7,36.0,7.2,24.0,2012,246,,,,,,,1,0,0,bottom
2017-06-10,491026,2,445060,R,435263,L,11,Home Run,4,2,170610_203621,c836097e-85b1-409b-9003-83bf88ec6374,0,1,1,B,Ball,KC,11,2.0,3.23,1.45,72.5,65.8,64.96,-1.17,50.0,6.34,-0.91,2.8,10.48,-8.83,-2.25,-105.0,2.89,11.47,20.98,-41.84,14.4,15.6,24.0,2742,46,,,,,,,1,0,0,bottom
2017-06-10,491026,2,445060,R,435263,L,11,Home Run,4,3,170610_203635,28a6aa83-db27-4f67-82d0-d9313211df40,1,1,1,B,Ball,KC,11,2.0,3.26,1.61,72.3,65.5,33.63,-1.31,50.0,6.33,-1.79,2.8,10.96,-8.1,-3.9,-104.63,2.76,11.92,20.73,-40.99,15.6,15.6,24.0,2645,48,,,,,,,1,0,0,bottom
2017-06-10,491026,2,445060,R,435263,L,11,Home Run,4,4,170610_203659,23df402d-942a-4a72-a37d-da4aa4ac14bc,2,1,1,E,In play- run(s),FT,7,2.0,3.2,1.51,90.9,83.1,51.51,-0.72,50.0,5.66,-0.34,1.55,-9.3,5.86,4.15,-131.83,-6.5,-16.36,28.16,-21.86,33.6,6.0,24.0,1948,243,,,,,,,1,0,0,bottom
2017-06-10,491026,2,445060,R,503556,L,12,Groundout,3,1,170610_203750,c67fa29a-de77-4eee-a44b-bf066beb643b,0,1,1,F,Foul,FT,4,2.0,3.43,1.48,91.1,83.5,51.37,-0.78,50.0,5.79,-0.64,2.52,-11.24,3.84,4.19,-132.33,-3.7,-19.96,27.95,-25.36,36.0,7.2,24.0,1985,255,,,,,,,0,1,-1,bottom
2017-06-10,491026,2,445060,R,503556,L,12,Groundout,3,2,170610_203827,b5fa8389-e55f-4494-96f9-1818104d9d58,0,1,1,B,Ball,FF,12,2.0,3.52,1.57,90.4,82.3,30.17,-0.48,50.0,5.98,1.78,3.05,-6.52,9.34,8.01,-130.9,-4.48,-11.32,27.62,-15.97,30.0,4.8,24.0,2133,214,,,,,,,0,1,-1,bottom
2017-06-10,491026,2,445060,R,503556,L,12,Groundout,3,3,170610_203849,5abe4fc9-c1e2-48fd-af69-6e3974a4d883,1,1,1,X,In play- out(s),FS,13,2.0,3.43,1.48,80.4,74.7,50.56,-1.11,50.0,5.82,-0.92,1.94,-7.76,-0.81,2.79,-116.94,-1.81,-10.85,19.9,-33.31,16.8,9.6,24.0,1310,283,,,,,,,0,1,-1,bottom
2017-06-10,491026,2,445060,R,493329,R,13,Groundout,3,1,170610_203918,fc19f9b7-e5c0-48dd-8c65-6e66b52fb831,0,0,2,B,Ball,SL,14,2.0,3.47,1.52,81.3,74.7,49.11,-0.84,50.0,5.97,1.33,2.26,4.29,0.09,3.76,-117.99,-1.76,6.05,22.71,-32.05,12.0,9.6,24.0,2322,78,,,,,,,0,1,-1,bottom
2017-06-10,491026,2,445060,R,493329,R,13,Groundout,3,2,170610_203930,0ab8dd4b-51a6-4c5a-9e9e-530a1834c617,1,0,2,B,Ball,SL,14,2.0,3.4,1.61,79.5,73.5,17.09,-0.8,50.0,5.86,1.47,0.94,5.13,-1.22,3.67,-115.46,-3.8,6.92,21.5,-33.82,12.0,10.8,24.0,2344,64,,,,,,,0,1,-1,bottom
2017-06-10,491026,2,445060,R,493329,R,13,Groundout,3,3,170610_203949,a9d531fc-274e-44d7-b658-ef9e8cc944dd,2,0,2,X,In play- out(s),FT,3,2.0,3.26,1.4,91.1,83.2,50.77,-0.61,50.0,5.75,0.54,2.83,-8.62,8.62,5.93,-132.24,-4.41,-15.28,27.87,-16.89,38.4,4.8,24.0,2097,226,,,,,,,0,1,-1,bottom
2017-06-10,491026,3,445060,R,608324,R,17,Flyout,4,1,170610_204838,52944cde-fd4e-4da5-a5a2-c72d227643cb,0,1,0,F,Foul,FT,2,2.0,3.08,1.3,90.0,82.8,43.57,-0.7,50.0,5.85,0.23,2.59,-11.42,4.48,6.23,-130.67,-3.71,-19.88,25.87,-24.38,37.2,7.2,24.0,2056,252,,,,,,,0,1,-1,bottom
2017-06-10,491026,3,445060,R,608324,R,17,Flyout,4,2,170610_204901,5a102973-420a-4161-b475-d6c159b2e0f0,0,2,0,C,Called Strike,SL,1,2.0,3.21,1.48,81.2,75.1,38.0,-1.0,50.0,6.07,-0.26,2.95,2.12,-3.57,1.1,-117.99,0.7,3.01,21.03,-37.24,4.8,10.8,24.0,2328,27,,,,,,,0,1,-1,bottom
2017-06-10,491026,3,445060,R,608324,R,17,Flyout,4,3,170610_204918,06889302-1af2-4685-a28e-e4ec6e0229f3,0,2,0,B,Ball,SL,14,2.0,3.16,1.42,81.5,75.7,16.65,-0.54,50.0,5.84,2.83,0.35,0.57,-3.0,7.71,-118.18,-5.03,0.8,22.08,-36.43,3.6,10.8,24.0,2545,19,,,,,,,0,1,-1,bottom
2017-06-10,491026,3,445060,R,608324,R,17,Flyout,4,4,170610_204951,81965b76-9d83-44f2-98c9-a6f7ca29cad7,1,2,0,X,In play- out(s),SL,6,2.0,3.08,1.3,82.3,76.2,31.0,-0.86,50.0,6.01,0.45,2.36,1.13,-1.25,2.74,-119.55,-1.46,1.65,21.37,-33.99,3.6,9.6,24.0,2408,34,,,,,,,0,1,-1,bottom
2017-06-10,491026,3,445060,R,543807,R,18,Groundout,5,1,170610_205020,0bc6e117-5e8e-4e6a-b0f6-2d1fdd497fda,0,0,1,B,Ball,SL,14,2.0,3.7,1.62,82.7,76.2,91.41,-0.87,50.0,5.82,0.79,1.44,0.4,-1.57,3.82,-120.06,-3.13,0.58,23.02,-34.48,2.4,9.6,24.0,2364,17,,,,,,,0,1,-1,bottom
2017-06-10,491026,3,445060,R,543807,R,18,Groundout,5,2,170610_205034,3cda080f-bb77-4cb5-ae4a-c6178bad5bfb,1,0,1,B,Ball,SL,14,2.0,3.59,1.62,81.9,75.1,25.93,-0.72,50.0,5.89,2.2,1.83,0.29,-1.64,6.76,-118.73,-2.13,0.41,23.54,-34.51,2.4,9.6,24.0,2350,23,,,,,,,0,1,-1,bottom
2017-06-10,491026,3,445060,R,543807,R,18,Groundout,5,3,170610_205050,ef4d9159-6912-4a42-bbf5-063346d3e4bf,2,1,1,F,Foul,FT,8,2.0,3.52,1.47,90.6,83.4,34.05,-0.61,50.0,5.67,-0.13,2.11,-11.72,2.07,5.22,-131.63,-3.79,-20.67,26.52,-28.52,33.6,8.4,24.0,2089,264,,,,,,,0,1,-1,bottom
2017-06-10,491026,3,445060,R,543807,R,18,Groundout,5,4,170610_205119,80c46627-b52b-4d90-ad91-e4b5887ef5ad,2,2,1,F,Foul,FT,6,2.0,3.52,1.47,92.1,84.3,51.59,-0.58,50.0,5.63,0.64,2.63,-10.86,5.58,6.95,-133.63,-3.75,-19.69,27.93,-22.05,38.4,6.0,24.0,2075,245,,,,,,,0,1,-1,bottom
2017-06-10,491026,3,445060,R,543807,R,18,Groundout,5,5,170610_205143,f603cd2b-6c69-4d49-8d0c-739df056fd76,2,2,1,X,In play- out(s),FT,14,2.0,3.52,1.47,92.2,84.3,60.15,-0.42,50.0,5.79,0.99,2.3,-11.29,5.73,7.6,-133.7,-5.11,-20.48,28.36,-21.78,39.6,7.2,24.0,1964,246,,,,,,,0,1,-1,bottom
2017-06-10,491026,3,445060,R,502210,L,19,Groundout,4,1,170610_205219,62e6dbb9-0e42-4a04-8dd3-f1f46e501b3d,0,1,2,C,Called Strike,KC,6,2.0,3.24,1.49,72.7,66.0,72.27,-0.85,50.0,6.19,0.64,2.19,8.49,-8.58,0.81,-105.36,1.85,9.34,21.49,-41.62,13.2,15.6,24.0,2606,42,,,,,,,0,1,-1,bottom
2017-06-10,491026,3,445060,R,502210,L,19,Groundout,4,2,170610_205232,a82a770a-9508-44c7-9747-754eae928fb9,0,1,2,B,Ball,FT,11,2.0,3.23,1.41,91.1,83.4,71.57,-0.79,50.0,5.81,-1.14,3.35,-10.12,4.95,2.51,-132.34,-1.96,-17.98,27.73,-23.38,36.0,7.2,24.0,2089,247,,,,,,,0,1,-1,bottom
2017-06-10,491026,3,445060,R,502210,L,19,Groundout,4,3,170610_205248,2c7e3c72-bb3f-4698-b1d0-c3d57a3109dc,1,1,2,B,Ball,FT,11,2.0,3.22,1.41,91.4,84.0,58.47,-0.88,50.0,5.69,-1.13,2.45,-10.02,4.13,2.77,-132.78,-3.79,-17.98,27.19,-24.76,34.8,7.2,24.0,1994,252,,,,,,,0,1,-1,bottom
2017-06-10,491026,3,445060,R,502210,L,19,Groundout,4,4,170610_205308,c97c7fd7-2313-408c-85a7-be69de1ebd86,2,1,2,X,In play- out(s),FT,13,2.0,3.11,1.41,91.2,84.0,63.93,-0.8,50.0,5.67,-0.76,1.74,-11.58,2.66,4.05,-132.5,-5.08,-20.69,27.02,-27.42,34.8,8.4,24.0,2019,262,,,,,,,0,1,-1,bottom
2017-06-10,491026,4,445060,R,514888,R,24,Flyout,2,1,170610_210217,c7629470-ce9d-4430-8eff-784573a3c6b0,0,0,0,B,Ball,FT,12,2.0,2.83,1.19,90.6,83.1,57.56,-0.47,50.0,5.93,0.98,3.37,-9.28,7.78,6.92,-131.48,-3.12,-16.35,26.11,-18.46,38.4,6.0,24.0,2145,231,,,,,,,0,1,-1,bottom
2017-06-10,491026,4,445060,R,514888,R,24,Flyout,2,2,170610_210237,0ecc2952-450e-472e-8cf2-1a7f3fc1e3c4,1,0,0,X,In play- out(s),SL,6,2.0,2.8,1.14,81.6,75.9,34.92,-1.08,50.0,5.79,0.41,1.78,0.87,-1.35,3.25,-118.67,-2.18,1.26,20.47,-34.12,2.4,9.6,24.0,2376,28,,,,,,,0,1,-1,bottom
2017-06-10,491026,4,445060,R,621043,R,25,Strikeout,7,1,170610_210307,04a4ab26-f48b-40ca-a9dd-0fdc9842cc75,0,0,1,B,Ball,SL,14,2.0,3.52,1.47,82.7,76.3,55.44,-0.81,50.0,5.81,1.63,1.85,0.32,-1.75,5.69,-119.96,-2.07,0.47,22.59,-34.73,2.4,9.6,24.0,2356,20,,,,,,,0,1,-1,bottom
2017-06-10,491026,4,445060,R,621043,R,25,Strikeout,7,2,170610_210321,03d259e9-94bf-4285-a209-f7e40194cf0a,1,1,1,C,Called Strike,SL,9,2.0,3.49,1.49,82.0,76.2,42.26,-0.92,50.0,5.89,0.65,2.05,-0.09,-0.78,3.75,-119.16,-2.04,-0.13,20.29,-33.31,1.2,9.6,24.0,2462,11,,,,,,,0,1,-1,bottom
2017-06-10,491026,4,445060,R,621043,R,25,Strikeout,7,3,170610_210335,ed2ea5e0-9895-4a9d-ad98-d8197a122cc9,1,2,1,F,Foul,FT,6,2.0,3.46,1.49,90.6,83.6,36.66,-0.57,50.0,5.79,0.31,2.31,-12.55,3.44,6.56,-131.6,-4.08,-22.2,25.67,-26.08,38.4,7.2,24.0,2056,258,,,,,,,0,1,-1,bottom
2017-06-10,491026,4,445060,R,621043,R,25,Strikeout,7,4,170610_210357,3ccf0e4f-0bd8-4d93-a67d-5b067f827a29,1,2,1,F,Foul,FT,13,2.0,3.46,1.49,91.1,83.7,69.98,-0.95,50.0,5.63,-0.94,1.73,-11.37,5.02,3.9,-132.33,-5.73,-20.23,27.47,-23.25,38.4,7.2,24.0,2045,251,,,,,,,0,1,-1,bottom
2017-06-10,491026,4,445060,R,621043,R,25,Strikeout,7,5,170610_210418,ba8222fb-c557-4f78-965f-57f1538970b7,1,2,1,B,Ball,FF,14,2.0,3.54,1.53,93.0,84.6,56.68,-0.46,50.0,5.78,1.09,2.15,-7.3,9.4,6.64,-134.7,-6.85,-13.38,29.81,-14.93,36.0,4.8,24.0,2199,219,,,,,,,0,1,-1,bottom
2017-06-10,491026,4,445060,R,621043,R,25,Strikeout,7,6,170610_210449,09a8698e-0a41-4964-aa77-53bdc8664ead,2,2,1,F,Foul,SL,12,2.0,3.46,1.49,82.9,76.8,39.25,-0.84,50.0,5.91,0.73,2.56,2.24,-2.29,3.06,-120.49,-0.54,3.32,21.65,-35.57,6.0,9.6,24.0,,40,,,,,,,0,1,-1,bottom
2017-06-10,491026,4,445060,R,621043,R,25,Strikeout,7,7,170610_210509,29ce43f1-9fc4-47fc-9ed8-60a0e3e3155d,2,3,1,C,Called Strike,SL,4,2.0,3.51,1.53,80.6,74.8,34.87,-1.02,50.0,5.83,-0.61,2.45,0.13,-4.23,0.91,-117.21,0.35,0.18,20.27,-38.12,0.0,10.8,24.0,2217,2,,,,,,,0,1,-1,bottom
2017-06-10,491026,4,445060,R,136860,L,26,Groundout,2,1,170610_210546,08a99e53-7988-4fee-9405-3dc9d24c58a3,0,1,2,C,Called Strike,FS,13,2.0,3.52,1.65,80.7,75.1,100.0,-0.97,50.0,5.62,-0.89,1.59,-7.49,-0.68,2.46,-117.32,-2.26,-10.57,19.78,-33.14,16.8,9.6,24.0,1367,283,,,,,,,0,1,-1,bottom
2017-06-10,491026,4,445060,R,136860,L,26,Groundout,2,2,170610_210601,847f2a19-6476-4c0b-b1fe-117b4d0cb7d0,0,1,2,X,In play- out(s),FT,13,2.0,3.39,1.48,91.3,84.0,67.81,-0.87,50.0,5.6,-1.03,1.61,-10.72,3.03,3.22,-132.62,-5.35,-19.16,27.45,-26.75,33.6,7.2,24.0,1852,260,,,,,,,0,1,-1,bottom
2017-06-10,491026,5,445060,R,435263,L,32,Hit By Pitch,1,1,170610_211837,be48b339-a16e-4f40-a9db-2e159ba605a7,1,0,0,H,Hit By Pitch,KC,14,2.0,3.23,1.52,73.8,67.7,57.99,-0.93,50.0,5.9,2.39,-0.23,6.82,-5.99,5.1,-106.91,-3.52,7.73,21.9,-38.96,12.0,14.4,24.0,2473,45,,,,435263,,,0,0,-1,bottom
2017-06-10,491026,5,445060,R,503556,L,33,Single,10,1,170610_211932,f0ce6357-cf9b-4e82-ba03-42ce5de0b28d,0,1,0,C,Called Strike,FF,7,2.0,3.61,1.5,90.6,82.3,60.95,-0.84,50.0,5.84,-0.49,2.03,-5.68,10.89,2.81,-131.3,-7.3,-9.87,28.94,-13.24,32.4,3.6,24.0,2250,210,435263,,,503556,,435263,0,0,-1,bottom
2017-06-10,491026,5,445060,R,503556,L,33,Single,10,2,170610_212003,ff7f5512-0854-44d0-8c65-9f198869dcc7,1,1,0,*B,Ball In Dirt,KC,13,2.0,3.42,1.48,72.3,66.3,46.76,-1.08,50.0,5.95,-0.59,0.58,9.77,-9.59,-1.6,-104.88,-0.65,10.69,20.66,-42.67,13.2,16.8,24.0,2583,41,435263,,,503556,,435263,0,0,-1,bottom
2017-06-10,491026,5,445060,R,503556,L,33,Single,10,3,170610_212031,f1b475b7-2622-40b8-8117-2d35df594719,1,1,0,B,Ball,FS,13,2.0,3.47,1.48,80.8,74.7,53.39,-0.94,50.0,5.66,-0.78,1.1,-9.02,-0.71,3.11,-117.31,-3.42,-12.61,21.47,-33.17,19.2,10.8,24.0,1462,282,435263,,,503556,,435263,0,0,-1,bottom
2017-06-10,491026,5,445060,R,503556,L,33,Single,10,4,170610_212056,728858d6-ec35-4605-9d2b-093949a57b07,2,2,0,F,Foul,FS,13,2.0,3.43,1.48,80.6,74.2,40.2,-1.01,50.0,5.67,-0.45,1.18,-10.81,2.08,4.54,-117.03,-4.03,-14.99,22.07,-29.29,25.2,9.6,24.0,1538,266,435263,,,503556,,435263,0,0,-1,bottom
2017-06-10,491026,5,445060,R,503556,L,33,Single,10,5,170610_212141,2e3bd7f0-5f3e-4e97-998d-e88726089a77,2,2,0,F,Foul,FT,11,2.0,3.43,1.48,90.6,83.1,57.8,-0.72,50.0,5.68,-1.05,2.73,-10.01,4.1,2.53,-131.55,-2.87,-17.59,27.13,-24.97,33.6,7.2,24.0,1962,252,435263,,,503556,,435263,0,0,-1,bottom
2017-06-10,491026,5,445060,R,503556,L,33,Single,10,6,170610_212223,f027f2aa-31a5-42f9-9df6-5497418709d3,2,2,0,F,Foul,FT,14,2.0,3.43,1.48,91.7,84.3,59.49,-0.8,50.0,5.62,0.36,1.28,-9.48,6.41,6.28,-133.0,-7.48,-17.06,27.24,-20.63,36.0,6.0,24.0,1890,240,435263,,,503556,,435263,0,0,-1,bottom
2017-06-10,491026,5,445060,R,503556,L,33,Single,10,7,170610_212259,e1084eb0-eb91-4d82-9339-26bf7332581c,2,2,0,F,Foul,SL,6,2.0,3.43,1.48,80.8,74.4,41.46,-1.0,50.0,5.85,0.63,2.3,2.09,-2.58,3.14,-117.35,-0.5,2.91,22.04,-35.78,6.0,10.8,24.0,2373,36,435263,,,503556,,435263,0,0,-1,bottom
2017-06-10,491026,5,445060,R,503556,L,33,Single,10,8,170610_212336,b5f62904-ad15-4e25-a89e-205147b60e4e,2,2,0,F,Foul,FS,7,2.0,3.43,1.48,80.6,74.5,40.33,-1.04,50.0,5.65,-0.46,1.56,-8.75,-1.31,3.99,-117.12,-2.16,-12.22,21.11,-34.0,18.0,10.8,24.0,1332,285,435263,,,503556,,435263,0,0,-1,bottom
2017-06-10,491026,5,445060,R,503556,L,33,Single,10,9,170610_212430,8f16870a-ff3c-4d5e-9c52-afa935ce2aa2,3,2,0,*B,Ball In Dirt,KC,14,2.0,3.47,1.52,73.7,68.3,47.0,-0.92,50.0,5.8,0.61,-0.32,6.79,-8.37,1.36,-107.03,-2.96,7.79,20.28,-41.78,10.8,15.6,24.0,2469,35,435263,,,503556,,435263,0,0,-1,bottom
2017-06-10,491026,5,445060,R,503556,L,33,Single,10,10,170610_212512,32d3ccdc-3812-46ab-90a9-47bb84be393d,3,2,0,D,In play- no out,FT,8,2.0,3.43,1.48,91.8,84.6,38.2,-0.89,50.0,5.62,-0.13,1.89,-10.21,5.11,5.52,-133.26,-5.49,-18.51,26.6,-22.91,36.0,7.2,24.0,1943,247,435263,,,503556,,435263,0,0,-1,bottom
2017-06-10,491026,5,445060,R,493329,R,34,Sac Fly,1,1,170610_212613,85ab8ccc-5faf-4cc5-b14c-d2db36e2284f,0,0,0,E,In play- run(s),SL,14,2.0,3.26,1.4,82.4,76.0,73.15,-1.01,50.0,5.87,0.72,2.1,1.05,-0.96,3.77,-119.72,-1.83,1.52,22.32,-33.57,3.6,9.6,24.0,2361,38,503556,,435263,503556,,,1,1,-1,bottom
2017-06-10,491026,5,445060,R,608324,R,35,Forceout,5,1,170610_212652,7adfe91b-9229-486e-95fe-2b897a32f54f,0,1,1,C,Called Strike,SL,6,2.0,3.34,1.48,82.3,76.0,54.8,-0.92,50.0,5.95,0.27,2.45,0.73,-2.43,2.59,-119.6,-0.71,1.06,21.97,-35.72,2.4,9.6,24.0,2346,17,503556,,,608324,,,0,1,-2,bottom
2017-06-10,491026,5,445060,R,608324,R,35,Forceout,5,2,170610_212742,24d4340c-ab2e-4ec1-b805-4a319c9248fe,0,1,1,B,Ball,FT,14,2.0,3.23,1.44,91.0,83.3,39.19,-0.57,50.0,5.72,1.47,1.48,-10.77,7.87,8.97,-131.75,-7.52,-19.0,27.14,-18.3,40.8,6.0,24.0,2073,237,503556,,,608324,,,0,1,-2,bottom
2017-06-10,491026,5,445060,R,608324,R,35,Forceout,5,3,170610_212807,4953e34d-292c-46cf-b406-aa4fd4e1c162,1,2,1,F,Foul,FT,13,2.0,3.08,1.3,90.9,83.6,60.5,-0.8,50.0,5.68,-0.77,1.84,-10.97,5.6,3.81,-132.02,-5.77,-19.46,26.76,-22.25,38.4,7.2,24.0,2054,247,503556,,,608324,,,0,1,-2,bottom
2017-06-10,491026,5,445060,R,608324,R,35,Forceout,5,4,170610_212843,e4652e26-2c65-4492-bec3-f2db70742d32,1,2,1,X,In play- out(s),SL,9,2.0,3.08,1.3,80.2,74.0,45.88,-0.94,50.0,5.81,0.38,1.37,1.27,-2.71,2.65,-116.44,-2.4,1.74,21.88,-35.89,3.6,10.8,24.0,2351,23,503556,,,608324,,,0,1,-2,bottom
2017-06-10,491026,5,445060,R,543807,R,36,Single,2,1,170610_213015,78ba348a-247b-4895-8b13-52ec002a5383,0,0,2,D,In play- no out,SL,6,2.0,3.52,1.47,81.6,74.8,57.7,-0.94,50.0,6.01,0.28,2.3,2.26,-3.36,2.17,-118.52,-0.74,3.2,23.7,-36.93,6.0,10.8,24.0,,30,608324,,,543807,608324,,0,0,-2,bottom
2017-06-10,491026,5,445060,R,502210,L,37,Strikeout,7,1,170610_213114,3d87cb8a-7c59-4bfc-8635-6aa4cd4d9352,0,0,2,B,Ball,FS,13,2.0,3.2,1.53,82.4,75.5,99.21,-1.26,50.0,5.68,-1.06,1.91,-7.43,5.15,2.76,-119.55,-3.64,-10.76,23.01,-24.72,21.6,7.2,24.0,1458,241,543807,608324,,,,,0,1,-2,bottom
2017-06-10,491026,5,445060,R,502210,L,37,Strikeout,7,2,170610_213159,48a7e76e-ac32-4e10-92c0-fdc0531d1687,1,1,2,C,Called Strike,FT,13,2.0,3.19,1.58,91.7,83.2,68.06,-0.62,50.0,5.74,-0.78,1.55,-7.91,7.51,2.27,-132.96,-7.35,-14.03,31.09,-18.87,33.6,6.0,24.0,2083,232,543807,608324,,,,,0,1,-2,bottom
2017-06-10,491026,5,445060,R,502210,L,37,Strikeout,7,3,170610_213219,6a5d1ef7-7f2b-47a4-9d55-28b5e02130e1,1,1,2,B,Ball,FT,11,2.0,3.16,1.41,91.2,83.1,46.75,-1.0,50.0,5.69,-2.22,3.29,-9.66,4.14,0.09,-132.37,-1.48,-17.07,29.3,-24.87,33.6,7.2,24.0,1988,251,543807,608324,,,,,0,1,-2,bottom
2017-06-10,491026,5,445060,R,502210,L,37,Strikeout,7,4,170610_213243,4ebfe710-11b6-4851-8670-6d38d2a63d9c,2,1,2,S,Swinging Strike,FT,4,2.0,3.11,1.41,91.1,83.0,46.81,-1.15,50.0,5.65,-0.52,2.34,-10.18,6.7,5.08,-132.14,-4.74,-17.97,28.72,-20.36,38.4,6.0,24.0,2011,240,543807,608324,,,,,0,1,-2,bottom
2017-06-10,491026,5,445060,R,502210,L,37,Strikeout,7,5,170610_213324,de89e627-6a8a-4abb-a3d5-045b94166eb5,2,2,2,B,Ball,FF,11,2.0,3.16,1.41,93.2,84.9,49.32,-0.97,50.0,5.69,-1.23,2.29,-5.47,9.96,1.22,-135.27,-6.49,-10.12,30.19,-13.76,32.4,3.6,24.0,2274,212,543807,608324,,,,,0,1,-2,bottom
2017-06-10,491026,5,445060,R,502210,L,37,Strikeout,7,6,170610_213422,e158b679-752f-4e19-9b69-5f45383ee89d,3,3,2,W,Swinging Strike (Blocked),SL,13,2.0,3.11,1.41,79.7,73.7,14.44,-1.34,50.0,5.57,-0.04,0.73,3.78,-3.79,1.85,-115.82,-2.9,5.13,21.83,-37.32,8.4,10.8,24.0,2377,38,543807,608324,,,,,0,1,-2,bottom
2017-06-10,491026,6,445060,R,514888,R,41,Single,2,1,170610_214524,85aede93-a681-4a32-bd84-7282e6da4222,0,1,0,C,Called Strike,SL,2,2.0,2.89,1.14,81.5,75.4,67.29,-1.02,50.0,5.93,0.22,2.8,0.98,-1.28,2.61,-118.44,-0.09,1.4,20.67,-34.02,3.6,9.6,24.0,2244,32,,,,514888,,,0,0,-2,bottom
2017-06-10,491026,6,445060,R,514888,R,41,Single,2,2,170610_214553,ceb8a95f-6bd5-488f-a988-8a5790d2d689,0,1,0,D,In play- no out,SL,14,2.0,2.8,1.14,81.3,75.9,49.09,-0.76,50.0,5.77,0.86,1.63,0.05,-3.97,3.78,-118.24,-1.66,0.07,19.77,-37.86,1.2,10.8,24.0,2404,5,,,,514888,,,0,0,-2,bottom
2017-06-10,491026,6,445060,R,621043,R,42,Grounded Into DP,5,1,170610_214630,01e3ec00-2bf8-44bd-9c95-ba1f81978452,0,0,0,S,Swinging Strike,SL,14,2.0,3.46,1.49,80.8,75.0,92.94,-0.92,50.0,5.67,1.02,1.22,-0.58,1.28,4.67,-117.38,-3.84,-0.81,20.42,-30.37,0.0,8.4,24.0,2326,180,514888,,,,,,0,2,-2,bottom
2017-06-10,491026,6,445060,R,621043,R,42,Grounded Into DP,5,2,170610_214659,12cecf71-6159-4915-abc7-41bc6893ee6d,0,1,0,B,Ball,SL,14,2.0,3.59,1.6,81.6,75.5,42.0,-0.82,50.0,5.79,0.95,0.95,-0.2,2.59,4.2,-118.37,-5.24,-0.28,21.35,-28.47,1.2,8.4,24.0,2435,163,514888,,,,,,0,2,-2,bottom
2017-06-10,491026,6,445060,R,621043,R,42,Grounded Into DP,5,3,170610_214739,9e8da2b2-f4f9-42ad-ac06-9112e7397d45,1,2,0,F,Foul,FT,13,2.0,3.46,1.49,89.7,82.5,60.28,-0.69,50.0,5.64,-0.75,1.83,-12.12,4.98,3.89,-130.27,-5.24,-20.93,26.2,-23.58,39.6,7.2,24.0,1970,252,514888,,,,,,0,2,-2,bottom
2017-06-10,491026,6,445060,R,621043,R,42,Grounded Into DP,5,4,170610_214817,6c02c0b1-0dda-4a71-aced-f716694b1cac,1,2,0,X,In play- out(s),FT,4,2.0,3.46,1.49,90.1,82.4,45.63,-0.95,50.0,5.69,-0.49,2.4,-10.18,4.21,4.6,-130.84,-3.68,-17.63,27.82,-24.88,33.6,7.2,24.0,1880,252,514888,,,,,,0,2,-2,bottom
2017-06-10,491026,6,445060,R,136860,L,43,Double,5,1,170610_214857,60197fd3-bbea-4908-8eb7-1a6f716b30c5,0,0,2,B,Ball,FT,11,2.0,3.58,1.72,90.7,82.9,30.66,-0.97,50.0,5.62,-1.71,2.79,-10.57,1.63,1.64,-131.85,-1.74,-18.55,28.76,-29.32,31.2,8.4,24.0,1923,266,,,,,136860,,0,0,-2,bottom
2017-06-10,491026,6,445060,R,136860,L,43,Double,5,2,170610_214909,eb943237-da12-4b17-a96f-26a7d66bbc0f,1,1,2,F,Foul,FS,7,2.0,3.39,1.48,81.2,74.9,33.54,-0.97,50.0,5.74,-0.49,1.96,-9.29,-1.79,3.93,-118.02,-1.38,-13.13,22.0,-34.7,19.2,10.8,24.0,1341,287,,,,,136860,,0,0,-2,bottom
2017-06-10,491026,6,445060,R,136860,L,43,Double,5,3,170610_214934,36a8e50a-1a6a-4477-a64b-79b8cf4ada31,1,2,2,C,Called Strike,KC,11,2.0,3.42,1.63,73.6,67.2,56.73,-1.1,50.0,6.13,-0.87,2.56,8.21,-9.02,-1.75,-106.72,2.65,9.35,20.52,-42.45,12.0,15.6,24.0,2547,39,,,,,136860,,0,0,-2,bottom
2017-06-10,491026,6,445060,R,136860,L,43,Double,5,4,170610_214953,d9e4898e-ad13-4cd5-a156-bb59cea06a4d,1,2,2,F,Foul,FF,11,2.0,3.39,1.48,91.9,83.7,21.38,-0.88,50.0,5.75,-1.29,2.6,-6.44,8.41,1.1,-133.38,-5.05,-11.57,29.53,-17.07,32.4,4.8,24.0,2238,221,,,,,136860,,0,0,-2,bottom
2017-06-10,491026,6,445060,R,136860,L,43,Double,5,5,170610_215013,3a011270-f316-4c5c-b01c-06c2b307c739,1,2,2,D,In play- no out,KC,13,2.0,3.39,1.48,73.7,67.7,30.59,-1.01,50.0,6.02,-0.12,1.04,7.31,-11.01,-0.13,-107.0,0.2,8.35,20.97,-44.75,10.8,15.6,24.0,2646,31,,,,,136860,,0,0,-2,bottom
2017-06-10,491026,6,445060,R,435263,L,44,Flyout,6,1,170610_215136,8d44bd1e-b840-410e-9a77-7d564b2768b0,0,0,2,B,Ball,KC,13,2.0,3.24,1.52,73.6,67.5,96.3,-1.18,50.0,6.07,-0.99,1.32,9.73,-9.0,-2.24,-106.85,0.17,11.09,20.77,-42.44,14.4,15.6,24.0,2557,42,,136860,,,,,0,1,-2,bottom
2017-06-10,491026,6,445060,R,435263,L,44,Flyout,6,2,170610_215200,9bc9cbe4-9378-43c9-b3fa-b940cb1cfad5,1,0,2,S,Swinging Strike,KC,13,2.0,3.2,1.51,73.3,67.1,47.4,-1.1,50.0,5.98,-0.07,1.13,8.9,-10.06,-0.26,-106.33,0.33,10.02,21.17,-43.49,13.2,15.6,24.0,2523,38,,136860,,,,,0,1,-2,bottom
2017-06-10,491026,6,445060,R,435263,L,44,Flyout,6,3,170610_215229,024377a8-8488-47ed-bba0-e3bdcfcf55ef,1,1,2,B,Ball,FF,12,2.0,3.44,1.73,92.0,83.6,36.31,-0.63,50.0,6.0,0.52,4.22,-6.86,9.53,5.38,-133.4,-1.86,-12.36,28.84,-15.0,36.0,4.8,24.0,2191,215,,136860,,,,,0,1,-2,bottom
2017-06-10,491026,6,445060,R,435263,L,44,Flyout,6,4,170610_215256,df8841c3-f23f-4dc6-8013-239c18e39a55,2,1,2,B,Ball,FT,11,2.0,3.35,1.54,91.7,84.3,34.27,-1.13,50.0,5.6,-1.69,2.93,-10.18,3.0,2.01,-133.26,-1.97,-18.4,27.12,-26.76,33.6,7.2,24.0,2053,257,,136860,,,,,0,1,-2,bottom
2017-06-10,491026,6,445060,R,435263,L,44,Flyout,6,5,170610_215323,328e688c-2a58-4da0-9513-5090e84fab9b,3,2,2,C,Called Strike,KC,13,2.0,3.36,1.48,73.8,67.3,59.46,-1.15,50.0,6.07,-0.74,1.99,9.56,-10.1,-1.74,-107.0,1.85,10.89,21.49,-43.67,13.2,15.6,24.0,2556,40,,136860,,,,,0,1,-2,bottom
2017-06-10,491026,6,445060,R,435263,L,44,Flyout,6,6,170610_215348,795297f6-42ea-46e2-8adc-c6fd95b92b5c,3,2,2,X,In play- out(s),SL,14,2.0,3.2,1.51,81.2,75.3,45.28,-1.14,50.0,5.58,0.37,1.18,3.34,-4.98,2.51,-117.97,-1.87,4.73,21.51,-39.22,7.2,10.8,24.0,2416,31,,136860,,,,,0,1,-2,bottom
2017-06-10,491026,7,445060,R,503556,L,48,Groundout,4,1,170610_220453,1d320e15-93c1-4514-a488-47790817e1a7,0,0,0,B,Ball,KC,14,2.0,3.41,1.59,73.0,66.3,89.73,-1.07,50.0,6.13,0.83,1.74,8.69,-8.08,1.61,-105.81,0.86,9.63,21.96,-41.12,13.2,15.6,24.0,2702,44,,,,,,,0,1,-2,bottom
2017-06-10,491026,7,445060,R,503556,L,48,Groundout,4,2,170610_220516,8a6f52f0-a5f7-48e4-97c1-3bea90a90564,1,1,0,C,Called Strike,FS,1,2.0,3.5,1.34,79.8,73.3,35.5,-0.93,50.0,5.9,-0.32,3.44,-6.44,3.23,3.31,-115.86,0.43,-8.79,20.74,-27.76,16.8,8.4,24.0,1401,248,,,,,,,0,1,-2,bottom
2017-06-10,491026,7,445060,R,503556,L,48,Groundout,4,3,170610_220539,86a87fc7-c22b-488e-a02c-3ee628fec1bd,1,1,0,S,Swinging Strike,FS,14,2.0,3.43,1.48,81.2,74.5,54.67,-0.88,50.0,5.64,0.87,1.36,-8.26,4.85,6.54,-117.66,-4.51,-11.59,22.01,-25.37,21.6,8.4,24.0,1341,245,,,,,,,0,1,-2,bottom
2017-06-10,491026,7,445060,R,503556,L,48,Groundout,4,4,170610_220609,1629bf18-f128-4671-b566-a7c1bf6cf9dd,1,2,0,X,In play- out(s),FS,13,2.0,3.43,1.48,80.5,74.0,52.33,-1.06,50.0,5.65,-0.8,1.36,-7.78,3.95,2.93,-116.79,-4.11,-10.76,21.78,-26.71,20.4,8.4,24.0,1319,250,,,,,,,0,1,-2,bottom
2017-06-10,491026,7,445060,R,493329,R,49,Single,4,1,170610_220643,7ab9c0e3-2d56-45a5-8838-8b70fce32648,0,0,1,B,Ball,FT,14,2.0,3.53,1.65,92.0,83.9,51.75,-0.48,50.0,5.61,0.68,0.87,-12.64,5.3,7.38,-133.11,-8.12,-22.61,29.33,-22.69,40.8,7.2,24.0,2115,253,,,,493329,,,0,0,-2,bottom
2017-06-10,491026,7,445060,R,493329,R,49,Single,4,2,170610_220657,19fdd025-a2f8-4e81-aaa2-7404002b200a,1,0,1,B,Ball,FT,14,2.0,3.51,1.61,91.6,83.6,56.09,-0.61,50.0,5.46,1.11,1.19,-11.52,6.01,8.42,-132.58,-7.07,-20.49,28.51,-21.49,39.6,7.2,24.0,2035,247,,,,493329,,,0,0,-2,bottom
2017-06-10,491026,7,445060,R,493329,R,49,Single,4,3,170610_220715,0fbe8ecb-53b7-408f-8b37-d3d7d979e898,2,1,1,C,Called Strike,FT,14,2.0,3.52,1.67,92.8,84.4,62.55,-0.71,50.0,5.64,1.06,2.26,-12.23,4.84,8.91,-134.33,-4.55,-22.28,29.87,-23.36,39.6,7.2,24.0,2084,252,,,,493329,,,0,0,-2,bottom
2017-06-10,491026,7,445060,R,493329,R,49,Single,4,4,170610_220738,919587c0-9327-4677-b39c-a31d27137568,2,1,1,D,In play- no out,SL,9,2.0,3.26,1.4,81.7,75.2,54.27,-1.01,50.0,5.76,0.67,1.54,0.26,-1.27,3.85,-118.65,-2.65,0.38,22.71,-33.98,1.2,9.6,24.0,2420,18,,,,493329,,,0,0,-2,bottom
2017-06-10,491026,7,445060,R,608324,R,50,Lineout,3,1,170610_220854,a7d66d6a-2a44-4574-a240-ef2558fdf1b8,0,0,1,S,Swinging Strike,SL,14,2.0,3.08,1.3,81.6,75.3,87.28,-0.98,50.0,5.65,0.67,1.1,1.08,-1.8,3.54,-118.45,-3.23,1.53,22.36,-34.74,3.6,9.6,24.0,2431,26,493329,,,545350,,,0,1,-2,bottom
2017-06-10,491026,7,445060,R,608324,R,50,Lineout,3,2,170610_220932,bdec42bc-3ced-45d7-9198-892fe197a9ae,0,1,1,X,In play- out(s),FT,4,2.0,3.08,1.3,90.2,82.7,37.31,-0.54,50.0,5.76,-0.39,2.13,-10.98,4.56,4.1,-131.01,-4.7,-19.11,27.35,-24.23,36.0,7.2,24.0,2035,252,493329,,,545350,,,0,1,-2,bottom
2017-06-10,491026,7,445060,R,543807,R,51,Caught Stealing 2B,6,1,170610_221148,ddc31fc6-0958-418f-bd42-ad773fc5804e,0,1,2,C,Called Strike,FT,14,2.0,3.66,1.56,91.3,83.5,66.99,-0.43,50.0,5.65,0.73,1.78,-11.37,6.0,6.91,-132.36,-5.98,-20.18,28.14,-21.53,39.6,7.2,24.0,2080,246,545350,,,,,,0,1,-2,bottom
2017-06-10,491026,7,445060,R,543807,R,51,Caught Stealing 2B,6,2,170610_221216,18a29a4a-f5e4-4b24-acf2-084f39162168,0,1,2,B,Ball,FF,14,2.0,3.54,1.66,90.9,83.0,40.72,-0.54,50.0,5.73,1.42,1.39,-7.45,9.4,7.61,-131.56,-8.25,-13.07,27.72,-15.69,33.6,4.8,24.0,2058,220,545350,,,,,,0,1,-2,bottom
2017-06-10,491026,7,445060,R,543807,R,51,Caught Stealing 2B,6,3,170610_221248,1df9c45f-74f4-446a-b5cb-b07157d62f19,1,1,2,S,Swinging Strike,SL,14,2.0,3.52,1.47,83.1,75.8,60.08,-0.9,50.0,5.69,0.84,1.36,0.27,-0.76,4.02,-120.45,-3.23,0.39,25.52,-33.28,2.4,9.6,24.0,2370,21,545350,,,,,,0,1,-2,bottom
2017-06-15,491092,1,445060,R,593160,R,0,Single,2,1,170616_020827,67e690bc-84bf-4088-85ea-e98e60bb4f87,0,1,0,C,Called Strike,FT,14,2.0,3.41,1.71,90.0,82.8,67.36,-0.78,50.0,5.93,0.76,1.9,-8.73,6.88,6.9,-130.42,-6.5,-15.15,25.5,-20.24,32.4,6.0,24.0,2092,235,,,,593160,,,0,0,0,top
2017-06-15,491092,1,445060,R,593160,R,0,Single,2,2,170616_020849,d1406c80-dd8a-4739-93f7-977bd131e7cd,0,1,0,D,In play- no out,FT,9,2.0,3.27,1.37,89.6,82.6,47.12,-0.68,50.0,6.01,0.25,1.7,-9.02,5.33,5.43,-129.98,-6.62,-15.55,25.41,-22.98,31.2,7.2,24.0,2026,244,,,,593160,,,0,0,0,top
2017-06-15,491092,1,445060,R,593528,R,1,Flyout,5,1,170616_020927,5c89b36e-3522-47ad-a14a-e7f990f8089d,0,0,0,B,Ball,FT,14,2.0,3.31,1.81,89.5,82.9,75.81,-0.55,50.0,6.0,1.03,1.43,-7.64,6.09,6.62,-129.75,-7.58,-13.2,23.61,-21.64,27.6,6.0,24.0,2029,235,593160,,,593160,,,0,1,0,top
2017-06-15,491092,1,445060,R,593528,R,1,Flyout,5,2,170616_021008,7e9223ae-e47f-4686-8dc6-6a22b1e4eda2,1,0,0,S,Swinging Strike,SL,14,2.0,3.59,1.36,80.9,74.9,55.26,-0.97,50.0,6.04,0.53,1.19,1.12,1.12,3.16,-117.44,-4.7,1.57,21.31,-30.6,3.6,9.6,24.0,2439,80,593160,,,593160,,,0,1,0,top
2017-06-15,491092,1,445060,R,593528,R,1,Flyout,5,3,170616_021031,26bdee94-8bd3-49e5-ac80-be716b58550b,1,1,0,S,Swinging Strike,SL,9,2.0,3.59,1.36,80.8,75.4,43.67,-0.92,50.0,6.08,0.51,1.59,0.57,-2.46,3.16,-117.53,-2.82,0.81,19.72,-35.65,2.4,10.8,24.0,2367,15,593160,,,593160,,,0,1,0,top
2017-06-15,491092,1,445060,R,593528,R,1,Flyout,5,4,170616_021104,ae7c7b0d-decb-499c-a0fc-9b6f551b5f92,1,2,0,X,In play- out(s),SL,14,2.0,3.59,1.36,80.5,74.9,46.57,-0.63,50.0,6.13,0.92,2.19,2.03,-1.46,3.0,-117.03,-1.77,2.84,19.6,-34.22,6.0,9.6,24.0,2416,45,593160,,,593160,,,0,1,0,top
2017-06-15,491092,1,445060,R,456715,R,2,Flyout,4,1,170616_021225,ef7119af-19bc-424d-9add-b4132fe8f3c9,0,0,1,B,Ball,FT,14,2.0,3.84,1.87,89.9,82.7,56.59,-0.56,50.0,5.89,1.14,1.24,-7.43,8.26,6.86,-130.22,-8.52,-12.85,25.53,-17.89,31.2,4.8,24.0,2051,225,593160,,,593160,,,0,1,0,top
2017-06-15,491092,1,445060,R,456715,R,2,Flyout,4,2,170616_021305,2b8eefe6-2941-4a0d-9a1c-af66cccc56f0,1,0,1,X,In play- out(s),FT,6,2.0,3.54,1.53,89.5,82.2,49.21,-0.5,50.0,6.02,0.59,2.63,-8.38,6.12,5.61,-129.84,-4.5,-14.39,25.5,-21.66,31.2,6.0,24.0,1887,237,593160,,,593160,,,0,1,0,top
2017-06-15,491092,1,445060,R,543333,L,3,Walk,4,1,170616_021341,e53ff099-4642-4324-8707-7b677d7b7d7b,0,0,2,B,Ball,FT,13,2.0,3.74,1.8,90.9,84.0,48.44,-0.63,50.0,5.82,-0.59,1.11,-8.43,6.8,2.96,-131.83,-8.47,-14.97,25.55,-20.1,33.6,6.0,24.0,2038,236,593160,,,543333,593160,,0,0,0,top
2017-06-15,491092,1,445060,R,543333,L,3,Walk,4,2,170616_021406,8bca2a62-c9a1-44a3-b3ec-e6e3cf304044,1,0,2,B,Ball,FS,13,2.0,3.77,1.8,80.9,75.4,48.53,-1.09,50.0,5.83,-1.16,2.09,-6.95,1.14,1.95,-117.61,-2.22,-9.89,19.09,-30.55,16.8,9.6,24.0,1472,268,593160,,,543333,593160,,0,0,0,top
2017-06-15,491092,1,445060,R,543333,L,3,Walk,4,3,170616_021432,c4aa61fc-f1f0-412a-96c5-b2b2c96014ec,2,0,2,B,Ball,FT,13,2.0,3.74,1.79,89.6,82.8,60.18,-0.67,50.0,5.96,-1.16,2.32,-10.15,1.89,2.14,-130.21,-3.8,-17.57,25.25,-28.91,30.0,8.4,24.0,1899,265,593160,,,543333,593160,,0,0,0,top
2017-06-15,491092,1,445060,R,543333,L,3,Walk,4,4,170616_021459,f4010ead-ab4a-4ba6-9d73-2e79f59789a1,3,0,2,B,Ball,FF,14,2.0,3.81,1.84,91.4,84.2,65.7,-0.54,50.0,5.88,0.72,1.62,-4.05,9.21,4.7,-132.54,-8.22,-7.27,25.78,-15.63,20.4,3.6,24.0,2044,204,593160,,,543333,593160,,0,0,0,top
2017-06-15,491092,1,445060,R,521692,R,4,Strikeout,3,1,170616_021541,194aa57b-2ab8-4a4d-87f9-294351affaa8,0,1,2,F,Foul,SL,14,2.0,3.39,1.4,82.6,76.1,88.17,-0.71,50.0,5.93,1.18,1.52,3.57,-2.78,3.37,-119.9,-2.78,5.19,23.31,-36.23,8.4,10.8,24.0,2274,45,543333,593160,,,,,0,1,0,top
2017-06-15,491092,1,445060,R,521692,R,4,Strikeout,3,2,170616_021616,5a484a65-52d5-4295-943c-b50e4116b6f2,0,2,2,F,Foul,SL,2,2.0,3.39,1.4,80.4,74.3,21.1,-0.89,50.0,6.15,0.01,2.85,3.7,-3.5,0.99,-116.79,0.37,5.14,20.89,-37.03,8.4,10.8,24.0,2288,42,543333,593160,,,,,0,1,0,top
2017-06-15,491092,1,445060,R,521692,R,4,Strikeout,3,3,170616_021642,5ccae35b-db73-45d2-8137-54141802bb4b,0,2,2,S,Swinging Strike,FF,12,2.0,3.39,1.4,92.2,84.0,24.94,-0.48,50.0,6.09,1.32,2.84,-3.56,11.2,5.95,-133.62,-6.31,-6.44,28.85,-11.94,21.6,3.6,24.0,2065,196,543333,593160,,,,,0,1,0,top
2017-06-15,491092,2,445060,R,519058,L,9,Groundout,5,1,170616_022654,7f10ca42-44cb-4975-bd80-396f804db900,0,1,0,C,Called Strike,FT,8,2.0,3.48,1.64,89.0,82.4,40.1,-0.71,50.0,5.92,-0.02,1.95,-7.61,7.12,4.33,-129.27,-6.31,-13.05,23.78,-19.97,30.0,6.0,24.0,1964,230,,,,,,,0,1,1,top
2017-06-15,491092,2,445060,R,519058,L,9,Groundout,5,2,170616_022708,ab0da433-a7c6-4ed1-807d-8e6fa9342e54,0,1,0,B,Ball,FF,3,2.0,3.43,1.63,89.7,82.6,50.71,-0.61,50.0,6.14,0.69,2.84,-4.75,9.99,4.94,-130.15,-5.64,-8.23,24.85,-14.87,25.2,3.6,24.0,2224,205,,,,,,,0,1,1,top
2017-06-15,491092,2,445060,R,519058,L,9,Groundout,5,3,170616_022725,5578ef27-7613-480a-9afc-1bb70ae94be8,1,2,0,F,Foul,FS,7,2.0,3.24,1.4,82.0,76.4,38.28,-1.04,50.0,5.95,-0.56,1.92,-7.11,3.08,3.33,-119.19,-3.7,-10.4,19.41,-27.67,19.2,8.4,24.0,1466,253,,,,,,,0,1,1,top
2017-06-15,491092,2,445060,R,519058,L,9,Groundout,5,4,170616_022755,465932cd-a276-4441-9fa7-32a6b1c717e8,1,2,0,F,Foul,FF,13,2.0,3.24,1.4,91.8,83.9,46.97,-0.77,50.0,5.97,-0.75,2.14,-5.13,10.05,1.81,-133.2,-7.4,-9.22,28.48,-14.1,30.0,3.6,24.0,2390,209,,,,,,,0,1,1,top
2017-06-15,491092,2,445060,R,519058,L,9,Groundout,5,5,170616_022816,e9022e75-d239-415c-a6a9-147fc0babf62,1,2,0,X,In play- out(s),KC,7,2.0,3.24,1.4,73.6,68.0,53.87,-1.14,50.0,6.25,-0.6,1.94,7.56,-9.47,-0.92,-106.91,1.14,8.7,19.27,-43.08,10.8,15.6,24.0,2664,35,,,,,,,0,1,1,top
2017-06-15,491092,2,445060,R,444876,R,10,Single,1,1,170616_022856,26559b78-8ad3-47fa-b035-8519a1521753,0,0,1,D,In play- no out,FT,2,2.0,3.2,1.35,92.0,84.2,39.36,-0.62,50.0,5.9,-0.12,2.65,-9.8,5.33,4.66,-133.49,-4.28,-17.72,28.12,-22.54,36.0,6.0,24.0,2135,245,,,,444876,,,0,0,1,top
2017-06-15,491092,2,445060,R,461235,L,11,Flyout,1,1,170616_022944,03c75b3c-944c-4576-af14-acca26a741de,0,0,1,X,In play- out(s),FT,7,2.0,3.16,1.36,90.5,83.3,58.95,-0.93,50.0,5.8,-0.64,1.78,-8.03,5.45,3.48,-131.33,-6.11,-14.12,26.12,-22.59,30.0,6.0,24.0,2027,241,444876,,,444876,,,0,1,1,top
2017-06-15,491092,2,445060,R,460086,L,12,Double,2,1,170616_023017,84dfbe15-bb57-4987-a7e6-8ac638825f72,0,0,2,B,Ball,FT,13,2.0,3.31,1.54,89.8,82.7,76.36,-0.67,50.0,5.92,-0.86,1.16,-9.7,4.94,2.74,-130.25,-7.68,-16.74,26.17,-23.65,32.4,7.2,24.0,1956,250,444876,,,,460086,,1,0,1,top
2017-06-15,491092,2,445060,R,460086,L,12,Double,2,2,170616_023049,733a79ce-7ea7-4582-ba13-14e51beb3e76,1,0,2,E,In play- run(s),FF,1,2.0,3.1,1.34,91.3,83.7,42.01,-0.71,50.0,6.0,-0.38,2.63,-4.7,8.26,2.47,-132.51,-5.52,-8.4,27.21,-17.42,22.8,4.8,24.0,2119,212,444876,,,,460086,,1,0,1,top
2017-06-15,491092,2,445060,R,593160,R,13,Double,2,1,170616_023132,8cb52e46-0e5c-48a0-9954-7eb121b113a6,0,0,2,B,Ball,SL,14,2.0,3.36,1.57,81.9,75.4,83.11,-0.72,50.0,6.0,1.12,1.94,3.4,-1.26,3.27,-118.84,-2.27,4.86,22.75,-33.98,8.4,9.6,24.0,2353,58,,460086,,,593160,,1,0,0,top
2017-06-15,491092,2,445060,R,593160,R,13,Double,2,2,170616_023155,52ae740a-100e-46dc-9ee0-56d19d6ab6c0,1,0,2,E,In play- run(s),SL,9,2.0,3.27,1.37,81.8,75.5,30.7,-0.83,50.0,6.05,0.32,1.94,4.02,-3.34,1.48,-118.82,-1.78,5.75,22.45,-36.96,9.6,10.8,24.0,2414,44,,460086,,,593160,,1,0,0,top
2017-06-15,491092,2,445060,R,593528,R,14,Groundout,1,1,170616_023240,9d7d5b1e-acb1-48d6-a298-5d42fb5a5928,0,0,2,X,In play- out(s),FT,5,2.0,3.59,1.36,91.3,84.2,35.03,-0.62,50.0,5.87,0.18,2.51,-8.94,5.37,5.17,-132.57,-4.53,-16.07,25.68,-22.53,32.4,6.0,24.0,1976,242,,593160,,,,,0,1,-1,top
2017-06-15,491092,3,445060,R,456715,R,19,Home Run,1,1,170616_024429,8147d081-a545-42a1-9ca7-bc5ffb73f185,0,0,0,E,In play- run(s),SL,6,2.0,3.54,1.53,81.8,75.2,63.63,-0.96,50.0,6.16,0.46,2.71,2.66,-2.53,2.52,-118.69,-0.46,3.79,22.6,-35.78,7.2,10.8,24.0,2387,41,,,,,,,1,0,-1,top
2017-06-15,491092,3,445060,R,543333,L,20,Groundout,3,1,170616_024505,68443fdc-c675-40fd-9c4b-16dd94623cdd,0,0,0,B,Ball,KC,11,2.0,3.76,1.71,72.4,66.0,58.31,-1.36,50.0,6.66,-2.57,4.82,9.93,-7.43,-5.16,-104.53,6.0,10.97,17.94,-40.37,14.4,14.4,24.0,2543,50,,,,,,,0,1,-2,top
2017-06-15,491092,3,445060,R,543333,L,20,Groundout,3,2,170616_024517,380a19a5-acb0-40d0-b22e-490e4c115af3,1,1,0,C,Called Strike,FT,13,2.0,3.79,1.82,90.8,84.1,61.95,-1.14,50.0,5.83,-0.76,2.11,-8.49,3.69,3.88,-131.98,-4.85,-15.15,24.97,-25.59,28.8,7.2,24.0,2019,252,,,,,,,0,1,-2,top
2017-06-15,491092,3,445060,R,543333,L,20,Groundout,3,3,170616_024535,3b2ec9aa-33b2-41b6-ad52-bb5a319e5348,1,1,0,X,In play- out(s),FF,6,2.0,3.47,1.49,90.7,83.6,32.56,-0.75,50.0,6.02,0.32,2.5,-4.07,7.92,4.18,-131.73,-5.71,-7.22,25.51,-18.12,18.0,4.8,24.0,2005,208,,,,,,,0,1,-2,top
2017-06-15,491092,3,445060,R,521692,R,21,Groundout,1,1,170616_024610,a20d57ef-b530-470a-974f-cba69261d1eb,0,0,1,X,In play- out(s),FT,4,2.0,3.39,1.4,91.5,84.4,41.0,-0.73,50.0,5.92,-0.26,2.62,-9.01,3.85,4.32,-132.92,-3.91,-16.27,25.96,-25.22,31.2,7.2,24.0,2098,251,,,,,,,0,1,-2,top
2017-06-15,491092,3,445060,R,519058,L,22,Walk,5,1,170616_024648,8989ed65-bf48-4339-a891-0e80854814bc,0,0,2,B,Ball,FF,12,2.0,3.58,1.57,92.1,84.3,66.38,-0.7,50.0,6.2,0.34,3.87,-3.48,9.07,3.95,-133.68,-3.21,-6.32,27.54,-15.68,19.2,3.6,24.0,2172,200,,,,519058,,,0,0,-2,top
2017-06-15,491092,3,445060,R,519058,L,22,Walk,5,2,170616_024701,d7b7b274-1966-45f7-a251-9e90337eb8fe,1,0,2,B,Ball,FS,14,2.0,3.53,1.65,82.2,76.4,35.13,-0.89,50.0,5.89,0.68,1.19,-6.99,2.64,5.87,-119.3,-5.16,-10.21,20.16,-28.31,18.0,8.4,24.0,1379,257,,,,519058,,,0,0,-2,top
2017-06-15,491092,3,445060,R,519058,L,22,Walk,5,3,170616_024718,3476cb34-02c8-48c8-b84e-735a9f1bcdb2,2,0,2,B,Ball,FT,13,2.0,3.6,1.59,90.7,83.6,30.63,-0.95,50.0,5.87,-2.23,2.21,-8.99,4.14,-0.29,-131.87,-4.8,-15.9,26.84,-24.86,31.2,7.2,24.0,1962,252,,,,519058,,,0,0,-2,top
2017-06-15,491092,3,445060,R,519058,L,22,Walk,5,4,170616_024735,e5259b07-918b-4b19-b43f-c28eef28bbec,3,1,2,F,Foul,FT,5,2.0,3.24,1.4,91.2,84.3,34.83,-0.7,50.0,5.79,-0.16,2.21,-8.8,4.92,4.43,-132.44,-4.95,-15.81,25.25,-23.33,31.2,6.0,24.0,2074,245,,,,519058,,,0,0,-2,top
2017-06-15,491092,3,445060,R,519058,L,22,Walk,5,5,170616_024807,36123138-a447-462c-857f-10cb4f239b98,3,1,2,B,Ball,FF,11,2.0,3.47,1.6,91.9,84.7,31.65,-0.97,50.0,6.04,-1.35,3.1,-4.29,7.38,0.47,-133.48,-4.24,-7.82,25.88,-18.71,21.6,4.8,24.0,2027,213,,,,519058,,,0,0,-2,top
2017-06-15,491092,3,445060,R,444876,R,23,Double,3,1,170616_024839,90fd019e-775c-4beb-a035-2effbc0ba4f1,0,1,2,C,Called Strike,SL,9,2.0,3.52,1.7,80.9,75.1,82.91,-0.78,50.0,6.05,0.64,1.73,2.3,-3.51,2.6,-117.62,-2.09,3.25,20.98,-37.12,6.0,10.8,24.0,,30,519058,,,,444876,519058,0,0,-2,top
2017-06-15,491092,3,445060,R,444876,R,23,Double,3,2,170616_024859,93c9d732-6706-4a5a-b55c-f4c9e9700640,0,1,2,B,Ball,SL,14,2.0,3.42,1.66,81.6,75.7,58.48,-0.68,50.0,6.05,1.03,1.65,2.25,-1.57,3.31,-118.49,-2.99,3.22,20.95,-34.42,6.0,9.6,24.0,2395,44,519058,,,,444876,519058,0,0,-2,top
2017-06-15,491092,3,445060,R,444876,R,23,Double,3,3,170616_024959,37217e74-79d8-4d76-aa6b-4e7c93ce382b,1,1,2,D,In play- no out,FT,11,2.0,3.2,1.35,90.7,83.6,49.97,-0.74,50.0,5.92,-0.74,2.37,-9.16,3.89,3.12,-131.7,-4.43,-16.23,25.74,-25.28,31.2,7.2,24.0,1947,252,519058,,,,444876,519058,0,0,-2,top
2017-06-15,491092,3,445060,R,461235,L,24,Strikeout,4,1,170616_025103,2cd7d0f0-ece1-4d1d-a7b7-c31cf1180d42,0,0,2,B,Ball,FS,11,2.0,3.31,1.51,81.4,75.5,64.64,-1.29,50.0,5.96,-1.45,2.6,-6.75,-0.29,1.7,-118.27,-0.94,-9.68,19.97,-32.59,15.6,9.6,24.0,1220,279,,444876,519058,,,,0,1,-2,top
2017-06-15,491092,3,445060,R,461235,L,24,Strikeout,4,2,170616_025133,1d189f42-54a8-47fb-bdc5-1e9c8f59c208,1,0,2,S,Swinging Strike,FS,4,2.0,3.16,1.36,82.2,76.2,18.56,-0.82,50.0,6.0,-0.35,2.2,-6.71,2.55,3.19,-119.4,-3.02,-9.81,20.48,-28.45,18.0,8.4,24.0,1345,257,,444876,519058,,,,0,1,-2,top
2017-06-15,491092,3,445060,R,461235,L,24,Strikeout,4,3,170616_025154,5ed0085e-ab3b-4fa5-91c9-430ac1345413,1,2,2,F,Foul,FF,2,2.0,3.16,1.36,92.3,84.7,30.23,-0.63,50.0,6.0,-0.1,2.74,-3.76,8.66,2.7,-133.95,-5.56,-6.88,27.2,-16.33,20.4,3.6,24.0,2184,205,,444876,519058,,,,0,1,-2,top
2017-06-15,491092,3,445060,R,461235,L,24,Strikeout,4,4,170616_025230,a29c5933-99db-419f-bacc-c7374d33395a,1,2,2,S,Swinging Strike,FS,11,2.0,3.16,1.36,82.2,75.4,48.79,-1.2,50.0,5.88,-1.2,2.74,-5.64,2.43,1.73,-119.35,-1.32,-8.16,22.49,-28.66,15.6,8.4,24.0,1148,255,,444876,519058,,,,0,1,-2,top
2017-06-15,491092,4,445060,R,460086,L,29,Home Run,7,1,170616_030503,1ccf790c-2ebb-45da-af76-cb57a210482a,0,0,0,B,Ball,KC,14,2.0,3.28,1.58,72.8,67.5,87.36,-0.9,50.0,6.34,0.98,1.87,7.66,-6.51,1.86,-105.79,0.15,8.66,18.35,-39.54,13.2,14.4,24.0,2573,46,,,,,,,1,0,-2,top
2017-06-15,491092,4,445060,R,460086,L,29,Home Run,7,2,170616_030516,0ebbcdd6-2e9a-4aea-889b-4522eab6eb99,1,1,0,C,Called Strike,FS,6,2.0,3.29,1.58,80.9,75.2,23.51,-0.78,50.0,5.99,0.31,2.68,-6.8,1.22,4.61,-117.59,-1.21,-9.67,19.07,-30.44,16.8,9.6,24.0,1358,266,,,,,,,1,0,-2,top
2017-06-15,491092,4,445060,R,460086,L,29,Home Run,7,3,170616_030530,225c57f0-254d-4222-af9a-246bb0ecd904,1,1,0,B,Ball,FF,14,2.0,3.27,1.57,89.8,82.8,65.17,-0.52,50.0,5.88,1.04,1.49,-4.6,10.03,5.57,-130.23,-8.48,-7.97,24.9,-14.78,22.8,3.6,24.0,2163,205,,,,,,,1,0,-2,top
2017-06-15,491092,4,445060,R,460086,L,29,Home Run,7,4,170616_030543,774103b9-a415-46e6-8224-04cc4b5ad548,2,1,0,B,Ball,FT,13,2.0,3.31,1.62,88.5,82.3,55.04,-0.87,50.0,5.75,-0.9,1.07,-9.31,4.58,3.02,-128.53,-7.16,-15.8,23.06,-24.4,31.2,7.2,24.0,1923,250,,,,,,,1,0,-2,top
2017-06-15,491092,4,445060,R,460086,L,29,Home Run,7,5,170616_030604,3ea0db4d-f642-434d-a17d-8e275215e6c9,3,2,0,F,Foul,FF,12,2.0,3.1,1.34,91.5,84.4,62.89,-0.69,50.0,5.89,1.0,2.86,-6.34,7.75,6.62,-132.81,-4.52,-11.45,25.33,-18.18,28.8,4.8,24.0,2088,220,,,,,,,1,0,-2,top
2017-06-15,491092,4,445060,R,460086,L,29,Home Run,7,6,170616_030624,542a1f26-e86c-4621-9de8-d0d3fd61a981,3,2,0,F,Foul,FF,14,2.0,3.1,1.34,91.0,83.9,59.11,-0.65,50.0,5.82,0.78,1.53,-4.0,8.19,5.09,-132.01,-7.86,-7.13,25.65,-17.58,18.0,4.8,24.0,2134,207,,,,,,,1,0,-2,top
2017-06-15,491092,4,445060,R,460086,L,29,Home Run,7,7,170616_030713,cef2e128-cc76-4498-a6ca-18c079231e88,3,2,0,E,In play- run(s),FT,4,2.0,3.1,1.34,90.6,84.2,50.3,-0.84,50.0,5.85,-0.62,2.42,-7.35,3.63,3.06,-131.7,-4.06,-13.12,23.7,-25.7,25.2,7.2,24.0,1954,249,,,,,,,1,0,-2,top
2017-06-15,491092,4,445060,R,593160,R,30,Strikeout,5,1,170616_030750,deb65446-3a7a-4a67-961d-7ebeb44caece,0,1,0,C,Called Strike,SL,12,2.0,3.19,1.52,81.1,75.2,77.52,-0.82,50.0,6.12,1.12,2.57,1.81,-1.34,3.98,-117.75,-0.97,2.57,20.41,-34.07,4.8,9.6,24.0,2346,46,,,,,,,0,1,-3,top
2017-06-15,491092,4,445060,R,593160,R,30,Strikeout,5,2,170616_030805,dc462e47-4594-4e84-a89c-a67246ae1c6b,0,1,0,B,Ball,FF,14,2.0,3.44,1.61,91.3,83.5,62.74,-0.49,50.0,5.86,1.18,1.59,-6.65,8.89,6.61,-132.32,-8.01,-11.81,27.89,-16.4,30.0,4.8,24.0,2274,219,,,,,,,0,1,-3,top
2017-06-15,491092,4,445060,R,593160,R,30,Strikeout,5,3,170616_030820,ab434efe-8dec-4dd9-b0d1-b9f8f89030b3,1,1,0,B,Ball,FT,14,2.0,3.37,1.58,91.3,83.5,33.64,-0.47,50.0,5.84,1.29,2.03,-9.84,6.26,7.94,-132.23,-5.93,-17.48,27.46,-21.07,36.0,6.0,24.0,2038,241,,,,,,,0,1,-3,top
2017-06-15,491092,4,445060,R,593160,R,30,Strikeout,5,4,170616_030838,6ba7e3e8-4020-458a-be43-45db10a6f028,2,2,0,F,Foul,SL,12,2.0,3.27,1.37,82.6,76.7,46.2,-0.76,50.0,6.05,1.21,2.36,3.51,-2.33,3.59,-120.05,-1.3,5.17,21.11,-35.61,9.6,9.6,24.0,2477,51,,,,,,,0,1,-3,top
2017-06-15,491092,4,445060,R,593160,R,30,Strikeout,5,5,170616_030903,fd724b34-71ab-4f40-9ac9-d01349cf188a,2,2,0,S,Swinging Strike,FS,14,2.0,3.27,1.37,82.5,76.6,47.32,-0.79,50.0,5.86,0.75,1.59,-5.03,1.94,5.21,-119.79,-3.99,-7.39,20.48,-29.33,12.0,8.4,24.0,1297,260,,,,,,,0,1,-3,top
2017-06-15,491092,4,445060,R,593528,R,31,Groundout,1,1,170616_030942,65017abc-deed-49c5-b68c-df7fc131f9fd,0,0,1,X,In play- out(s),FF,5,2.0,3.59,1.36,91.5,84.0,42.92,-0.65,50.0,5.85,0.2,2.51,-5.72,7.47,4.19,-132.79,-5.2,-10.28,26.78,-18.75,25.2,4.8,24.0,1934,219,,,,,,,0,1,-3,top
2017-06-15,491092,4,445060,R,456715,R,32,Groundout,2,1,170616_031016,7d8b45d3-9735-4a7f-8532-53beecc17f14,0,0,2,B,Ball,SL,14,2.0,3.77,1.86,83.3,77.3,55.19,-0.72,50.0,5.92,1.39,1.35,1.03,-2.42,4.72,-120.96,-3.48,1.53,22.14,-35.78,3.6,9.6,24.0,2239,24,,,,,,,0,1,-3,top
2017-06-15,491092,4,445060,R,456715,R,32,Groundout,2,2,170616_031035,4149b855-2945-464d-aa2b-f53c917ea167,1,0,2,X,In play- out(s),FT,6,2.0,3.54,1.53,91.5,83.9,36.35,-0.61,50.0,5.88,0.26,2.27,-9.41,5.06,5.49,-132.69,-5.07,-16.84,27.52,-23.13,33.6,6.0,24.0,1989,246,,,,,,,0,1,-3,top
2017-06-15,491092,5,445060,R,543333,L,36,Groundout,2,1,170616_031909,7f4d13d3-a0a2-4c1f-8d93-a70ff59aca45,0,1,0,C,Called Strike,FS,13,2.0,3.68,1.8,82.6,76.2,92.55,-1.05,50.0,6.01,-0.8,2.52,-9.23,3.32,3.46,-119.95,-2.53,-13.56,21.47,-27.3,25.2,8.4,24.0,1530,255,,,,,,,0,1,-3,top
2017-06-15,491092,5,445060,R,543333,L,36,Groundout,2,2,170616_031925,8accb00e-1e59-4ad0-9406-4cb82300a022,0,1,0,X,In play- out(s),FF,8,2.0,3.47,1.49,89.5,82.2,35.52,-0.57,50.0,5.98,0.2,1.86,-6.06,8.33,4.02,-129.85,-7.11,-10.41,25.8,-17.87,26.4,4.8,24.0,2084,219,,,,,,,0,1,-3,top
2017-06-15,491092,5,445060,R,521692,R,37,Double,6,1,170616_032021,3bcd31a7-e367-4a3e-a744-ae5fbe613af0,0,0,1,B,Ball,FT,14,2.0,3.63,1.62,90.6,83.0,42.4,-0.46,50.0,5.88,1.62,1.79,-8.98,7.47,8.41,-131.18,-6.93,-15.7,26.76,-19.1,34.8,6.0,24.0,2155,233,,,,,521692,,0,0,-3,top
2017-06-15,491092,5,445060,R,521692,R,37,Double,6,2,170616_032034,9ccb58c4-c183-4278-bf8a-26e138eb6f26,1,0,1,B,Ball,SL,14,2.0,3.67,1.78,82.8,76.9,45.24,-0.81,50.0,5.9,1.21,1.12,2.03,-2.3,4.17,-120.27,-3.92,2.99,22.01,-35.56,6.0,9.6,24.0,2407,35,,,,,521692,,0,0,-3,top
2017-06-15,491092,5,445060,R,521692,R,37,Double,6,3,170616_032050,5dc247d6-fd00-45e7-8bdb-8d829812c13c,2,0,1,B,Ball,FT,14,2.0,3.64,1.72,90.4,83.1,29.4,-0.42,50.0,5.77,1.37,1.2,-8.37,8.74,7.45,-130.97,-8.57,-14.63,26.03,-16.9,36.0,4.8,24.0,2116,226,,,,,521692,,0,0,-3,top
2017-06-15,491092,5,445060,R,521692,R,37,Double,6,4,170616_032116,bed536de-7217-4050-bb97-4bacb19c4f7b,3,1,1,F,Foul,FT,7,2.0,3.39,1.4,90.9,83.4,51.39,-0.69,50.0,5.83,-0.41,1.82,-9.5,4.97,3.94,-131.84,-5.95,-16.78,27.22,-23.4,33.6,7.2,24.0,1983,248,,,,,521692,,0,0,-3,top
2017-06-15,491092,5,445060,R,521692,R,37,Double,6,5,170616_032136,0303ab10-4835-4230-99d6-fccc06526aac,3,2,1,F,Foul,FF,12,2.0,3.39,1.4,90.8,83.2,27.02,-0.47,50.0,5.87,1.36,2.73,-3.54,8.32,5.99,-131.73,-4.83,-6.24,26.74,-17.48,15.6,4.8,24.0,2139,201,,,,,521692,,0,0,-3,top
2017-06-15,491092,5,445060,R,521692,R,37,Double,6,6,170616_032159,eea13f62-e2fe-485e-bbb0-664127d925ae,3,2,1,D,In play- no out,SL,8,2.0,3.39,1.4,80.8,74.8,32.04,-1.2,50.0,5.87,-0.18,1.65,1.96,-4.46,1.77,-117.43,-1.53,2.75,21.35,-38.43,4.8,10.8,24.0,2304,22,,,,,521692,,0,0,-3,top
2017-06-15,491092,5,445060,R,519058,L,38,Strikeout,4,1,170616_032252,29b9436a-a59d-4685-b764-6fb0ef316fff,0,1,1,C,Called Strike,KC,1,2.0,3.3,1.53,73.6,67.3,85.66,-1.27,50.0,6.3,-0.67,3.23,9.68,-8.97,-1.36,-106.75,3.66,11.06,20.08,-42.43,14.4,15.6,24.0,2452,44,,521692,,,521692,,0,1,-3,top
2017-06-15,491092,5,445060,R,519058,L,38,Strikeout,4,2,170616_032309,154041e8-4dd9-41f8-af52-82d6073cfb56,1,1,1,*B,Ball In Dirt,FS,14,2.0,3.49,1.58,82.4,76.3,36.69,-0.83,50.0,5.63,0.83,0.31,-8.88,3.27,6.66,-119.39,-6.77,-12.91,21.39,-27.43,22.8,8.4,24.0,1436,258,,521692,,,521692,,0,1,-3,top
2017-06-15,491092,5,445060,R,519058,L,38,Strikeout,4,3,170616_032335,3ed5621f-d5de-4ea1-b786-eb40f0d48acf,1,2,1,C,Called Strike,FT,6,2.0,3.58,1.65,91.5,83.9,43.46,-0.78,50.0,5.86,0.45,2.85,-9.93,3.38,6.6,-132.66,-2.93,-17.78,26.95,-26.12,31.2,7.2,24.0,2029,255,,521692,,,521692,,0,1,-3,top
2017-06-15,491092,5,445060,R,519058,L,38,Strikeout,4,4,170616_032356,e4bce57b-02fa-48ab-90b6-4b5b0b046ed7,1,2,1,S,Swinging Strike,KC,14,2.0,3.24,1.4,74.4,68.8,66.78,-1.03,50.0,6.06,0.82,1.64,8.84,-8.31,1.5,-108.22,0.44,10.42,19.92,-41.97,14.4,14.4,24.0,2571,44,,521692,,,521692,,0,1,-3,top
2017-06-15,491092,5,445060,R,444876,R,39,Flyout,4,1,170616_032442,623f3f75-5553-4864-965e-2e925b0a4b18,1,0,2,*B,Ball In Dirt,FS,13,2.0,3.45,1.59,81.7,76.1,69.34,-1.1,50.0,5.8,-0.24,0.73,-7.27,-0.29,4.24,-118.65,-5.0,-10.47,20.42,-32.59,16.8,9.6,24.0,1488,283,,521692,,,,,0,1,-3,top
2017-06-15,491092,5,445060,R,444876,R,39,Flyout,4,2,170616_032510,f9c4249a-569f-42b5-95c6-e8ae9782546b,1,0,2,B,Ball,SL,14,2.0,3.49,1.75,81.3,75.3,40.25,-0.86,50.0,5.91,0.93,1.25,5.98,-2.75,2.37,-118.06,-3.14,8.47,21.96,-36.06,13.2,10.8,24.0,2366,58,,521692,,,,,0,1,-3,top
2017-06-15,491092,5,445060,R,444876,R,39,Flyout,4,3,170616_032539,286c59ca-0777-415a-a6fd-d192ceab1adf,2,1,2,F,Foul,FT,12,2.0,3.2,1.35,91.1,83.4,51.42,-0.81,50.0,5.7,0.79,2.34,-7.65,8.56,6.79,-132.11,-5.52,-13.58,26.97,-16.97,33.6,4.8,24.0,1972,223,,521692,,,,,0,1,-3,top
2017-06-15,491092,5,445060,R,444876,R,39,Flyout,4,4,170616_032611,9cef9c11-bdfa-46b0-a6d3-7d4f63d36ace,2,1,2,X,In play- out(s),FT,5,2.0,3.2,1.35,90.8,83.7,37.12,-0.63,50.0,5.89,-0.16,2.51,-8.59,3.62,4.15,-131.99,-3.9,-15.27,26.0,-25.74,28.8,7.2,24.0,1908,252,,521692,,,,,0,1,-3,top
2017-06-15,491092,6,445060,R,461235,L,43,Flyout,1,1,170616_033632,63c76dcf-4154-45a1-915a-264b5353b463,0,0,0,X,In play- out(s),SL,7,2.0,3.16,1.36,77.7,72.5,66.72,-1.58,50.0,5.85,-0.37,1.76,1.63,-0.55,2.24,-112.96,-1.84,2.13,18.0,-32.89,3.6,10.8,24.0,2226,51,,,,,,,0,1,-3,top
2017-06-15,491092,6,445060,R,460086,L,44,Single,2,1,170616_033704,fcbde3c9-2092-4d82-951b-6838ab316ad6,0,0,1,B,Ball,FT,13,2.0,3.21,1.57,88.6,82.0,63.04,-0.82,50.0,5.84,-1.18,2.05,-7.95,5.28,1.73,-128.69,-5.11,-13.48,23.88,-23.22,28.8,6.0,24.0,2047,242,,,,460086,,,0,0,-3,top
2017-06-15,491092,6,445060,R,460086,L,44,Single,2,2,170616_033724,42007aa0-cbc3-469f-a190-78bcbf183959,1,0,1,D,In play- no out,FT,5,2.0,3.14,1.38,89.8,82.8,33.99,-1.03,50.0,5.91,-0.09,2.08,-8.56,7.23,5.3,-130.35,-6.1,-14.86,24.97,-19.61,33.6,6.0,24.0,2076,233,,,,460086,,,0,0,-3,top
2017-06-15,491092,6,445060,R,593160,R,45,Flyout,4,1,170616_033756,95881bac-318f-4646-a79b-85dbb304b8d3,0,1,1,C,Called Strike,SL,5,2.0,3.37,1.57,81.5,75.4,49.93,-1.1,50.0,6.02,-0.08,2.34,2.72,-1.18,1.56,-118.44,-1.4,3.9,21.09,-33.87,7.2,9.6,24.0,2406,54,460086,,,460086,,,0,1,-3,top
2017-06-15,491092,6,445060,R,593160,R,45,Flyout,4,2,170616_033819,e0a8eaf9-4b78-45a1-91e9-06bacf246aba,1,1,1,*B,Ball In Dirt,FT,14,2.0,3.42,1.61,90.7,83.6,29.33,-0.57,50.0,5.7,1.52,0.77,-7.66,7.68,8.03,-131.37,-9.25,-13.49,25.79,-18.64,30.0,6.0,24.0,2073,228,460086,,,460086,,,0,1,-3,top
2017-06-15,491092,6,445060,R,593160,R,45,Flyout,4,3,170616_033937,cc6fe56b-873e-41b3-bffb-a67c5401c400,1,1,1,X,In play- out(s),FF,9,2.0,3.27,1.37,90.3,83.2,37.2,-0.53,50.0,6.02,0.24,1.89,-4.8,8.19,3.61,-131.0,-7.28,-8.4,25.48,-17.82,21.6,4.8,24.0,2057,213,460086,,,460086,,,0,1,-3,top
2017-06-15,491092,6,445060,R,593528,R,46,Forceout,4,1,170616_034014,a92cdeb0-5a89-4641-b10a-750dd4bdf08c,0,1,2,C,Called Strike,SL,14,2.0,3.3,1.89,81.2,75.5,82.37,-0.64,50.0,6.03,0.91,2.26,3.84,0.37,2.46,-118.03,-2.07,5.48,19.98,-31.65,10.8,9.6,24.0,2265,81,460086,,,,,,0,1,-3,top
2017-06-15,491092,6,445060,R,593528,R,46,Forceout,4,2,170616_034036,af2a8064-35fe-4ad6-97cb-c8a9182e0c14,1,1,2,*B,Ball In Dirt,SL,14,2.0,3.26,1.86,80.1,74.6,40.58,-0.72,50.0,5.92,1.22,0.75,3.39,-2.22,3.45,-116.35,-4.28,4.68,20.5,-35.24,8.4,10.8,24.0,2482,47,460086,,,,,,0,1,-3,top
2017-06-15,491092,6,445060,R,593528,R,46,Forceout,4,3,170616_034105,aca173e6-a63e-4ea2-a2bb-98a203aa3ada,1,1,2,B,Ball,SL,14,2.0,3.31,1.8,81.4,75.6,31.32,-0.99,50.0,5.86,0.55,1.17,1.11,-1.13,3.27,-118.26,-3.77,1.59,21.1,-33.79,3.6,9.6,24.0,2304,32,460086,,,,,,0,1,-3,top
2017-06-15,491092,6,445060,R,593528,R,46,Forceout,4,4,170616_034133,82c8c123-98c7-4d05-8535-37c63e4921aa,2,1,2,X,In play- out(s),FT,6,2.0,3.59,1.36,91.2,83.9,37.42,-0.54,50.0,5.83,0.31,2.22,-8.27,5.92,5.03,-132.35,-5.32,-14.77,26.46,-21.61,31.2,6.0,24.0,2082,238,460086,,,,,,0,1,-3,top
2017-06-15,491092,7,445060,R,456715,R,52,Single,7,1,170616_035602,c119d7c4-a9ee-4acd-a34f-91d119683812,0,1,0,C,Called Strike,SL,1,2.0,3.74,1.78,80.0,74.0,59.51,-0.93,50.0,6.14,-0.26,3.09,2.62,-2.18,0.75,-116.12,0.63,3.61,19.97,-35.18,6.0,10.8,24.0,2307,43,,,,456715,,,0,0,-2,top
2017-06-15,491092,7,445060,R,456715,R,52,Single,7,2,170616_035615,d1d209c8-84f1-4989-8760-946a4e5c65c4,0,1,0,B,Ball,FT,13,2.0,3.82,1.71,89.1,82.1,38.43,-1.15,50.0,5.82,-1.73,1.82,-10.17,3.86,1.9,-129.4,-5.23,-17.34,25.69,-25.59,32.4,7.2,24.0,2034,255,,,,456715,,,0,0,-2,top
2017-06-15,491092,7,445060,R,456715,R,52,Single,7,3,170616_035633,0723d357-8966-4188-863d-e5a327ee2c38,1,1,0,B,Ball,FT,14,2.0,3.8,1.73,88.8,81.7,46.74,-0.64,50.0,5.66,0.56,0.5,-7.72,6.62,5.61,-128.69,-9.0,-13.0,25.59,-21.03,27.6,6.0,24.0,1894,235,,,,456715,,,0,0,-2,top
2017-06-15,491092,7,445060,R,456715,R,52,Single,7,4,170616_035658,4d434379-6c59-4b8d-9801-1acf85e9451c,2,1,0,B,Ball,FF,14,2.0,3.77,1.77,91.5,84.0,59.24,-0.7,50.0,5.89,1.22,2.19,-2.89,9.97,6.02,-132.69,-7.0,-5.18,26.82,-14.29,14.4,3.6,24.0,2114,194,,,,456715,,,0,0,-2,top
2017-06-15,491092,7,445060,R,456715,R,52,Single,7,5,170616_035718,35730a39-9442-4a56-9851-0adf64243214,3,2,0,F,Foul,FT,4,2.0,3.54,1.53,90.5,83.4,48.58,-0.81,50.0,5.87,-0.63,2.42,-8.35,5.29,3.31,-131.42,-4.59,-14.73,25.62,-22.84,31.2,6.0,24.0,1995,242,,,,456715,,,0,0,-2,top
2017-06-15,491092,7,445060,R,456715,R,52,Single,7,6,170616_035747,481c3850-e338-469b-a214-3f473c54cd37,3,2,0,F,Foul,SL,4,2.0,3.54,1.53,79.1,73.5,41.61,-1.15,50.0,5.9,-0.59,2.27,1.43,-0.78,0.86,-115.02,-0.98,1.94,19.2,-33.22,3.6,9.6,24.0,2253,43,,,,456715,,,0,0,-2,top
2017-06-15,491092,7,445060,R,456715,R,52,Single,7,7,170616_035822,5c6e1ecb-98d5-4929-9d80-7f2ecd9106ee,3,2,0,D,In play- no out,FF,4,2.0,3.54,1.53,92.0,84.7,27.66,-0.86,50.0,5.85,-0.28,2.59,-3.59,7.4,2.77,-133.75,-5.12,-6.54,26.91,-18.68,16.8,4.8,24.0,2017,207,,,,456715,,,0,0,-2,top
2017-06-21,491178,1,445060,R,458731,L,4,Walk,7,1,170621_232124,52a19e2a-1dba-4911-be5e-46c193bd54c1,0,0,0,B,Ball,FT,11,2.0,2.82,1.5,90.8,83.1,29.94,-1.16,50.0,5.94,-1.33,2.23,-9.32,8.19,2.71,-131.82,-6.24,-16.41,27.81,-17.75,39.6,6.0,24.0,2025,233,,,,458731,,,0,0,0,bottom
2017-06-21,491178,1,445060,R,458731,L,4,Walk,7,2,170621_232141,f8fa22cc-f204-448c-9a08-a73fe3996076,1,0,0,B,Ball,FT,11,2.0,2.79,1.4,91.2,83.6,61.97,-1.06,50.0,5.93,-1.16,2.36,-10.74,5.48,3.38,-132.41,-5.04,-19.1,27.78,-22.43,38.4,7.2,24.0,2012,247,,,,458731,,,0,0,0,bottom
2017-06-21,491178,1,445060,R,458731,L,4,Walk,7,3,170621_232200,47f3b603-3cea-4a9d-9178-a08ee810d596,2,0,0,B,Ball,FF,11,2.0,2.74,1.34,91.2,83.3,40.74,-0.93,50.0,6.14,-0.56,3.45,-4.79,11.73,2.57,-132.28,-4.86,-8.51,27.27,-11.32,32.4,3.6,24.0,2016,203,,,,458731,,,0,0,0,bottom
2017-06-21,491178,1,445060,R,458731,L,4,Walk,7,4,170621_232217,e530d68b-d1b7-4947-a7cc-fdb668b88470,3,1,0,C,Called Strike,FF,2,2.0,2.69,1.2,90.3,82.6,36.7,-1.2,50.0,5.93,-0.1,2.57,-7.54,11.59,5.38,-131.01,-6.37,-13.15,26.93,-11.97,42.0,3.6,24.0,2027,214,,,,458731,,,0,0,0,bottom
2017-06-21,491178,1,445060,R,458731,L,4,Walk,7,5,170621_232235,49abea8a-3acf-4834-a9af-81777da363e0,3,2,0,F,Foul,FT,13,2.0,2.9,1.26,90.9,83.7,58.89,-1.1,50.0,5.84,-0.94,1.88,-10.33,5.38,3.94,-132.06,-6.04,-18.35,26.6,-22.62,36.0,7.2,24.0,2011,247,,,,458731,,,0,0,0,bottom
2017-06-21,491178,1,445060,R,458731,L,4,Walk,7,6,170621_232259,179d0b16-abad-4290-9d16-ac065dcbacd5,3,2,0,F,Foul,FT,11,2.0,2.9,1.26,91.7,83.8,69.31,-1.05,50.0,5.94,-0.96,2.69,-10.15,6.77,3.7,-133.13,-4.74,-18.23,28.54,-20.02,39.6,6.0,24.0,1906,240,,,,458731,,,0,0,0,bottom
2017-06-21,491178,1,445060,R,458731,L,4,Walk,7,7,170621_232330,83e46f88-7bb9-4b8c-977b-46b7c3b492d7,3,2,0,B,Ball,FT,11,2.0,2.91,1.4,91.1,82.8,57.43,-1.25,50.0,6.0,-0.89,3.42,-9.89,8.7,4.29,-132.09,-3.5,-17.42,28.91,-16.85,43.2,6.0,24.0,1932,231,,,,458731,,,0,0,0,bottom
2017-06-21,491178,1,445060,R,543305,L,5,Forceout,3,1,170621_232413,ba892703-ae98-4ad4-a165-b48b7e302024,0,1,0,C,Called Strike,FT,7,2.0,3.6,1.49,91.5,84.1,61.14,-0.87,50.0,5.83,-0.58,1.75,-9.31,7.37,3.95,-132.85,-7.1,-16.72,27.09,-18.93,38.4,6.0,24.0,2064,236,458731,,,543305,,,0,1,0,bottom
2017-06-21,491178,1,445060,R,543305,L,5,Forceout,3,2,170621_232433,beff6347-c7ac-492d-80e8-69275d22d111,0,1,0,B,Ball,KC,13,2.0,3.28,1.51,73.6,67.2,60.23,-1.32,50.0,6.25,-1.0,2.14,8.9,-5.36,-1.75,-106.76,0.52,10.13,20.78,-38.27,14.4,14.4,24.0,2573,53,458731,,,543305,,,0,1,0,bottom
2017-06-21,491178,1,445060,R,543305,L,5,Forceout,3,3,170621_232459,d03f1c14-e9e8-41ff-963f-e28c67252145,1,1,0,X,In play- out(s),FT,11,2.0,3.28,1.39,91.5,83.7,59.47,-0.99,50.0,6.02,-1.27,2.76,-10.41,8.83,2.82,-132.81,-5.43,-18.63,27.89,-16.36,45.6,6.0,24.0,2062,233,458731,,,543305,,,0,1,0,bottom
2017-06-21,491178,1,445060,R,592450,R,6,Strikeout,4,1,170621_232543,f14170fa-8075-4170-bb82-e9d27d5fbf83,0,1,1,C,Called Strike,SL,9,2.0,4.15,2.04,82.2,77.1,80.8,-0.95,50.0,5.84,0.56,2.07,0.45,-5.22,3.44,-119.69,-0.6,0.66,19.02,-39.89,1.2,10.8,24.0,,7,543305,,,543305,,,0,1,0,bottom
2017-06-21,491178,1,445060,R,592450,R,6,Strikeout,4,2,170621_232606,8dc1d581-8363-4844-b15d-267709ce7b34,0,2,1,F,Foul,FT,7,2.0,3.8,1.64,91.7,84.3,51.49,-1.08,50.0,5.82,-0.6,2.24,-9.56,7.28,4.54,-133.15,-5.83,-17.27,26.76,-19.01,39.6,6.0,24.0,2003,236,543305,,,543305,,,0,1,0,bottom
2017-06-21,491178,1,445060,R,592450,R,6,Strikeout,4,3,170621_232645,cb753684-cf25-4422-84aa-18226e52a0e3,0,2,1,B,Ball,FF,11,2.0,4.14,2.03,93.1,85.6,26.13,-1.09,50.0,5.86,-2.51,3.38,-4.7,8.96,-2.17,-135.18,-3.75,-8.77,27.25,-15.46,30.0,3.6,24.0,2042,211,543305,,,543305,,,0,1,0,bottom
2017-06-21,491178,1,445060,R,592450,R,6,Strikeout,4,4,170621_232715,7dbd1baa-83cd-4d76-9487-512037e55636,1,3,1,C,Called Strike,FF,8,2.0,4.21,2.06,93.7,86.0,34.9,-0.44,50.0,6.02,0.11,2.41,-4.57,10.53,3.09,-135.86,-7.4,-8.6,27.82,-12.36,30.0,3.6,24.0,2046,205,543305,,,543305,,,0,1,0,bottom
2017-06-21,491178,1,445060,R,407812,R,7,Forceout,1,1,170621_232757,5adab68a-52a7-47c8-b46d-ef8c63343d40,0,0,2,X,In play- out(s),FT,8,2.0,3.51,1.65,92.7,85.4,41.54,-0.68,50.0,5.9,-0.15,2.13,-9.52,6.54,4.7,-134.62,-6.28,-17.6,27.22,-20.08,38.4,6.0,24.0,2021,239,543305,,,,,,0,1,0,bottom
2017-06-21,491178,2,445060,R,516770,R,11,Groundout,4,1,170621_233858,7a7664eb-1666-462e-9a58-809e0cfa880d,0,1,0,C,Called Strike,SL,9,2.0,3.56,1.59,81.3,75.2,69.46,-1.07,50.0,6.05,0.39,1.91,0.49,-0.51,3.27,-118.09,-2.63,0.69,21.26,-32.9,2.4,9.6,24.0,2359,29,,,,,,,0,1,0,bottom
2017-06-21,491178,2,445060,R,516770,R,11,Groundout,4,2,170621_233914,8ad48361-38ff-4f2f-86be-828350a2cd21,0,1,0,B,Ball,FT,14,2.0,3.8,1.86,92.0,85.0,27.95,-0.73,50.0,5.77,0.14,1.1,-12.14,5.0,6.47,-133.4,-7.98,-22.08,26.15,-23.08,40.8,7.2,24.0,2059,252,,,,,,,0,1,0,bottom
2017-06-21,491178,2,445060,R,516770,R,11,Groundout,4,3,170621_233933,cb90035f-bb7b-4545-ab27-06ac85295cdd,1,1,0,S,Swinging Strike,KC,14,2.0,3.41,1.4,74.2,68.0,44.99,-0.82,50.0,6.21,1.93,1.07,7.93,-3.9,3.64,-107.58,-2.15,9.14,21.45,-36.67,14.4,13.2,24.0,2685,57,,,,,,,0,1,0,bottom
2017-06-21,491178,2,445060,R,516770,R,11,Groundout,4,4,170621_233952,b5460033-e6d2-4bf7-8e9d-b018e275902d,1,2,0,X,In play- out(s),FS,14,2.0,3.41,1.4,82.7,76.6,43.58,-0.94,50.0,5.76,0.48,1.06,-8.5,5.48,6.01,-119.94,-6.11,-12.52,20.84,-24.1,25.2,7.2,24.0,1364,242,,,,,,,0,1,0,bottom
2017-06-21,491178,2,445060,R,596142,R,12,Single,4,1,170621_234034,dd3c112a-c3d6-4de1-bb77-4de31732157d,0,1,1,F,Foul,KC,5,2.0,3.19,1.38,74.2,67.4,54.81,-1.2,50.0,6.39,0.09,2.55,6.81,-4.75,0.86,-107.49,0.84,7.83,21.61,-37.64,12.0,13.2,24.0,2610,50,,,,596142,,,0,0,0,bottom
2017-06-21,491178,2,445060,R,596142,R,12,Single,4,2,170621_234055,7c22ca7e-f97e-4015-9843-e8b31d59af0a,0,1,1,B,Ball,FT,13,2.0,3.46,1.87,91.8,84.2,59.92,-1.06,50.0,5.89,-1.19,2.29,-6.9,7.9,2.01,-133.3,-6.09,-12.47,27.68,-17.91,32.4,4.8,24.0,2178,225,,,,596142,,,0,0,0,bottom
2017-06-21,491178,2,445060,R,596142,R,12,Single,4,3,170621_234111,79847d21-654c-4983-89e7-166eaa1253d9,1,1,1,B,Ball,FT,14,2.0,3.33,1.71,93.7,85.5,31.72,-0.59,50.0,5.86,1.64,2.31,-7.98,9.05,8.77,-135.71,-6.65,-14.91,29.36,-15.28,38.4,4.8,24.0,2072,222,,,,596142,,,0,0,0,bottom
2017-06-21,491178,2,445060,R,596142,R,12,Single,4,4,170621_234130,d47ef7d0-82eb-4311-99e7-c29d47d6156e,2,1,1,D,In play- no out,SL,9,2.0,3.19,1.38,84.1,77.5,39.51,-1.14,50.0,5.91,0.45,1.89,0.19,0.49,3.78,-122.09,-3.18,0.3,23.23,-31.43,1.2,8.4,24.0,,47,,,,596142,,,0,0,0,bottom
2017-06-21,491178,2,445060,R,544369,L,13,Home Run,1,1,170621_234233,3b7a6d25-928e-495a-9981-98e010b9e258,0,0,1,E,In play- run(s),KC,5,2.0,3.17,1.37,74.2,67.5,55.12,-1.24,50.0,6.17,-0.08,1.97,7.73,-3.62,0.33,-107.55,-0.23,8.91,21.45,-36.35,13.2,13.2,24.0,2429,58,596142,,,,,,2,0,0,bottom
2017-06-21,491178,2,445060,R,452104,L,14,Strikeout,4,1,170621_234307,c5647a9b-5d7b-4791-b837-61c9aabe7da1,0,0,1,S,Swinging Strike,FS,14,2.0,3.05,1.27,82.7,77.0,69.89,-0.93,50.0,5.91,0.25,0.68,-9.13,1.15,5.64,-120.11,-6.05,-13.49,20.76,-30.48,21.6,9.6,24.0,1346,271,,,,,,,0,1,-2,bottom
2017-06-21,491178,2,445060,R,452104,L,14,Strikeout,4,2,170621_234324,47eda502-d0d3-409b-87df-367d4ec1862a,0,1,1,B,Ball,FF,12,2.0,3.01,1.44,92.2,84.3,43.17,-0.77,50.0,5.88,0.74,3.45,-5.03,7.94,5.72,-133.78,-3.07,-9.14,28.07,-17.74,24.0,4.8,24.0,2104,212,,,,,,,0,1,-2,bottom
2017-06-21,491178,2,445060,R,452104,L,14,Strikeout,4,3,170621_234336,70646a9b-929c-4434-9992-83e2ccb3f41c,1,2,1,T,Foul Tip,FS,8,2.0,3.07,1.29,83.1,77.5,33.68,-0.96,50.0,5.79,0.16,1.31,-8.2,1.28,5.23,-120.74,-4.43,-12.28,20.18,-30.25,20.4,8.4,24.0,1289,269,,,,,,,0,1,-2,bottom
2017-06-21,491178,2,445060,R,452104,L,14,Strikeout,4,4,170621_234352,3c6dc792-d51f-4f56-8a0a-4a351a38a1b7,1,2,1,S,Swinging Strike,FS,7,2.0,3.07,1.29,83.5,76.6,29.4,-1.0,50.0,5.91,-0.26,1.39,-6.73,4.61,3.86,-121.1,-5.51,-10.0,23.57,-25.33,19.2,7.2,24.0,1344,243,,,,,,,0,1,-2,bottom
2017-06-21,491178,2,445060,R,519222,R,15,Single,4,1,170621_234424,00955995-8f11-441f-a1f7-968284c735b6,0,1,2,C,Called Strike,SL,5,2.0,3.49,1.74,83.1,76.7,52.83,-1.04,50.0,6.07,0.09,2.89,0.08,-1.24,2.68,-120.75,-0.46,0.12,22.13,-34.01,1.2,9.6,24.0,2343,11,,,,519222,,,0,0,-2,bottom
2017-06-21,491178,2,445060,R,519222,R,15,Single,4,2,170621_234438,5a0c69a2-0212-4d8a-b94d-318faae1ec2b,0,1,2,S,Swinging Strike,SL,14,2.0,3.37,1.39,80.6,75.3,42.53,-0.91,50.0,5.84,0.9,0.85,1.36,-3.85,3.79,-117.16,-3.5,1.9,19.91,-37.58,3.6,10.8,24.0,2382,19,,,,519222,,,0,0,-2,bottom
2017-06-21,491178,2,445060,R,519222,R,15,Single,4,3,170621_234458,baf95e68-7915-4f03-b40b-75edb733cbde,0,2,2,B,Ball,FF,12,2.0,3.51,1.78,93.9,85.0,21.25,-0.32,50.0,6.02,2.18,2.84,-3.68,14.53,7.98,-135.91,-7.55,-6.85,31.21,-5.14,36.0,2.4,24.0,2185,191,,,,519222,,,0,0,-2,bottom
2017-06-21,491178,2,445060,R,519222,R,15,Single,4,4,170621_234521,ece89200-3393-436c-92be-1232b274b055,1,2,2,D,In play- no out,KC,6,2.0,3.37,1.39,75.8,69.2,44.53,-0.98,50.0,6.32,0.38,2.69,6.41,-7.33,1.13,-109.92,1.67,7.74,21.71,-41.04,10.8,14.4,24.0,2696,39,,,,519222,,,0,0,-2,bottom
2017-06-21,491178,2,445060,R,458731,L,16,Walk,5,1,170621_234602,0e372f98-facb-447c-a140-a6fbe27f55ee,1,0,2,*B,Ball In Dirt,FS,14,2.0,2.8,1.34,84.0,77.4,82.81,-1.0,50.0,5.54,0.63,0.46,-6.41,8.18,5.92,-121.72,-8.11,-9.67,22.64,-19.83,21.6,6.0,24.0,3151,221,519222,,,458731,519222,,0,0,-2,bottom
2017-06-21,491178,2,445060,R,458731,L,16,Walk,5,2,170621_234633,87e8b229-fca2-412e-9c3b-23965f6af1c7,1,0,2,B,Ball,FT,13,2.0,2.82,1.34,92.3,84.8,68.86,-0.96,50.0,5.55,-0.78,1.27,-10.34,6.68,4.05,-133.97,-7.57,-18.88,27.79,-19.99,39.6,6.0,24.0,1997,242,519222,,,458731,519222,,0,0,-2,bottom
2017-06-21,491178,2,445060,R,458731,L,16,Walk,5,3,170621_234656,92c0e127-8661-470a-ae98-9816eb945b17,2,0,2,B,Ball,FT,11,2.0,2.83,1.32,93.3,85.4,45.8,-0.98,50.0,5.91,-1.64,2.91,-11.52,7.74,2.24,-135.46,-4.7,-21.44,29.17,-17.76,48.0,6.0,24.0,2058,239,519222,,,458731,519222,,0,0,-2,bottom
2017-06-21,491178,2,445060,R,458731,L,16,Walk,5,4,170621_234719,f2862b40-9512-409e-9a15-a28619c64284,3,1,2,C,Called Strike,FT,11,2.0,2.67,1.24,92.3,84.3,61.47,-0.81,50.0,5.84,-0.45,3.04,-9.12,8.25,4.08,-133.92,-4.15,-16.6,28.43,-17.16,40.8,4.8,24.0,2030,230,519222,,,458731,519222,,0,0,-2,bottom
2017-06-21,491178,2,445060,R,458731,L,16,Walk,5,5,170621_234746,136af116-1952-44bc-a300-6ee9ee6a238b,3,1,2,B,Ball,FT,11,2.0,2.81,1.43,93.7,85.4,40.18,-0.9,50.0,5.93,-1.35,2.67,-10.35,7.31,2.39,-135.99,-5.3,-19.32,30.55,-18.52,43.2,6.0,24.0,1935,239,519222,,,458731,519222,,0,0,-2,bottom
2017-06-21,491178,2,445060,R,543305,L,17,Pop Out,3,1,170621_234840,e32bae27-27ad-4937-9ab3-dde4c8edd009,0,1,2,C,Called Strike,KC,13,2.0,3.22,1.58,74.0,67.8,79.98,-1.22,50.0,6.11,-0.97,2.22,7.07,-5.14,-1.39,-107.38,0.81,8.18,20.04,-38.12,12.0,13.2,24.0,2568,48,458731,519222,,,,,0,1,-2,bottom
2017-06-21,491178,2,445060,R,543305,L,17,Pop Out,3,2,170621_234902,4d8cfe44-cc87-4885-bfab-8ddbf89754d7,0,1,2,S,Swinging Strike,FS,7,2.0,3.28,1.39,83.3,77.1,38.61,-1.1,50.0,5.62,-0.44,1.49,-7.12,1.18,3.8,-121.07,-3.58,-10.66,21.82,-30.41,18.0,8.4,24.0,1466,269,458731,519222,,,,,0,1,-2,bottom
2017-06-21,491178,2,445060,R,543305,L,17,Pop Out,3,3,170621_234932,09b72083-9712-40e4-b5ed-03791f77d7b1,0,2,2,X,In play- out(s),FF,12,2.0,3.28,1.39,93.1,84.5,50.7,-0.6,50.0,6.1,0.42,3.67,-6.6,11.18,4.98,-135.05,-4.27,-12.15,30.47,-11.6,40.8,3.6,24.0,2071,211,458731,519222,,,,,0,1,-2,bottom
2017-06-21,491178,3,445060,R,592450,R,22,Single,1,1,170622_000053,a6a35db6-e4ea-498d-9c2e-8363f98b978a,0,0,0,D,In play- no out,FT,8,2.0,3.8,1.64,92.4,84.9,42.97,-0.59,50.0,5.85,0.16,2.14,-8.79,8.23,5.02,-134.06,-6.6,-16.09,27.32,-17.1,39.6,4.8,24.0,2137,230,,,,592450,,,0,0,-2,bottom
2017-06-21,491178,3,445060,R,407812,R,23,Grounded Into DP,2,1,170622_000141,4e8b2ecb-fad9-4ffd-a206-9fe7942552d7,0,1,0,C,Called Strike,SL,2,2.0,3.55,1.83,82.6,75.9,60.16,-1.1,50.0,6.12,0.1,3.32,0.18,-0.56,2.8,-119.95,0.32,0.27,22.49,-33.0,1.2,9.6,24.0,,22,592450,,,,,,0,2,-2,bottom
2017-06-21,491178,3,445060,R,407812,R,23,Grounded Into DP,2,2,170622_000206,266e0c21-0983-41ff-adc7-82e89cbd5c72,0,1,0,X,In play- out(s),SL,5,2.0,3.51,1.65,81.9,75.5,20.51,-0.87,50.0,6.07,0.22,2.55,1.56,0.59,2.1,-118.94,-1.62,2.25,21.78,-31.33,4.8,8.4,24.0,,78,592450,,,,,,0,2,-2,bottom
2017-06-21,491178,3,445060,R,516770,R,24,Strikeout,4,1,170622_000257,d190332c-9eda-4a91-8d54-0f9553a76db3,0,1,2,C,Called Strike,SL,1,2.0,3.7,1.83,80.7,74.0,64.05,-1.03,50.0,6.11,-0.33,3.21,2.02,0.39,1.0,-117.08,0.14,2.81,21.73,-31.64,4.8,9.6,24.0,,77,,,,,,,0,1,-2,bottom
2017-06-21,491178,3,445060,R,516770,R,24,Strikeout,4,2,170622_000314,5c19542e-b383-47c9-ba8a-3ebf05cbf298,0,2,2,C,Called Strike,FT,14,2.0,3.74,1.85,92.9,85.3,66.92,-0.6,50.0,5.76,0.73,1.76,-8.65,7.12,6.54,-134.66,-7.09,-15.97,27.81,-19.03,36.0,6.0,24.0,2016,234,,,,,,,0,1,-2,bottom
2017-06-21,491178,3,445060,R,516770,R,24,Strikeout,4,3,170622_000329,0d301612-4881-4ba8-a30a-7ba3274fc8b8,0,2,2,B,Ball,SL,14,2.0,3.72,1.86,82.6,76.0,22.3,-0.81,50.0,5.66,1.67,0.3,2.97,-0.64,4.94,-119.75,-5.63,4.3,24.15,-33.09,8.4,9.6,24.0,2420,58,,,,,,,0,1,-2,bottom
2017-06-21,491178,3,445060,R,516770,R,24,Strikeout,4,4,170622_000410,189a661c-175c-4b16-9b66-ce07bc9a702b,1,3,2,W,Swinging Strike (Blocked),SL,14,2.0,3.41,1.4,83.5,76.3,16.35,-0.93,50.0,5.84,1.45,0.56,1.5,0.33,5.2,-120.97,-5.89,2.21,25.78,-31.7,6.0,9.6,24.0,,58,,,,,,,0,1,-2,bottom
2017-06-21,491178,4,445060,R,596142,R,30,Groundout,5,1,170622_002155,3933db87-9dbe-493b-bc10-6c6a9cf97ba1,0,1,0,F,Foul,FT,5,2.0,3.19,1.38,90.2,83.1,37.53,-0.82,50.0,5.81,-0.14,2.05,-11.89,5.13,5.77,-130.95,-5.27,-20.8,25.59,-23.2,39.6,7.2,24.0,1863,250,,,,,,,0,1,0,bottom
2017-06-21,491178,4,445060,R,596142,R,30,Groundout,5,2,170622_002218,55b1e048-f25f-454d-99d2-1e40af23ac5c,0,1,0,B,Ball,FS,14,2.0,3.41,1.75,82.3,75.9,11.45,-0.55,50.0,5.85,2.13,1.18,-6.04,5.19,8.16,-119.22,-5.8,-8.75,21.72,-24.66,15.6,7.2,24.0,1302,234,,,,,,,0,1,0,bottom
2017-06-21,491178,4,445060,R,596142,R,30,Groundout,5,3,170622_002236,6c9172b6-646d-4b0a-9cac-5173d0bf0cbb,1,1,0,B,Ball,FT,14,2.0,3.39,1.77,92.2,84.5,30.66,-0.21,50.0,5.82,1.81,1.31,-10.06,8.69,8.77,-133.43,-8.78,-18.21,27.56,-16.45,42.0,6.0,24.0,2188,232,,,,,,,0,1,0,bottom
2017-06-21,491178,4,445060,R,596142,R,30,Groundout,5,4,170622_002256,8244131e-85e8-42b3-b3a6-e605a226ad7d,2,1,0,S,Swinging Strike,SL,14,2.0,3.19,1.38,81.9,75.5,65.01,-0.91,50.0,5.89,0.83,1.23,-0.6,-0.13,4.26,-118.86,-4.03,-0.85,22.7,-32.35,0.0,9.6,24.0,2381,359,,,,,,,0,1,0,bottom
2017-06-21,491178,4,445060,R,596142,R,30,Groundout,5,5,170622_002339,abb81d10-1c52-4bf0-89f6-7e0a82c26485,2,2,0,X,In play- out(s),FT,5,2.0,3.19,1.38,93.3,85.2,34.02,-0.58,50.0,5.84,0.21,2.49,-9.7,8.18,5.47,-135.38,-5.78,-18.0,29.61,-17.0,43.2,6.0,24.0,2070,232,,,,,,,0,1,0,bottom
2017-06-21,491178,4,445060,R,544369,L,31,Flyout,3,1,170622_002414,20e7d9b4-b7d7-4bc7-829d-f4538dc0bcd0,0,1,1,F,Foul,KC,14,2.0,3.17,1.37,74.7,68.3,68.48,-1.17,50.0,6.09,0.05,1.19,6.6,-6.71,0.77,-108.32,-0.99,7.73,21.61,-40.03,10.8,14.4,24.0,2619,40,,,,,,,0,1,0,bottom
2017-06-21,491178,4,445060,R,544369,L,31,Flyout,3,2,170622_002440,494dc456-7b40-4072-8196-78bffd881c47,0,2,1,F,Foul,FF,12,2.0,3.17,1.37,91.9,83.2,55.89,-0.66,50.0,5.96,0.81,2.79,-5.02,11.47,5.55,-133.24,-6.09,-8.95,30.53,-11.7,30.0,3.6,24.0,2266,203,,,,,,,0,1,0,bottom
2017-06-21,491178,4,445060,R,544369,L,31,Flyout,3,3,170622_002507,b2fc1472-4719-47a3-bf9c-2e760b46b150,0,2,1,X,In play- out(s),FS,13,2.0,3.17,1.37,83.3,76.7,43.85,-1.21,50.0,5.75,-0.79,2.03,-11.05,3.74,4.45,-120.86,-3.36,-16.45,22.27,-26.61,30.0,8.4,24.0,1276,256,,,,,,,0,1,0,bottom
2017-06-21,491178,4,445060,R,452104,L,32,Walk,4,1,170622_002535,0f3cdeea-7ed6-4bad-b462-6d828217c39d,0,0,2,B,Ball,FS,11,2.0,3.01,1.42,82.3,75.5,80.57,-1.12,50.0,6.01,-1.79,3.27,-7.62,4.59,0.76,-119.55,-1.07,-11.05,22.54,-25.51,22.8,8.4,24.0,1262,244,,,,452104,,,0,0,0,bottom
2017-06-21,491178,4,445060,R,452104,L,32,Walk,4,2,170622_002552,abdaff71-ba3e-40c1-ae40-1b543380d196,1,0,2,B,Ball,FS,13,2.0,3.05,1.38,80.7,75.1,44.2,-1.09,50.0,5.75,-1.0,1.75,-10.6,-0.11,3.4,-117.28,-2.37,-14.95,19.54,-32.33,24.0,10.8,24.0,1412,276,,,,452104,,,0,0,0,bottom
2017-06-21,491178,4,445060,R,452104,L,32,Walk,4,3,170622_002608,4f571cd5-49c2-4574-92f1-3638288aecc5,2,0,2,B,Ball,FT,13,2.0,3.03,1.38,90.9,83.4,37.4,-1.5,50.0,5.36,-1.48,1.55,-8.98,7.09,3.09,-132.0,-6.18,-15.9,27.29,-19.63,36.0,6.0,24.0,2057,236,,,,452104,,,0,0,0,bottom
2017-06-21,491178,4,445060,R,452104,L,32,Walk,4,4,170622_002630,50afd3b1-c34f-4b0e-9098-5d953bf04dd9,3,0,2,B,Ball,FT,13,2.0,2.97,1.38,92.1,84.0,34.16,-1.12,50.0,5.71,-1.41,1.85,-9.18,9.0,2.36,-133.55,-7.12,-16.56,29.22,-15.94,42.0,4.8,24.0,2073,230,,,,452104,,,0,0,0,bottom
2017-06-21,491178,4,445060,R,519222,R,33,Single,4,1,170622_002715,355f656d-f1e7-4c76-a7c0-4d0136b18dcc,0,0,2,S,Swinging Strike,SL,14,2.0,3.37,1.39,82.2,75.4,90.4,-0.93,50.0,5.87,0.77,1.26,-0.49,-2.16,4.15,-119.23,-3.33,-0.71,23.95,-35.28,0.0,9.6,24.0,,1,452104,,,519222,452104,,0,0,0,bottom
2017-06-21,491178,4,445060,R,519222,R,33,Single,4,2,170622_002736,75e3dfa9-b6c5-4218-b14c-ecc7d03cc406,0,1,2,B,Ball,FT,13,2.0,3.57,1.74,92.4,85.2,33.75,-0.86,50.0,5.59,-0.31,1.25,-10.29,7.63,5.02,-134.12,-8.11,-18.88,26.93,-18.17,42.0,6.0,24.0,1970,237,452104,,,519222,452104,,0,0,0,bottom
2017-06-21,491178,4,445060,R,519222,R,33,Single,4,3,170622_002801,758b1720-1478-447c-acaa-048852c3c42b,1,1,2,B,Ball,FT,14,2.0,3.51,1.78,92.7,84.7,68.14,-0.58,50.0,5.74,1.13,2.02,-8.96,10.24,7.64,-134.33,-7.36,-16.41,28.31,-13.4,44.4,4.8,24.0,1890,222,452104,,,519222,452104,,0,0,0,bottom
2017-06-21,491178,4,445060,R,519222,R,33,Single,4,4,170622_002831,3b9cc600-202e-44ed-8c64-255ce9eb3ab4,2,1,2,D,In play- no out,SL,14,2.0,3.37,1.39,83.2,76.8,55.09,-0.99,50.0,5.81,0.88,1.92,-0.67,-3.11,4.69,-120.86,-1.58,-0.99,23.01,-36.78,0.0,9.6,24.0,,359,452104,,,519222,452104,,0,0,0,bottom
2017-06-21,491178,4,445060,R,458731,L,34,Groundout,5,1,170622_002926,4be5e5d0-24e2-499b-ba5b-ca93d5c363fe,0,0,2,B,Ball,FT,13,2.0,2.72,1.34,93.4,85.3,68.04,-1.02,50.0,5.63,-0.58,1.18,-8.49,9.35,4.1,-135.45,-9.11,-15.75,30.02,-14.83,42.0,4.8,24.0,1905,226,519222,452104,,,,,0,1,0,bottom
2017-06-21,491178,4,445060,R,458731,L,34,Groundout,5,2,170622_002951,41620613-ec1a-4f54-8d56-369f17bae688,1,1,2,C,Called Strike,FT,11,2.0,2.8,1.3,90.9,83.6,65.14,-1.14,50.0,5.6,-0.9,2.41,-10.65,3.21,4.24,-132.13,-3.29,-18.93,26.73,-26.47,33.6,7.2,24.0,1920,257,519222,452104,,,,,0,1,0,bottom
2017-06-21,491178,4,445060,R,458731,L,34,Groundout,5,3,170622_003016,936782db-32cf-4469-a298-a464f0084c93,2,1,2,*B,Ball In Dirt,KC,14,2.0,2.68,1.34,75.1,69.5,33.3,-1.15,50.0,5.72,1.75,0.05,8.61,-8.75,3.84,-109.06,-2.23,10.25,21.18,-42.59,14.4,15.6,24.0,2602,42,519222,452104,,,,,0,1,0,bottom
2017-06-21,491178,4,445060,R,458731,L,34,Groundout,5,4,170622_003110,357ae462-6125-4ad7-ae8b-e890030bd005,2,1,2,B,Ball,FF,13,2.0,2.93,1.5,93.1,85.6,52.58,-1.1,50.0,5.72,-1.24,1.94,-6.08,9.26,1.74,-135.09,-7.32,-11.33,27.31,-14.93,33.6,4.8,24.0,2132,216,519222,452104,,,,,0,1,0,bottom
2017-06-21,491178,4,445060,R,458731,L,34,Groundout,5,5,170622_003142,fc0e9cdf-828c-477b-aeba-d4058de836f0,3,1,2,X,In play- out(s),FT,8,2.0,2.9,1.26,92.5,86.1,44.59,-1.0,50.0,5.65,0.17,1.42,-12.08,4.02,7.34,-134.32,-6.69,-22.47,24.25,-24.69,39.6,7.2,24.0,2024,256,519222,452104,,,,,0,1,0,bottom
2017-06-21,491178,5,445060,R,543305,L,39,Walk,6,1,170622_004442,a0a5ed92-f9c9-446b-be6b-45a9558283db,0,0,0,B,Ball,FT,13,2.0,3.67,1.59,90.2,82.4,38.28,-1.0,50.0,5.83,-1.77,2.03,-10.02,8.22,1.36,-130.88,-6.35,-17.35,28.04,-17.94,42.0,6.0,24.0,2042,235,,,,543305,,,0,0,0,bottom
2017-06-21,491178,5,445060,R,543305,L,39,Walk,6,2,170622_004501,3395a609-5b38-41ae-b3cc-8bc251fbc63f,1,0,0,B,Ball,FF,11,2.0,3.4,1.66,91.6,83.7,24.75,-0.9,50.0,5.9,-1.58,2.7,-7.19,11.33,0.67,-132.84,-6.13,-12.88,27.72,-11.88,44.4,3.6,24.0,2154,215,,,,543305,,,0,0,0,bottom
2017-06-21,491178,5,445060,R,543305,L,39,Walk,6,3,170622_004523,174b2745-3659-44b8-af18-c27bdc5e5f4a,2,0,0,B,Ball,FT,11,2.0,3.52,1.53,92.3,85.0,59.39,-0.93,50.0,5.76,-0.93,2.79,-8.42,6.01,2.93,-134.09,-3.91,-15.46,26.74,-21.14,34.8,6.0,24.0,2001,238,,,,543305,,,0,0,0,bottom
2017-06-21,491178,5,445060,R,543305,L,39,Walk,6,4,170622_004542,bdf515d3-08ed-4ef0-9642-75b011eee33c,3,1,0,C,Called Strike,FF,1,2.0,3.53,1.57,91.5,83.9,51.88,-0.95,50.0,5.92,-0.62,3.08,-6.18,10.04,2.97,-132.79,-4.79,-11.1,26.66,-14.13,34.8,3.6,24.0,2111,213,,,,543305,,,0,0,0,bottom
2017-06-21,491178,5,445060,R,543305,L,39,Walk,6,5,170622_004602,a4aa8673-064e-437c-a0af-5c17e0a42a9b,3,2,0,F,Foul,FT,11,2.0,3.28,1.39,91.7,84.1,59.18,-0.94,50.0,5.76,-0.83,2.65,-11.04,5.68,4.09,-133.27,-4.04,-19.93,27.73,-21.93,39.6,7.2,24.0,2033,246,,,,543305,,,0,0,0,bottom
2017-06-21,491178,5,445060,R,543305,L,39,Walk,6,6,170622_004649,7884570e-9441-49fa-8c56-3151c7ad5138,3,2,0,B,Ball,FT,13,2.0,3.55,1.59,91.6,84.4,35.28,-1.24,50.0,5.6,-1.34,2.13,-12.34,2.63,3.98,-133.07,-3.95,-22.28,26.7,-27.42,37.2,8.4,24.0,1987,262,,,,543305,,,0,0,0,bottom
2017-06-21,491178,5,445060,R,592450,R,40,Strikeout Double Play,9,1,170622_004730,a8c5b321-0f75-47a1-a52f-d1255bbac155,0,0,0,B,Ball,SL,14,2.0,4.24,2.05,82.3,75.6,55.25,-0.54,50.0,5.99,1.47,1.17,1.29,2.6,4.35,-119.35,-5.31,1.86,23.28,-28.42,4.8,8.4,24.0,,118,543305,,,,,,0,2,0,bottom
2017-06-21,491178,5,445060,R,592450,R,40,Strikeout Double Play,9,2,170622_004822,586951d3-bd83-49e2-a094-cef82b776a93,1,0,0,B,Ball,SL,13,2.0,4.24,2.03,81.0,75.6,17.61,-1.07,50.0,5.7,-0.15,1.57,-1.57,-2.04,2.64,-117.88,-2.17,-2.24,19.61,-35.08,3.6,9.6,24.0,2438,337,543305,,,,,,0,2,0,bottom
2017-06-21,491178,5,445060,R,592450,R,40,Strikeout Double Play,9,3,170622_004850,80e2481c-e628-4c53-a212-2900c49fb06e,2,1,0,F,Foul,FT,8,2.0,3.8,1.64,91.7,84.0,34.7,-0.63,50.0,5.68,-0.07,2.15,-11.46,6.07,5.41,-133.02,-5.26,-20.6,27.71,-21.27,40.8,7.2,24.0,2077,246,543305,,,,,,0,2,0,bottom
2017-06-21,491178,5,445060,R,592450,R,40,Strikeout Double Play,9,4,170622_004926,652ab9e4-0f5d-4769-a81a-e5dfa7cc1047,2,1,0,B,Ball,FT,13,2.0,4.22,2.05,92.1,84.1,36.32,-1.13,50.0,5.81,-1.52,2.59,-10.68,7.48,2.63,-133.75,-4.98,-19.33,29.19,-18.63,43.2,6.0,24.0,2016,239,543305,,,,,,0,2,0,bottom
2017-06-21,491178,5,445060,R,592450,R,40,Strikeout Double Play,9,5,170622_005011,cd03fee5-6a72-41e1-870c-4dd54ae00e22,3,1,0,S,Swinging Strike,SL,8,2.0,3.8,1.64,82.6,76.8,25.0,-1.21,50.0,5.93,-0.0,2.24,-0.88,-2.57,3.16,-120.1,-1.24,-1.3,20.74,-35.97,1.2,9.6,24.0,2456,351,543305,,,,,,0,2,0,bottom
2017-06-21,491178,5,445060,R,592450,R,40,Strikeout Double Play,9,6,170622_005104,4828d515-c1dc-4587-a439-f2e90cd37d20,3,3,0,C,Called Strike,FT,14,2.0,4.17,1.98,92.8,84.8,64.46,-0.54,50.0,5.82,0.73,2.05,-11.04,8.38,7.18,-134.46,-6.85,-20.24,28.66,-16.81,45.6,6.0,24.0,2165,236,543305,,,,,,0,2,0,bottom
2017-06-21,491178,5,445060,R,407812,R,41,Home Run,6,1,170622_005154,bc70a6dd-68ab-4ba8-8d9f-da7f9361bb88,0,1,2,C,Called Strike,FT,8,2.0,3.78,1.83,92.2,85.0,42.32,-0.9,50.0,5.68,0.11,2.2,-10.65,4.17,6.36,-133.87,-4.59,-19.5,26.56,-24.53,36.0,7.2,24.0,1953,253,,,,,,,1,0,0,bottom
2017-06-21,491178,5,445060,R,407812,R,41,Home Run,6,2,170622_005211,5c57beab-6886-420d-823a-99deaf99c75a,0,1,2,S,Swinging Strike,FS,14,2.0,3.51,1.65,83.7,77.8,9.14,-0.94,50.0,5.64,0.02,1.01,-9.92,2.15,5.44,-121.51,-5.16,-15.01,21.08,-28.92,25.2,8.4,24.0,1428,264,,,,,,,1,0,0,bottom
2017-06-21,491178,5,445060,R,407812,R,41,Home Run,6,3,170622_005229,014eaf84-4679-4062-9dbf-ccb25a6bbcbd,0,2,2,B,Ball,FT,12,2.0,3.6,1.82,94.4,86.2,67.17,-0.42,50.0,6.14,0.87,3.42,-8.79,9.45,6.57,-136.94,-4.74,-16.73,29.69,-14.19,45.6,4.8,24.0,2131,224,,,,,,,1,0,0,bottom
2017-06-21,491178,5,445060,R,407812,R,41,Home Run,6,4,170622_005255,0ccc0303-b6e9-4cad-8ee8-5739dd442a94,1,2,2,F,Foul,FF,6,2.0,3.51,1.65,94.1,85.9,46.2,-0.46,50.0,5.93,0.59,2.34,-4.68,10.64,4.48,-136.41,-7.43,-8.82,29.7,-12.11,30.0,3.6,24.0,2255,204,,,,,,,1,0,0,bottom
2017-06-21,491178,5,445060,R,407812,R,41,Home Run,6,5,170622_005325,735e6cb6-a3a0-4d73-99f9-053f4759cfd9,1,2,2,B,Ball,FF,11,2.0,3.75,1.88,93.4,84.9,66.06,-0.82,50.0,5.97,-1.02,3.78,-5.04,8.48,1.2,-135.6,-2.78,-9.35,30.61,-16.44,27.6,4.8,24.0,2021,213,,,,,,,1,0,0,bottom
2017-06-21,491178,5,445060,R,407812,R,41,Home Run,6,6,170622_005358,36e1751d-d172-4374-a411-bdc09bb708cb,2,2,2,E,In play- run(s),FT,12,2.0,3.51,1.65,94.0,85.3,60.48,-0.5,50.0,5.87,0.78,3.05,-8.83,8.95,6.53,-136.23,-4.7,-16.52,31.2,-15.44,42.0,4.8,24.0,2014,226,,,,,,,1,0,0,bottom
2017-06-21,491178,5,445060,R,516770,R,42,Strikeout,3,1,170622_005442,237a12bc-fe18-4b58-a59a-2a9790a7393e,0,1,2,F,Foul,SL,8,2.0,3.41,1.4,80.9,74.7,58.77,-0.97,50.0,5.69,0.15,1.9,-0.88,-4.66,2.88,-117.64,-0.48,-1.23,21.93,-38.72,1.2,10.8,24.0,,354,,,,,,,0,1,-1,bottom
2017-06-21,491178,5,445060,R,516770,R,42,Strikeout,3,2,170622_005508,7e19fa2c-d49d-4769-9406-2f275c94f60d,0,1,2,S,Swinging Strike,SL,14,2.0,3.41,1.4,82.4,75.9,55.0,-0.89,50.0,5.91,1.08,1.59,1.06,-0.35,4.34,-119.63,-3.3,1.53,23.16,-32.68,3.6,9.6,24.0,,45,,,,,,,0,1,-1,bottom
2017-06-21,491178,5,445060,R,516770,R,42,Strikeout,3,3,170622_005526,ca0bcaac-9eb9-4c86-9ad4-a83ada9fe55b,0,3,2,W,Swinging Strike (Blocked),SL,14,2.0,3.41,1.4,78.3,72.3,21.33,-1.08,50.0,5.78,0.26,0.52,1.45,0.87,2.6,-113.66,-4.89,1.89,20.99,-31.03,3.6,9.6,24.0,2235,69,,,,,,,0,1,-1,bottom
2017-06-21,491178,6,445060,R,596142,R,47,Single,3,1,170622_011340,527d08e1-9e04-42ce-9c85-643677f4d7fe,0,0,0,B,Ball,SL,14,2.0,3.29,1.79,80.5,74.2,90.36,-0.89,50.0,5.98,1.11,1.75,0.86,1.44,4.34,-116.83,-3.23,1.19,21.67,-30.18,3.6,9.6,24.0,,95,,,,596142,,,0,0,-1,bottom
2017-06-21,491178,6,445060,R,596142,R,47,Single,3,2,170622_011357,713f05b4-5b1d-46f4-abc7-fa97f77bfeeb,1,0,0,S,Swinging Strike,SL,14,2.0,3.19,1.38,81.8,75.5,16.58,-0.96,50.0,5.67,1.32,0.36,1.12,2.44,5.0,-118.56,-6.3,1.6,22.42,-28.69,4.8,8.4,24.0,2504,114,,,,596142,,,0,0,-1,bottom
2017-06-21,491178,6,445060,R,596142,R,47,Single,3,3,170622_011424,4708b770-c03f-47dc-b8b6-d17197ae8315,1,1,0,D,In play- no out,FT,5,2.0,3.17,1.36,92.0,84.2,30.19,-0.8,50.0,5.78,-0.17,2.32,-12.2,6.51,5.84,-133.44,-5.24,-22.05,28.07,-20.4,44.4,7.2,24.0,2162,245,,,,596142,,,0,0,-1,bottom
2017-06-21,491178,6,445060,R,544369,L,48,Lineout,2,1,170622_011514,153aec7e-19c8-4d6f-83dc-c03271830387,0,1,0,F,Foul,FT,11,2.0,3.17,1.37,91.4,83.1,60.79,-0.85,50.0,5.87,-0.77,2.59,-9.87,10.31,3.53,-132.61,-5.92,-17.49,29.6,-13.9,48.0,4.8,24.0,2136,226,596142,,,596142,,,0,1,-1,bottom
2017-06-21,491178,6,445060,R,544369,L,48,Lineout,2,2,170622_011545,b5f82e92-2f90-4461-a345-2f28bdbfa0ac,0,1,0,X,In play- out(s),FS,13,2.0,3.17,1.37,81.4,74.9,53.05,-1.03,50.0,5.9,-0.8,1.34,-7.78,5.21,2.9,-118.14,-5.33,-11.01,22.18,-24.8,21.6,8.4,24.0,1435,243,596142,,,596142,,,0,1,-1,bottom
2017-06-21,491178,6,445060,R,452104,L,49,Walk,5,1,170622_011618,0d2f5692-8196-4e1a-9f16-f2a1e931bca2,0,0,1,B,Ball,FS,11,2.0,3.03,1.46,81.3,74.4,81.23,-1.24,50.0,5.89,-2.3,3.2,-8.16,5.45,0.02,-118.03,-1.01,-11.51,22.61,-24.49,25.2,8.4,24.0,1534,241,596142,,,452104,596142,,0,0,-1,bottom
2017-06-21,491178,6,445060,R,452104,L,49,Walk,5,2,170622_011642,ffbe9601-dacd-4aea-bcfb-42ca2f089b75,1,0,1,B,Ball,FT,11,2.0,2.98,1.38,90.5,82.7,34.12,-0.98,50.0,5.84,-1.59,2.67,-8.66,8.47,1.33,-131.4,-4.89,-15.13,27.96,-17.37,38.4,6.0,24.0,1909,229,596142,,,452104,596142,,0,0,-1,bottom
2017-06-21,491178,6,445060,R,452104,L,49,Walk,5,3,170622_011719,a2da81fd-33d5-4d22-b78d-153b1fb0150d,2,1,1,F,Foul,FT,11,2.0,1.6,-1.6,91.0,83.3,49.11,-0.78,50.0,5.67,-0.06,1.74,-10.15,6.98,5.33,-132.01,-6.45,-17.93,27.89,-19.85,38.4,6.0,24.0,2029,239,596142,,,452104,596142,,0,0,-1,bottom
2017-06-21,491178,6,445060,R,452104,L,49,Walk,5,4,170622_011749,dbe388ff-5bfd-4f31-b494-7ee8855838e9,2,1,1,B,Ball,FS,13,2.0,3.03,1.38,80.6,74.4,34.96,-0.97,50.0,5.78,-0.28,1.35,-7.7,3.21,3.91,-116.97,-4.27,-10.72,20.92,-27.7,19.2,8.4,24.0,1407,255,596142,,,452104,596142,,0,0,-1,bottom
2017-06-21,491178,6,445060,R,452104,L,49,Walk,5,5,170622_011810,c2cf4022-0243-4861-8090-6d577fdb5092,3,1,1,B,Ball,FT,11,2.0,3.01,1.34,91.5,83.9,55.47,-0.97,50.0,5.67,-1.16,2.33,-10.69,4.96,3.14,-132.96,-4.34,-19.17,28.06,-23.29,37.2,7.2,24.0,2060,250,596142,,,452104,596142,,0,0,-1,bottom
2017-06-26,491245,1,445060,R,400284,L,5,Double,3,1,170627_022208,8bb21f2c-e5b8-4258-89a8-648b46032ac3,0,0,0,B,Ball,FF,13,2.0,3.48,1.63,90.0,83.4,51.75,-0.87,50.0,5.88,-0.48,0.83,-1.41,9.87,1.49,-130.5,-10.22,-2.46,23.89,-14.93,7.2,3.6,24.0,2027,188,,,,,400284,,0,0,0,bottom
2017-06-26,491245,1,445060,R,400284,L,5,Double,3,2,170627_022228,06badf09-2e35-4f85-b828-0db851506df5,1,1,0,C,Called Strike,FF,13,2.0,3.4,1.62,90.6,83.5,57.36,-1.01,50.0,5.98,-0.78,1.92,-7.19,9.65,3.04,-131.52,-7.67,-12.69,25.71,-15.13,36.0,4.8,24.0,2114,220,,,,,400284,,0,0,0,bottom
2017-06-26,491245,1,445060,R,400284,L,5,Double,3,3,170627_022255,e6b66f3b-3e6e-4cbf-ae77-91991494a597,1,1,0,D,In play- no out,FF,4,2.0,3.43,1.47,91.5,83.9,33.03,-0.93,50.0,6.09,-0.38,2.49,-6.46,10.72,3.65,-132.76,-7.0,-11.59,27.19,-12.96,37.2,3.6,24.0,1997,213,,,,,400284,,0,0,0,bottom
2017-06-26,491245,1,445060,R,621035,R,6,Lineout,1,1,170627_022349,6b162cfc-c87f-4273-94ca-64537f574cd2,0,0,0,X,In play- out(s),FT,6,2.0,3.39,1.45,91.0,83.3,40.79,-0.67,50.0,6.0,0.33,2.35,-8.23,9.0,5.39,-131.97,-6.43,-14.57,27.1,-16.24,37.2,4.8,24.0,2026,225,,400284,,,400284,,0,1,0,bottom
2017-06-26,491245,1,445060,R,457759,R,7,Flyout,4,1,170627_022432,9af5c9f2-a4bc-4627-a677-3917fcf995b8,0,0,1,B,Ball,SL,14,2.0,3.39,1.53,80.7,74.7,58.21,-0.79,50.0,6.11,1.62,1.73,4.14,1.62,4.32,-117.15,-3.69,5.79,21.0,-29.92,12.0,9.6,24.0,2477,93,,400284,,,,400284,0,1,0,bottom
2017-06-26,491245,1,445060,R,457759,R,7,Flyout,4,2,170627_022455,d46c73d7-5f1d-47cc-a6c7-7abca1bcae5a,1,0,1,B,Ball,SL,14,2.0,3.48,1.61,81.3,75.3,55.53,-0.99,50.0,5.98,0.7,1.25,4.05,1.23,2.73,-118.04,-4.53,5.74,21.31,-30.43,10.8,9.6,24.0,2364,88,,400284,,,,400284,0,1,0,bottom
2017-06-26,491245,1,445060,R,457759,R,7,Flyout,4,3,170627_022521,fa6b3a0a-670a-49ce-bbae-bf2121ff7eb5,3,0,1,*B,Ball In Dirt,FT,14,2.0,3.54,1.53,92.3,85.1,29.39,-0.58,50.0,5.75,1.59,0.32,-8.29,8.71,8.6,-133.5,-11.27,-15.1,26.12,-16.3,36.0,4.8,24.0,1921,226,,400284,,,,400284,0,1,0,bottom
2017-06-26,491245,1,445060,R,457759,R,7,Flyout,4,4,170627_022602,2a1247e6-29a8-4410-844b-0718aa443e06,3,0,1,X,In play- out(s),FF,9,2.0,3.51,1.51,93.0,85.3,46.63,-0.68,50.0,5.79,0.47,1.97,-3.33,11.37,4.21,-134.94,-8.11,-6.17,27.72,-11.09,22.8,3.6,24.0,2254,196,,400284,,,,400284,0,1,0,bottom
2017-06-26,491245,1,445060,R,641355,L,8,Walk,4,1,170627_022640,a927184c-b344-4d22-af04-1c830bfd5be9,0,0,2,B,Ball,KC,13,2.0,3.77,1.74,76.2,69.7,76.68,-0.98,50.0,6.3,-0.91,0.99,8.21,-3.04,-2.15,-110.44,-3.24,10.01,22.02,-35.88,14.4,12.0,24.0,2762,59,,,400284,641355,,400284,0,0,0,bottom
2017-06-26,491245,1,445060,R,641355,L,8,Walk,4,2,170627_022658,2ac6783e-f107-47a4-945b-a6ccbe57a09b,2,0,2,*B,Ball In Dirt,FS,14,2.0,3.77,1.8,83.6,77.0,35.25,-0.76,50.0,5.76,0.78,0.37,-6.18,9.58,5.62,-121.11,-9.19,-9.22,22.6,-17.87,22.8,6.0,24.0,1615,215,,,400284,641355,,400284,0,0,0,bottom
2017-06-26,491245,1,445060,R,641355,L,8,Walk,4,3,170627_022723,86b86b2b-38de-41f4-b3cd-85046f29d3de,3,0,2,*B,Ball In Dirt,FT,13,2.0,3.79,1.74,92.1,85.5,52.43,-0.97,50.0,5.63,-1.14,0.36,-7.95,7.64,2.27,-133.62,-10.54,-14.56,25.06,-18.16,34.8,6.0,24.0,2014,232,,,400284,641355,,400284,0,0,0,bottom
2017-06-26,491245,1,445060,R,641355,L,8,Walk,4,4,170627_022753,4ab5e4b4-6885-4308-8587-f041f3925082,3,0,2,B,Ball,FT,13,2.0,3.79,1.63,92.8,85.6,42.15,-0.88,50.0,5.84,-1.49,1.79,-8.74,6.54,1.4,-134.79,-7.05,-16.2,27.13,-20.04,37.2,6.0,24.0,2153,238,,,400284,641355,,400284,0,0,0,bottom
2017-06-26,491245,1,445060,R,518735,L,9,Walk,5,1,170627_022853,ec8c191c-aa1c-4fd0-a231-9bce8afef768,0,0,2,B,Ball,FS,13,2.0,3.23,1.45,80.9,75.0,67.28,-0.91,50.0,5.99,-1.36,2.02,-7.43,3.43,1.21,-117.57,-3.39,-10.5,20.29,-27.32,20.4,8.4,24.0,1404,252,641355,,400284,518735,641355,400284,0,0,0,bottom
2017-06-26,491245,1,445060,R,518735,L,9,Walk,5,2,170627_022931,fcaa2c79-837d-4923-841e-51eceeeeb906,1,1,2,C,Called Strike,FT,13,2.0,3.23,1.5,92.3,84.6,59.74,-0.79,50.0,5.93,-0.81,1.96,-8.11,8.53,2.73,-133.91,-7.36,-14.76,28.18,-16.63,38.4,4.8,24.0,1972,227,641355,,400284,518735,641355,400284,0,0,0,bottom
2017-06-26,491245,1,445060,R,518735,L,9,Walk,5,3,170627_022952,e2a53a60-2535-4a26-9693-0c91784c41ba,2,1,2,*B,Ball In Dirt,KC,13,2.0,3.15,1.45,76.6,70.7,27.02,-0.97,50.0,6.09,-0.03,0.68,6.3,-4.92,0.28,-111.16,-3.1,7.84,20.93,-38.3,12.0,13.2,24.0,2555,45,641355,,400284,518735,641355,400284,0,0,0,bottom
2017-06-26,491245,1,445060,R,518735,L,9,Walk,5,4,170627_023039,a80448e9-6574-4133-b49c-7ce8140a0186,2,1,2,B,Ball,SL,13,2.0,3.19,1.5,79.4,74.3,55.99,-1.24,50.0,5.85,-1.03,1.67,4.75,-0.8,-0.93,-115.49,-2.37,6.52,18.12,-33.27,10.8,9.6,24.0,2350,69,641355,,400284,518735,641355,400284,0,0,0,bottom
2017-06-26,491245,1,445060,R,518735,L,9,Walk,5,5,170627_023103,19231bfa-5a42-4127-88b2-155a309e3fd3,3,1,2,B,Ball,FF,11,2.0,3.23,1.62,93.7,85.9,27.38,-0.78,50.0,5.96,-1.95,2.91,-3.36,12.06,-1.97,-136.01,-6.46,-6.33,28.42,-9.46,32.4,2.4,24.0,2124,198,641355,,400284,518735,641355,400284,0,0,0,bottom
2017-06-26,491245,1,445060,R,592626,L,10,Strikeout,3,1,170627_023155,01d6dbbf-4e1b-491b-a138-904357a82750,0,1,2,C,Called Strike,FF,11,2.0,3.59,1.69,93.5,85.9,66.68,-0.77,50.0,6.04,-0.85,2.74,-6.79,9.89,2.15,-135.75,-6.33,-12.76,27.58,-13.58,39.6,3.6,24.0,1988,217,518735,641355,400284,,,,0,1,0,bottom
2017-06-26,491245,1,445060,R,592626,L,10,Strikeout,3,2,170627_023229,64a9cacc-ec15-404c-b1c1-1c9ae48ada73,0,1,2,S,Swinging Strike,SL,8,2.0,3.36,1.47,82.6,76.9,28.35,-0.83,50.0,5.88,-0.07,1.69,2.1,-1.5,1.16,-120.03,-2.78,3.1,20.37,-34.4,4.8,9.6,24.0,2489,42,518735,641355,400284,,,,0,1,0,bottom
2017-06-26,491245,1,445060,R,592626,L,10,Strikeout,3,3,170627_023259,c423f197-ed48-4b76-948b-cafe5d6fa1d4,0,2,2,S,Swinging Strike,SL,13,2.0,3.36,1.47,79.6,74.2,28.83,-1.12,50.0,5.9,-0.47,1.05,4.07,0.36,0.28,-115.7,-4.22,5.58,19.27,-31.69,9.6,9.6,24.0,2403,77,518735,641355,400284,,,,0,1,0,bottom
2017-06-26,491245,2,445060,R,624577,R,14,Groundout,5,1,170627_024419,9ec434ae-bd94-4ea0-9d07-14c1b4881a45,0,1,0,C,Called Strike,SL,14,2.0,3.53,1.63,83.9,77.2,87.25,-0.86,50.0,6.1,0.85,1.83,3.65,3.43,2.95,-121.7,-4.63,5.49,23.26,-27.02,12.0,7.2,24.0,2322,117,,,,,,,0,1,0,bottom
2017-06-26,491245,2,445060,R,624577,R,14,Groundout,5,2,170627_024431,3d6d9726-a777-4951-9f3f-5297a2ddae1e,0,1,0,B,Ball,FF,11,2.0,3.45,1.64,90.9,83.9,19.15,-0.99,50.0,5.87,-2.04,2.65,-6.98,8.42,-0.36,-132.14,-5.16,-12.47,25.53,-17.14,34.8,4.8,24.0,2161,224,,,,,,,0,1,0,bottom
2017-06-26,491245,2,445060,R,624577,R,14,Groundout,5,3,170627_024448,46d1ca39-b342-4b4f-a813-f4dda6008ae2,1,1,0,S,Swinging Strike,KC,14,2.0,3.54,1.53,77.2,71.4,54.77,-0.78,50.0,6.06,1.11,0.79,8.34,-6.49,1.78,-112.19,-2.49,10.55,21.52,-40.4,14.4,13.2,24.0,2712,48,,,,,,,0,1,0,bottom
2017-06-26,491245,2,445060,R,624577,R,14,Groundout,5,4,170627_024510,4f0058f3-b1ac-45e1-8b5f-ce87e8228f1f,1,2,0,B,Ball,SL,14,2.0,3.32,1.53,81.9,76.3,41.58,-0.74,50.0,5.82,1.16,0.59,3.27,-2.64,3.48,-119.05,-4.68,4.73,21.51,-35.99,8.4,10.8,24.0,2464,43,,,,,,,0,1,0,bottom
2017-06-26,491245,2,445060,R,624577,R,14,Groundout,5,5,170627_024533,60c13430-1dcc-4621-85c5-41d4a26dba01,2,2,0,X,In play- out(s),FT,14,2.0,3.54,1.53,93.0,85.4,56.45,-0.31,50.0,5.89,0.92,2.32,-8.15,7.69,6.11,-134.85,-6.18,-15.11,27.27,-17.9,36.0,4.8,24.0,2229,229,,,,,,,0,1,0,bottom
2017-06-26,491245,2,445060,R,571771,R,15,Strikeout,4,1,170627_024611,fca4e17d-6ad4-4cec-af79-ec67d610af67,0,1,1,C,Called Strike,FT,2,2.0,3.03,1.39,92.8,85.4,42.16,-0.41,50.0,6.01,0.14,2.67,-7.95,8.98,4.22,-134.76,-6.01,-14.74,27.04,-15.52,39.6,4.8,24.0,1999,224,,,,,,,0,1,0,bottom
2017-06-26,491245,2,445060,R,571771,R,15,Strikeout,4,2,170627_024624,34923669-49c9-4d32-8351-545dbff212af,0,2,1,F,Foul,KC,9,2.0,3.16,1.4,77.4,71.4,56.26,-0.85,50.0,6.21,0.67,1.9,8.65,-4.43,0.87,-112.45,-1.03,11.04,20.98,-37.83,16.8,12.0,24.0,2722,58,,,,,,,0,1,0,bottom
2017-06-26,491245,2,445060,R,571771,R,15,Strikeout,4,3,170627_024647,79b54bc2-e4f5-4584-a4d8-4b9cbcdcdbfe,0,2,1,B,Ball,KC,11,2.0,2.97,1.41,75.8,69.5,30.2,-0.96,50.0,6.2,-1.31,2.38,8.52,-5.93,-3.16,-109.98,0.83,10.37,20.57,-39.4,14.4,13.2,24.0,2555,49,,,,,,,0,1,0,bottom
2017-06-26,491245,2,445060,R,571771,R,15,Strikeout,4,4,170627_024705,978e0b99-2b34-41a2-8442-cefac15a3432,1,2,1,S,Swinging Strike,SL,14,2.0,3.16,1.4,81.9,76.3,57.69,-0.7,50.0,5.8,1.08,1.46,3.74,-1.98,3.06,-119.02,-2.81,5.42,20.52,-35.04,9.6,9.6,24.0,2417,53,,,,,,,0,1,0,bottom
2017-06-26,491245,2,445060,R,448179,L,16,Groundout,5,1,170627_024737,0935a971-91f4-40ba-ad19-ca316c1aa14f,0,0,2,B,Ball,FF,11,2.0,3.51,1.75,92.0,84.5,67.12,-0.7,50.0,6.0,-0.96,2.74,-4.37,11.14,0.81,-133.58,-6.38,-7.95,26.96,-11.9,30.0,3.6,24.0,2219,203,,,,,,,0,1,0,bottom
2017-06-26,491245,2,445060,R,448179,L,16,Groundout,5,2,170627_024749,5d86f356-230b-43ad-b15b-e0b2919acd1e,1,0,2,B,Ball,FF,11,2.0,3.36,1.75,92.3,84.2,69.35,-0.99,50.0,6.08,-0.88,3.52,-5.47,14.0,2.19,-133.97,-5.52,-9.96,28.33,-6.67,50.4,2.4,24.0,2206,202,,,,,,,0,1,0,bottom
2017-06-26,491245,2,445060,R,448179,L,16,Groundout,5,3,170627_024802,b7a4abf1-2ec5-4528-8a3f-2d54e275eb42,2,1,2,C,Called Strike,FF,4,2.0,3.53,1.75,90.0,82.9,41.4,-0.98,50.0,5.93,-0.56,2.78,-4.46,10.44,2.6,-130.75,-5.48,-7.8,24.9,-13.92,26.4,3.6,24.0,2099,204,,,,,,,0,1,0,bottom
2017-06-26,491245,2,445060,R,448179,L,16,Groundout,5,4,170627_024816,feaf9d2b-3662-42e7-b4f9-ed1ab143f5a7,2,1,2,S,Swinging Strike,FT,1,2.0,3.2,1.49,90.8,84.0,50.6,-0.83,50.0,5.78,-0.4,2.94,-6.91,4.74,3.46,-132.08,-2.93,-12.37,24.67,-23.69,26.4,6.0,24.0,1957,239,,,,,,,0,1,0,bottom
2017-06-26,491245,2,445060,R,448179,L,16,Groundout,5,5,170627_024831,748793f1-983b-4dc2-bc64-a9cff086b2fd,2,2,2,X,In play- out(s),FT,7,2.0,3.2,1.49,91.8,85.2,55.03,-0.96,50.0,5.75,-0.61,2.0,-6.66,6.4,3.22,-133.43,-6.07,-12.2,24.5,-20.46,28.8,6.0,24.0,1970,230,,,,,,,0,1,0,bottom
2017-06-26,491245,3,445060,R,400284,L,23,Flyout,2,1,170627_030500,7847c5a4-2c94-4f91-b61d-8ddb45953c1e,0,0,0,B,Ball,FF,11,2.0,3.44,1.61,90.6,83.1,41.15,-0.91,50.0,6.06,-1.32,2.83,-7.83,10.08,1.56,-131.56,-5.64,-13.78,26.76,-14.43,40.8,4.8,24.0,1978,221,,,,,,,0,1,2,bottom
2017-06-26,491245,3,445060,R,400284,L,23,Flyout,2,2,170627_030518,2eae664a-1338-426e-8255-ed3a97cd26be,1,0,0,X,In play- out(s),FT,11,2.0,3.43,1.47,90.9,83.5,66.61,-0.86,50.0,6.05,-0.89,3.11,-8.08,8.53,2.65,-132.0,-4.42,-14.35,26.11,-17.01,37.2,4.8,24.0,2033,226,,,,,,,0,1,2,bottom
2017-06-26,491245,3,445060,R,621035,R,24,Double,3,1,170627_030607,d7619ee1-de23-4c7e-8ccd-f86b83b8afeb,0,1,1,C,Called Strike,FF,6,2.0,3.45,1.53,92.3,84.6,54.72,-0.53,50.0,6.04,0.45,2.69,-4.9,10.98,4.3,-133.89,-6.59,-8.94,27.27,-12.12,31.2,3.6,24.0,2189,204,,,,,621035,,0,0,2,bottom
2017-06-26,491245,3,445060,R,621035,R,24,Double,3,2,170627_030622,7623177a-d299-477c-8e69-85b1a9bf64e1,0,1,1,B,Ball,KC,14,2.0,3.43,1.61,77.0,71.1,32.97,-0.73,50.0,6.1,1.4,0.76,7.5,-4.43,2.54,-111.79,-3.17,9.42,21.56,-37.73,14.4,13.2,24.0,2696,53,,,,,621035,,0,0,2,bottom
2017-06-26,491245,3,445060,R,621035,R,24,Double,3,3,170627_030647,0c634c63-9b54-440b-85ca-b8eff7c0784f,1,1,1,D,In play- no out,SL,14,2.0,3.39,1.45,82.4,75.9,50.74,-0.89,50.0,6.1,0.83,1.92,5.06,3.35,2.52,-119.58,-4.08,7.34,22.61,-27.31,15.6,8.4,24.0,1214,110,,,,,621035,,0,0,2,bottom
2017-06-26,491245,3,445060,R,457759,R,25,Groundout,7,1,170627_030739,8fcdca8a-de76-4277-8634-211d43ebed5e,0,1,1,C,Called Strike,KC,5,2.0,3.53,1.67,75.3,69.2,55.92,-0.89,50.0,6.32,-0.17,2.77,6.75,-5.88,-0.34,-109.26,1.46,8.12,19.97,-39.25,12.0,13.2,24.0,2589,45,,621035,,,621035,,0,1,2,bottom
2017-06-26,491245,3,445060,R,457759,R,25,Groundout,7,2,170627_030804,76b731a8-d2c4-4da1-a7b7-fd9d41c67d03,0,1,1,B,Ball,SL,14,2.0,3.54,1.61,82.1,75.9,59.64,-0.85,50.0,6.1,1.22,1.54,2.98,4.65,3.97,-119.2,-5.37,4.31,21.63,-25.44,10.8,7.2,24.0,2424,132,,621035,,,621035,,0,1,2,bottom
2017-06-26,491245,3,445060,R,457759,R,25,Groundout,7,3,170627_030840,3346458e-9ca8-4c34-afa0-4f6fa5e6838a,1,1,1,B,Ball,FF,14,2.0,3.42,1.62,92.3,84.9,28.44,-0.36,50.0,5.9,1.52,1.93,-2.76,12.2,5.95,-133.84,-8.66,-5.05,26.42,-9.85,19.2,2.4,24.0,2250,191,,621035,,,621035,,0,1,2,bottom
2017-06-26,491245,3,445060,R,457759,R,25,Groundout,7,4,170627_030904,ece922a4-2a5b-4096-a2df-c43ec0b95b7e,2,2,1,F,Foul,FT,12,2.0,3.51,1.51,93.2,85.9,67.18,-0.45,50.0,5.71,0.85,3.27,-7.31,5.04,6.03,-135.33,-2.31,-13.72,26.27,-22.72,28.8,6.0,24.0,2161,237,,621035,,,621035,,0,1,2,bottom
2017-06-26,491245,3,445060,R,457759,R,25,Groundout,7,5,170627_030946,e112eeba-610b-480e-b21b-74b1158a4e5e,3,2,1,*B,Ball In Dirt,FS,14,2.0,3.46,1.53,83.0,76.9,11.47,-0.81,50.0,5.7,2.39,0.4,-5.78,5.69,9.39,-120.0,-7.59,-8.53,20.8,-23.79,15.6,7.2,24.0,1391,229,,621035,,,621035,,0,1,2,bottom
2017-06-26,491245,3,445060,R,457759,R,25,Groundout,7,6,170627_031020,72ac9d14-0ce3-4b57-94c7-3a4bfa0f397a,3,2,1,X,In play- out(s),FT,5,2.0,3.51,1.51,93.3,86.1,33.77,-0.8,50.0,5.88,0.22,2.64,-6.84,7.9,5.13,-135.56,-5.49,-12.86,26.63,-17.31,32.4,4.8,24.0,2102,222,,621035,,,621035,,0,1,2,bottom
2017-06-26,491245,3,445060,R,641355,L,26,Strikeout,5,1,170627_031114,ad3f39d8-82cc-4c47-93d8-d3dffa4c6f28,0,1,2,F,Foul,FS,4,2.0,3.81,1.5,83.1,76.4,74.67,-1.07,50.0,5.82,-0.25,2.33,-3.63,7.47,3.08,-120.59,-3.91,-5.37,22.24,-21.12,12.0,6.0,24.0,1329,207,,621035,,,,,0,1,2,bottom
2017-06-26,491245,3,445060,R,641355,L,26,Strikeout,5,2,170627_031144,b16ff4d2-fbd2-488a-b8c6-bec7057c069e,0,1,2,B,Ball,FF,11,2.0,3.73,1.63,91.6,83.6,30.04,-0.73,50.0,6.12,-0.36,4.87,-5.29,9.07,2.79,-133.03,-0.25,-9.5,27.75,-15.86,28.8,3.6,24.0,2155,210,,621035,,,,,0,1,2,bottom
2017-06-26,491245,3,445060,R,641355,L,26,Strikeout,5,3,170627_031208,8a2dfa2c-6e24-4a93-a3dd-ad8c7874498b,1,1,2,S,Swinging Strike,FF,3,2.0,3.81,1.5,93.3,85.1,54.71,-0.61,50.0,6.09,0.61,3.59,-4.22,11.52,4.75,-135.43,-4.7,-7.86,29.14,-10.74,30.0,2.4,24.0,2112,199,,621035,,,,,0,1,2,bottom
2017-06-26,491245,3,445060,R,641355,L,26,Strikeout,5,4,170627_031232,b44ada72-c1c1-4781-9d3c-7fd8cd9f6e3c,1,2,2,B,Ball,SL,13,2.0,3.83,1.74,82.8,76.7,26.42,-1.07,50.0,6.03,-1.48,1.96,3.82,1.63,-2.17,-120.29,-3.44,5.65,21.45,-29.77,9.6,8.4,24.0,2451,97,,621035,,,,,0,1,2,bottom
2017-06-26,491245,3,445060,R,641355,L,26,Strikeout,5,5,170627_031307,c6d025d9-3e61-4b56-9000-1cff9ef43c10,2,2,2,S,Swinging Strike,SL,9,2.0,3.81,1.5,81.9,75.7,45.13,-0.74,50.0,6.09,0.57,1.81,5.77,1.6,1.33,-118.95,-3.71,8.31,21.87,-29.87,15.6,8.4,24.0,2464,93,,621035,,,,,0,1,2,bottom
2017-06-26,491245,4,445060,R,518735,L,31,Pop Out,1,1,170627_032239,70c30f99-45fc-4d5e-aa1c-f7ecef9bf50d,0,0,0,X,In play- out(s),FF,6,2.0,3.21,1.41,91.7,84.7,50.35,-0.61,50.0,5.97,0.39,2.4,-2.31,10.8,3.43,-133.24,-7.08,-4.2,25.17,-12.5,14.4,3.6,24.0,2127,191,,,,,,,0,1,3,bottom
2017-06-26,491245,4,445060,R,592626,L,32,Flyout,5,1,170627_032310,0451746d-f791-491c-a71c-b8cdfbdd53cd,0,1,1,C,Called Strike,FF,7,2.0,3.6,1.73,92.7,85.0,57.76,-0.87,50.0,5.94,-0.44,2.28,-4.59,12.48,2.73,-134.52,-8.03,-8.46,27.54,-9.16,36.0,2.4,24.0,2184,201,,,,,,,0,1,3,bottom
2017-06-26,491245,4,445060,R,592626,L,32,Flyout,5,2,170627_032323,7bc2b34a-0812-4fcd-af68-f5c5ad056aef,0,1,1,B,Ball,FF,12,2.0,3.62,1.77,92.3,85.0,59.07,-0.39,50.0,5.98,0.61,3.96,-4.54,8.19,4.21,-134.07,-2.14,-8.35,25.72,-17.08,22.8,3.6,24.0,2147,209,,,,,,,0,1,3,bottom
2017-06-26,491245,4,445060,R,592626,L,32,Flyout,5,3,170627_032336,c80e4dcd-61b2-40e9-bfbf-3c82dbbc36c6,1,1,1,S,Swinging Strike,SL,14,2.0,3.36,1.47,82.7,76.1,57.44,-0.9,50.0,5.97,1.05,1.56,4.95,3.86,3.1,-120.06,-4.85,7.24,23.07,-26.54,15.6,8.4,24.0,2466,114,,,,,,,0,1,3,bottom
2017-06-26,491245,4,445060,R,592626,L,32,Flyout,5,4,170627_032406,1ae442dd-401a-41ff-9d71-76c0afdef2f0,1,2,1,B,Ball,KC,14,2.0,3.53,1.71,76.8,70.8,33.05,-0.74,50.0,6.06,1.55,1.05,9.09,-3.15,2.44,-111.44,-2.77,11.35,21.31,-36.1,18.0,12.0,24.0,2654,64,,,,,,,0,1,3,bottom
2017-06-26,491245,4,445060,R,592626,L,32,Flyout,5,5,170627_032442,5b42403a-96c8-4679-9fd4-f1705c743202,2,2,1,X,In play- out(s),SL,5,2.0,3.36,1.47,80.7,74.5,16.49,-1.18,50.0,6.03,0.03,2.54,4.46,-0.62,1.44,-117.24,-0.97,6.24,21.21,-33.04,10.8,9.6,24.0,2445,72,,,,,,,0,1,3,bottom
2017-06-26,491245,4,445060,R,624577,R,33,Single,1,1,170627_032533,5501d22a-e576-4c25-a0b7-393ed05ecc4f,0,0,2,D,In play- no out,FT,4,2.0,3.54,1.53,93.0,84.9,40.94,-0.64,50.0,5.86,-0.3,2.38,-7.16,7.49,3.4,-135.0,-5.82,-13.2,29.59,-18.36,32.4,4.8,24.0,2075,227,,,,624577,,,0,0,3,bottom
2017-06-26,491245,4,445060,R,571771,R,34,Forceout,7,1,170627_032602,dc341c78-5024-46e6-8f60-7cee1f3322dc,0,0,2,B,Ball,SL,14,2.0,3.16,1.47,83.3,76.7,74.19,-0.86,50.0,5.8,0.99,0.94,3.81,2.3,3.25,-120.84,-5.56,5.64,23.6,-28.78,12.0,8.4,24.0,,100,624577,,,,,,0,1,3,bottom
2017-06-26,491245,4,445060,R,571771,R,34,Forceout,7,2,170627_032639,886c9745-3ca4-45a1-8b98-5453d3879624,1,0,2,S,Swinging Strike,SL,8,2.0,3.16,1.4,83.3,76.0,23.63,-1.03,50.0,5.84,-0.07,1.81,1.77,-0.11,1.73,-120.76,-2.77,2.6,25.21,-32.34,4.8,9.6,24.0,,56,624577,,,,,,0,1,3,bottom
2017-06-26,491245,4,445060,R,571771,R,34,Forceout,7,3,170627_032709,9b4da6dd-58e0-4ed0-bb09-1d1226b006ae,1,1,2,B,Ball,FF,14,2.0,3.22,1.52,92.1,84.6,45.36,-0.56,50.0,5.75,1.2,1.02,-7.95,9.39,7.38,-133.36,-9.6,-14.4,27.06,-15.16,37.2,4.8,24.0,1979,222,624577,,,,,,0,1,3,bottom
2017-06-26,491245,4,445060,R,571771,R,34,Forceout,7,4,170627_032739,e96050ad-97d9-4ce6-8261-80c11ebd7894,2,2,2,F,Foul,FF,5,2.0,3.16,1.4,93.1,84.9,26.69,-0.81,50.0,5.82,-0.15,2.39,-5.71,12.81,3.74,-135.06,-7.56,-10.56,29.29,-8.5,44.4,3.6,24.0,2107,205,624577,,,,,,0,1,3,bottom
2017-06-26,491245,4,445060,R,571771,R,34,Forceout,7,5,170627_032837,3b676f03-4abe-47de-a34b-7a358377c79b,2,2,2,X,In play- out(s),SL,14,2.0,3.16,1.4,83.1,76.9,38.7,-1.0,50.0,5.87,0.2,1.28,2.85,1.6,1.98,-120.65,-4.73,4.23,22.06,-29.8,8.4,8.4,24.0,,95,624577,,,,,,0,1,3,bottom
2017-06-26,491245,5,445060,R,448179,L,38,Strikeout,3,1,170627_033647,ec316c06-7dd5-4b40-be5f-09db7468dc43,0,1,0,F,Foul,FT,11,2.0,3.2,1.49,90.7,84.0,30.33,-0.96,50.0,5.86,-1.35,2.45,-10.97,5.74,2.72,-131.84,-4.73,-19.57,24.58,-21.93,39.6,7.2,24.0,2095,246,,,,,,,0,1,3,bottom
2017-06-26,491245,5,445060,R,448179,L,38,Strikeout,3,2,170627_033705,ffd01341-b979-48bb-88c4-8d41b5256115,0,2,0,M,Missed Bunt,KC,13,2.0,3.2,1.49,73.6,67.3,34.18,-1.21,50.0,6.21,-1.9,1.94,7.68,-6.61,-3.53,-106.67,0.52,8.74,20.42,-39.7,12.0,14.4,24.0,2638,42,,,,,,,0,1,3,bottom
2017-06-26,491245,5,445060,R,448179,L,38,Strikeout,3,3,170627_033728,4e97d51d-da7f-4c5b-8dda-8c9d9811cb76,0,2,0,S,Swinging Strike,SL,14,2.0,3.2,1.49,79.4,74.3,17.75,-1.11,50.0,5.77,0.13,1.0,4.29,-2.25,1.56,-115.55,-3.24,5.88,18.93,-35.26,9.6,10.8,24.0,2335,53,,,,,,,0,1,3,bottom
2017-06-26,491245,5,445060,R,400284,L,39,Flyout,3,1,170627_033823,f800d119-9a72-42cc-82db-dd79d5e35f5c,0,0,1,B,Ball,FF,11,2.0,3.33,1.73,92.6,84.3,82.97,-1.0,50.0,6.05,-1.03,3.41,-4.67,13.12,1.53,-134.38,-5.45,-8.53,29.4,-8.2,40.8,2.4,24.0,2154,200,,,,,,,0,1,3,bottom
2017-06-26,491245,5,445060,R,400284,L,39,Flyout,3,2,170627_033844,ace2b52b-a938-4ff4-b8f7-26d79d9b27da,1,0,1,B,Ball,FT,13,2.0,3.44,1.67,90.6,83.8,39.45,-0.79,50.0,5.84,-1.37,1.8,-7.06,7.44,0.87,-131.7,-6.89,-12.52,25.37,-18.98,31.2,6.0,24.0,1887,229,,,,,,,0,1,3,bottom
2017-06-26,491245,5,445060,R,400284,L,39,Flyout,3,3,170627_033914,cf3da9f0-c1dd-49bf-9140-39330fb78fbc,2,0,1,X,In play- out(s),FF,4,2.0,3.43,1.47,91.0,83.5,38.36,-0.86,50.0,5.9,-0.41,2.62,-6.01,8.85,3.23,-132.05,-5.42,-10.68,26.64,-16.45,30.0,4.8,24.0,2060,216,,,,,,,0,1,3,bottom
2017-06-26,491245,5,445060,R,621035,R,40,Groundout,5,1,170627_033944,2fda7d44-7b83-478b-b532-c80cd77e06b4,0,1,2,C,Called Strike,SL,6,2.0,3.5,1.62,82.5,76.3,72.49,-0.95,50.0,5.96,0.66,2.28,2.35,2.86,3.09,-119.84,-2.85,3.45,21.18,-27.97,8.4,8.4,24.0,2246,123,,,,,,,0,1,3,bottom
2017-06-26,491245,5,445060,R,621035,R,40,Groundout,5,2,170627_034001,a9e6b8ed-225e-4f66-95c6-73c9c87503e0,0,1,2,B,Ball,KC,14,2.0,3.45,1.52,77.2,70.3,43.62,-0.89,50.0,6.05,0.51,0.02,9.41,-2.5,0.39,-111.91,-5.15,11.67,24.38,-35.27,18.0,12.0,24.0,2750,65,,,,,,,0,1,3,bottom
2017-06-26,491245,5,445060,R,621035,R,40,Groundout,5,3,170627_034034,8ad8d3af-ef98-4c62-b6ac-18b9cab72865,1,1,2,B,Ball,SL,14,2.0,3.47,1.65,81.7,75.5,58.85,-1.04,50.0,5.93,0.78,1.3,3.3,0.53,3.28,-118.6,-4.15,4.71,21.95,-31.41,9.6,9.6,24.0,2467,78,,,,,,,0,1,3,bottom
2017-06-26,491245,5,445060,R,621035,R,40,Groundout,5,4,170627_034052,6e96b083-2cad-43c6-8abf-31e2250099a0,2,1,2,B,Ball,FT,14,2.0,3.43,1.59,92.3,84.9,32.45,-0.44,50.0,5.81,1.78,2.0,-7.85,6.92,8.58,-133.73,-6.4,-14.35,26.47,-19.54,31.2,4.8,24.0,2130,231,,,,,,,0,1,3,bottom
2017-06-26,491245,5,445060,R,621035,R,40,Groundout,5,5,170627_034112,2cb9b4a7-e562-4726-9b57-e553c2619170,3,1,2,X,In play- out(s),FT,11,2.0,3.39,1.45,91.1,83.1,64.65,-1.06,50.0,5.91,-0.77,3.04,-8.26,9.79,3.56,-132.23,-4.65,-14.63,28.22,-14.83,40.8,4.8,24.0,1981,222,,,,,,,0,1,3,bottom
2017-06-26,491245,6,445060,R,457759,R,44,Groundout,1,1,170627_035032,cff9c5f5-8a82-47c7-9b70-a5de75eb1f44,0,0,0,X,In play- out(s),FF,5,2.0,3.51,1.51,90.8,84.1,44.35,-0.73,50.0,5.95,-0.23,2.57,-6.05,7.75,3.38,-132.04,-5.38,-10.83,24.43,-18.3,27.6,4.8,24.0,1888,220,,,,,,,0,1,3,bottom
2017-06-26,491245,6,445060,R,641355,L,45,Strikeout,4,1,170627_035106,c676b63f-373d-4c76-8033-5536469b7484,0,0,1,B,Ball,FF,11,2.0,3.77,1.76,91.5,83.7,54.88,-0.85,50.0,6.03,-1.45,3.9,-3.64,10.89,-0.32,-132.85,-3.19,-6.53,27.3,-12.63,26.4,3.6,24.0,2222,200,,,,,,,0,1,3,bottom
2017-06-26,491245,6,445060,R,641355,L,45,Strikeout,4,2,170627_035120,d01b3682-41a5-4ea2-a441-c7dc13bf60d0,1,1,1,C,Called Strike,FT,13,2.0,3.81,1.72,91.0,83.8,69.48,-1.06,50.0,5.75,-0.89,1.9,-9.71,7.15,3.75,-132.15,-6.38,-17.3,26.21,-19.44,38.4,6.0,24.0,2135,238,,,,,,,0,1,3,bottom
2017-06-26,491245,6,445060,R,641355,L,45,Strikeout,4,3,170627_035140,4047e3b4-8e77-48c1-a3f9-b61efcacbbec,1,2,1,F,Foul,SL,14,2.0,3.81,1.5,82.3,76.7,51.94,-1.02,50.0,5.86,0.81,2.2,4.04,2.13,3.09,-119.69,-2.61,5.95,19.83,-29.04,12.0,8.4,24.0,,105,,,,,,,0,1,3,bottom
2017-06-26,491245,6,445060,R,641355,L,45,Strikeout,4,4,170627_035206,df632a4d-1989-4ed8-bfac-1fc1666fbd9f,1,3,1,C,Called Strike,FF,14,2.0,3.73,1.65,93.0,85.3,46.9,-0.67,50.0,5.87,0.71,2.38,-6.03,9.13,5.79,-134.84,-6.45,-11.17,27.54,-15.25,31.2,4.8,24.0,2118,214,,,,,,,0,1,3,bottom
2017-06-26,491245,6,445060,R,518735,L,46,Lineout,2,1,170627_035239,cfdeb5f9-204c-43dd-98c3-50b11cb67cb1,0,0,2,B,Ball,SL,14,2.0,3.21,1.47,83.1,76.7,53.35,-0.97,50.0,5.87,1.48,1.9,3.22,3.2,4.85,-120.54,-3.71,4.77,22.32,-27.44,10.8,8.4,24.0,2589,116,,,,,,,0,1,3,bottom
2017-06-26,491245,6,445060,R,518735,L,46,Lineout,2,2,170627_035248,35e50250-4cff-47c8-ae4d-d5d2e2f639df,1,0,2,X,In play- out(s),FT,7,2.0,3.21,1.41,90.9,83.7,52.46,-0.78,50.0,5.79,-0.61,1.86,-7.39,7.2,2.95,-131.9,-6.55,-13.11,26.02,-19.39,31.2,6.0,24.0,2036,230,,,,,,,0,1,3,bottom
2017-06-26,491245,7,445060,R,592626,L,51,Groundout,1,1,170627_040852,41e55ffa-2ef2-44b0-ae98-d963b20ec064,0,0,0,X,In play- out(s),FT,11,2.0,3.36,1.47,90.3,83.3,57.75,-0.86,50.0,5.83,-1.06,2.45,-7.75,8.02,2.12,-131.15,-5.32,-13.64,25.01,-18.06,34.8,4.8,24.0,1972,227,,,,,,,0,1,3,bottom
2017-06-26,491245,7,445060,R,624577,R,52,Single,2,1,170627_040922,5444486e-59a7-4972-8030-d5bf8fbb058b,0,0,1,B,Ball,FF,1,2.0,3.43,1.51,91.1,83.5,69.09,-1.03,50.0,5.88,-0.61,3.18,-7.61,10.75,3.67,-132.18,-4.57,-13.54,26.59,-13.04,42.0,4.8,24.0,2064,217,,,,624577,,,0,0,3,bottom
2017-06-26,491245,7,445060,R,624577,R,52,Single,2,2,170627_040935,de419a3a-2f40-4c2f-bec7-38d4db1388ce,1,0,1,D,In play- no out,SL,8,2.0,3.54,1.53,80.5,74.6,32.1,-1.19,50.0,5.93,0.18,1.78,1.32,4.71,2.78,-116.91,-4.09,1.85,20.01,-25.59,4.8,7.2,24.0,,154,,,,624577,,,0,0,3,bottom
2017-06-26,491245,7,445060,R,571771,R,53,Double,1,1,170627_041121,65bb51c5-6122-409a-9833-2c62976150cd,0,0,1,D,In play- no out,FT,9,2.0,3.16,1.4,91.4,84.0,49.25,-0.89,50.0,5.77,0.25,1.62,-7.36,8.5,5.49,-132.55,-7.65,-13.18,26.67,-16.95,33.6,4.8,24.0,2114,223,624577,,,,571771,624577,0,0,3,bottom
2017-07-01,491319,1,445060,R,516416,R,0,Flyout,2,1,170702_022142,86fb657b-d5db-4c91-8041-f06c13db9737,0,1,0,C,Called Strike,FT,4,2.0,3.08,1.56,90.3,82.8,52.45,-0.68,50.0,5.94,-0.65,2.22,-8.72,5.93,3.0,-131.1,-5.42,-15.21,27.14,-21.84,32.4,6.0,24.0,2034,241,,,,,,,0,1,0,top
2017-07-01,491319,1,445060,R,516416,R,0,Flyout,2,2,170702_022206,ccaaaee3-de65-43b7-94f9-5c2da9ffe127,0,1,0,X,In play- out(s),SL,9,2.0,3.14,1.32,81.6,76.0,53.88,-1.0,50.0,5.9,0.61,1.38,3.09,-3.48,2.82,-118.66,-2.71,4.44,20.9,-37.18,7.2,10.8,24.0,2404,37,,,,,,,0,1,0,top
2017-07-01,491319,1,445060,R,592325,L,1,Groundout,8,1,170702_022232,5508a2b7-459a-467c-a67a-85edd318b9f4,0,0,1,B,Ball,FF,13,2.0,3.11,1.37,90.1,82.7,68.63,-0.79,50.0,5.98,-0.89,2.07,-5.85,9.11,1.72,-130.76,-6.96,-10.18,26.33,-16.32,28.8,4.8,24.0,2190,216,,,,,,,0,1,0,top
2017-07-01,491319,1,445060,R,592325,L,1,Groundout,8,2,170702_022245,670eea11-8f60-4c5f-a7bf-78f4f3029bb7,1,0,1,B,Ball,FT,13,2.0,3.24,1.45,90.5,83.7,68.65,-0.98,50.0,5.8,-0.87,1.62,-10.66,3.96,3.91,-131.37,-6.06,-18.81,25.33,-25.19,34.8,7.2,24.0,2071,255,,,,,,,0,1,0,top
2017-07-01,491319,1,445060,R,592325,L,1,Groundout,8,3,170702_022301,3ac93660-960b-4e1c-8da8-d82eaca45331,2,1,1,C,Called Strike,FF,8,2.0,3.16,1.34,90.9,83.5,39.02,-0.73,50.0,5.93,0.07,1.43,-6.06,9.77,4.14,-131.77,-8.88,-10.72,26.4,-14.88,31.2,4.8,24.0,2257,214,,,,,,,0,1,0,top
2017-07-01,491319,1,445060,R,592325,L,1,Groundout,8,4,170702_022319,3ffae5bc-e64b-445d-9698-9bdc69d3fbfe,2,2,1,F,Foul,SL,8,2.0,3.24,1.36,80.0,74.7,26.88,-1.13,50.0,5.88,0.21,1.92,2.04,-2.59,2.48,-116.35,-1.43,2.84,18.76,-35.78,4.8,10.8,24.0,,34,,,,,,,0,1,0,top
2017-07-01,491319,1,445060,R,592325,L,1,Groundout,8,5,170702_022339,c3bd09ca-f180-4745-a31d-bc716a9ad57f,2,2,1,B,Ball,SL,14,2.0,3.26,1.52,80.9,75.2,17.47,-0.93,50.0,6.0,1.92,0.5,4.81,-5.19,5.17,-117.5,-4.25,6.72,22.29,-39.44,10.8,12.0,24.0,2521,40,,,,,,,0,1,0,top
2017-07-01,491319,1,445060,R,592325,L,1,Groundout,8,6,170702_022401,6b035d7c-4905-4e0e-a3e7-6290444b414d,3,2,1,F,Foul,FT,4,2.0,3.25,1.36,90.3,82.8,48.66,-0.8,50.0,5.84,-0.71,2.38,-9.66,2.45,3.5,-131.15,-3.58,-16.86,27.32,-27.9,30.0,7.2,24.0,1984,261,,,,,,,0,1,0,top
2017-07-01,491319,1,445060,R,592325,L,1,Groundout,8,7,170702_022425,59e61873-46ef-426a-bcf5-f8b0b3d8cffd,3,2,1,F,Foul,FT,11,2.0,3.25,1.36,91.4,83.5,61.96,-0.88,50.0,5.85,-0.74,2.81,-9.38,5.69,3.57,-132.68,-3.75,-16.71,28.49,-22.03,34.8,6.0,24.0,1991,243,,,,,,,0,1,0,top
2017-07-01,491319,1,445060,R,592325,L,1,Groundout,8,8,170702_022450,816f54cc-7242-4e1b-ae6c-4cdcf5e1bf3d,3,2,1,X,In play- out(s),SL,8,2.0,3.25,1.36,80.3,74.7,30.47,-1.27,50.0,5.91,-0.17,1.91,3.11,-5.09,1.61,-116.74,-0.76,4.33,20.17,-39.26,6.0,12.0,24.0,2481,29,,,,,,,0,1,0,top
2017-07-01,491319,1,445060,R,429664,L,2,Groundout,1,1,170702_022530,270028b1-2e67-403f-90fc-1dfb99cc6912,0,0,2,X,In play- out(s),FT,11,2.0,3.55,1.5,92.0,84.5,61.85,-0.66,50.0,5.93,-0.85,2.79,-8.56,6.48,2.43,-133.57,-4.44,-15.54,27.34,-20.4,34.8,6.0,24.0,1990,237,,,,,,,0,1,0,top
2017-07-01,491319,2,445060,R,443558,R,6,Single,2,1,170702_023826,c9921530-3e36-4972-95e8-24e1619b392c,0,0,0,B,Ball,SL,14,2.0,3.5,1.57,80.7,75.1,55.39,-0.81,50.0,5.98,1.54,0.84,1.57,-3.29,4.97,-117.18,-4.0,2.2,20.71,-36.78,4.8,10.8,24.0,2466,26,,,,,,,0,1,0,top
2017-07-01,491319,2,445060,R,443558,R,6,Single,2,2,170702_023854,54e6fcc4-81e9-43d4-a1db-ca61635b58bf,1,0,0,X,In play- out(s),FF,6,2.0,3.47,1.49,90.1,82.4,40.65,-0.53,50.0,6.09,0.6,2.64,-5.35,9.68,4.72,-130.7,-5.93,-9.27,27.12,-15.39,26.4,4.8,24.0,2168,210,,,,,,,0,1,0,top
2017-07-01,491319,2,445060,R,572122,L,7,Groundout,4,1,170702_025213,5c834a51-ca24-4f3a-9d0b-9d0fa08a87ca,0,0,1,S,Swinging Strike,FS,13,2.0,3.16,1.23,81.3,75.1,100.0,-0.95,50.0,6.0,-0.71,1.14,-8.23,0.96,3.06,-117.97,-4.73,-11.63,21.75,-30.82,19.2,9.6,24.0,1448,273,,,,,,,0,1,0,top
2017-07-01,491319,2,445060,R,572122,L,7,Groundout,4,2,170702_025213,2c8c0928-441f-41a8-8a5f-39831d049803,0,1,1,B,Ball,FS,14,2.0,3.34,1.5,81.6,75.5,12.6,-0.89,50.0,5.91,0.21,0.52,-7.37,0.34,4.8,-118.39,-5.85,-10.5,21.83,-31.69,16.8,9.6,24.0,1544,279,,,,,,,0,1,0,top
2017-07-01,491319,2,445060,R,572122,L,7,Groundout,4,3,170702_025213,7b75fd4b-3bab-49a1-a599-e704776b7676,1,2,1,F,Foul,SL,6,2.0,3.16,1.23,79.9,74.2,22.75,-1.21,50.0,5.91,0.28,2.04,2.42,-4.38,2.69,-116.1,-0.6,3.33,20.1,-38.21,6.0,10.8,24.0,2396,28,,,,,,,0,1,0,top
2017-07-01,491319,2,445060,R,572122,L,7,Groundout,4,4,170702_025213,f9dd1f6e-619d-4d53-b8d8-90f4df3176a3,1,2,1,X,In play- out(s),FS,13,2.0,3.16,1.23,81.9,76.1,49.92,-1.01,50.0,5.87,-0.85,1.51,-7.5,2.3,2.7,-118.94,-4.19,-10.89,20.03,-28.83,19.2,8.4,24.0,1331,261,,,,,,,0,1,0,top
2017-07-01,491319,2,445060,R,502143,R,8,Strikeout,5,1,170702_025213,866675a3-4a2f-4fe9-bc50-26ef8990438d,0,0,2,B,Ball,KC,13,2.0,3.32,1.69,74.5,68.6,81.31,-1.01,50.0,6.28,-0.95,2.28,7.91,-9.33,-2.06,-108.21,1.6,9.31,20.08,-43.16,12.0,15.6,24.0,2622,36,,,,,,,0,1,0,top
2017-07-01,491319,2,445060,R,502143,R,8,Strikeout,5,2,170702_025213,62b7cac3-c655-4014-bd2e-0006f4f520e3,1,1,2,C,Called Strike,SL,9,2.0,3.38,1.46,81.6,75.9,38.66,-0.92,50.0,6.02,0.54,2.01,1.24,-0.28,3.07,-118.6,-2.51,1.79,20.18,-32.57,3.6,9.6,24.0,2393,50,,,,,,,0,1,0,top
2017-07-01,491319,2,445060,R,502143,R,8,Strikeout,5,3,170702_025213,d168b43a-d5a5-4204-9882-254badd127cc,1,1,2,B,Ball,KC,13,2.0,3.34,1.44,74.8,68.6,66.71,-0.93,50.0,6.3,-0.73,1.54,8.57,-11.4,-1.93,-108.3,0.58,10.06,21.08,-45.55,12.0,15.6,24.0,2690,33,,,,,,,0,1,0,top
2017-07-01,491319,2,445060,R,502143,R,8,Strikeout,5,4,170702_025213,83542dc6-5fb2-4b12-8f04-2fe0a307593b,2,2,2,C,Called Strike,FF,14,2.0,3.4,1.63,92.0,84.5,55.46,-0.5,50.0,5.93,0.79,1.99,-5.33,9.47,5.22,-133.34,-7.58,-9.66,26.81,-15.01,27.6,3.6,24.0,2186,210,,,,,,,0,1,0,top
2017-07-01,491319,2,445060,R,502143,R,8,Strikeout,5,5,170702_025213,ffb4a8c0-e2c0-41c1-90f2-d1901e03242d,2,3,2,C,Called Strike,FT,14,2.0,3.45,1.67,92.9,86.0,72.27,-0.41,50.0,5.86,0.96,1.63,-9.3,4.28,6.91,-134.78,-6.79,-17.33,25.83,-24.2,32.4,6.0,24.0,2096,250,,,,,,,0,1,0,top
2017-07-01,491319,3,445060,R,571745,R,13,Flyout,2,1,170702_025341,9051d3b2-ed04-4412-a27f-ea7d98450eef,0,0,0,B,Ball,KC,14,2.0,3.23,1.47,75.6,70.2,65.4,-1.03,50.0,6.18,1.79,1.06,6.86,-8.33,4.17,-109.84,-1.32,8.34,20.3,-42.3,12.0,14.4,24.0,2624,38,,,,,,,0,1,1,top
2017-07-01,491319,3,445060,R,571745,R,13,Flyout,2,2,170702_025406,40db8b2e-1215-4be1-930c-aec7da61f2ce,1,0,0,X,In play- out(s),SL,3,2.0,3.18,1.28,80.8,74.9,32.29,-0.89,50.0,6.17,0.27,2.78,2.53,-1.53,1.93,-117.41,-0.5,3.57,20.07,-34.34,6.0,9.6,24.0,,50,,,,,,,0,1,1,top
2017-07-01,491319,3,445060,R,502481,L,14,Flyout,1,1,170702_025447,c4be3991-d6a3-4c70-965b-2fcfe863c117,0,0,1,X,In play- out(s),FF,4,2.0,3.22,1.39,90.2,82.7,53.68,-0.72,50.0,5.98,-0.46,2.16,-3.8,9.33,1.97,-130.82,-6.81,-6.61,26.41,-15.94,20.4,4.8,24.0,2222,204,,,,,,,0,1,1,top
2017-07-01,491319,3,445060,R,434563,R,15,Lineout,4,1,170702_025516,2b96f4a4-ffdb-4399-891d-b35ced25fa1f,0,1,2,C,Called Strike,FF,6,2.0,3.36,1.51,91.0,83.3,55.28,-0.49,50.0,6.0,0.52,2.33,-3.97,10.32,3.96,-131.98,-6.93,-7.01,27.31,-13.92,21.6,3.6,24.0,2210,201,,,,,,,0,1,1,top
2017-07-01,491319,3,445060,R,434563,R,15,Lineout,4,2,170702_025529,f5930821-b021-48fc-8f44-4ab5f6ee231d,0,1,2,B,Ball,KC,14,2.0,3.33,1.53,75.9,69.5,55.11,-0.81,50.0,6.17,1.08,0.85,8.67,-9.75,1.66,-110.08,-1.28,10.43,23.03,-43.91,13.2,15.6,24.0,2717,39,,,,,,,0,1,1,top
2017-07-01,491319,3,445060,R,434563,R,15,Lineout,4,3,170702_025550,4da803be-1d09-42e2-bd52-35b07bdeab97,1,1,2,B,Ball,FT,12,2.0,3.37,1.61,91.6,83.7,63.98,-0.35,50.0,6.01,1.11,3.08,-8.64,7.41,6.79,-132.78,-4.07,-15.47,27.5,-18.9,36.0,6.0,24.0,2174,231,,,,,,,0,1,1,top
2017-07-01,491319,3,445060,R,434563,R,15,Lineout,4,4,170702_025607,c93c4305-9917-4011-9e29-c118723da896,2,1,2,X,In play- out(s),SL,2,2.0,3.01,1.28,81.6,75.2,30.31,-0.93,50.0,6.07,-0.12,2.61,1.96,-1.83,1.3,-118.57,-0.7,2.81,21.98,-34.79,4.8,9.6,24.0,2453,38,,,,,,,0,1,1,top
2017-07-01,491319,4,445060,R,516416,R,21,Groundout,5,1,170702_031516,63d898cd-f73a-4c5d-8601-8611bb9eb506,0,0,0,S,Swinging Strike,SL,11,2.0,3.14,1.32,80.2,73.5,47.82,-0.96,50.0,6.3,-0.09,3.63,2.34,-2.2,1.3,-116.27,1.54,3.2,21.72,-35.18,6.0,10.8,24.0,2304,41,,,,,,,0,1,2,top
2017-07-01,491319,4,445060,R,516416,R,21,Groundout,5,2,170702_031532,56fe9289-c9eb-4ad6-a253-08f1c80ba7d9,0,1,0,B,Ball,SL,14,2.0,3.15,1.49,80.2,74.7,41.61,-0.75,50.0,6.05,1.06,0.97,3.22,-3.11,3.21,-116.46,-3.8,4.45,20.42,-36.47,7.2,10.8,24.0,2428,39,,,,,,,0,1,2,top
2017-07-01,491319,4,445060,R,516416,R,21,Groundout,5,3,170702_031550,2da58197-bb22-4b19-ae67-f1c1023e7c95,1,2,0,F,Foul,SL,14,2.0,3.14,1.32,81.1,74.9,46.61,-0.92,50.0,6.05,0.81,1.9,2.8,-2.88,3.18,-117.78,-1.87,3.94,21.79,-36.23,7.2,10.8,24.0,2388,39,,,,,,,0,1,2,top
2017-07-01,491319,4,445060,R,516416,R,21,Groundout,5,4,170702_031614,acca0c3f-11d9-4e65-8e99-875fc2c9c78b,1,2,0,F,Foul,FS,5,2.0,3.14,1.32,81.5,74.8,9.57,-0.65,50.0,6.08,0.01,2.2,-7.3,3.56,3.76,-118.19,-3.25,-10.35,22.13,-27.14,19.2,8.4,24.0,1454,251,,,,,,,0,1,2,top
2017-07-01,491319,4,445060,R,516416,R,21,Groundout,5,5,170702_031643,31da988c-a367-4b05-a46d-7e1db67dc71e,1,2,0,X,In play- out(s),FT,13,2.0,3.14,1.32,88.6,81.3,52.99,-0.96,50.0,5.94,-0.83,2.21,-9.69,5.76,3.53,-128.52,-5.06,-16.27,25.66,-22.5,33.6,7.2,24.0,2021,244,,,,,,,0,1,2,top
2017-07-01,491319,4,445060,R,592325,L,22,Groundout,2,1,170702_031715,4b8178d9-1a4a-43c8-8d30-6e2138bd7ae2,0,0,1,B,Ball,FF,11,2.0,3.13,1.37,89.9,82.7,65.8,-0.74,50.0,5.96,-0.91,2.28,-4.89,8.13,1.19,-130.62,-6.02,-8.49,26.08,-18.04,22.8,4.8,24.0,1997,215,,,,,,,0,1,2,top
2017-07-01,491319,4,445060,R,592325,L,22,Groundout,2,2,170702_031733,8fccf648-5edb-4b82-97a9-e45cc642cf73,1,0,1,X,In play- out(s),FT,6,2.0,3.25,1.36,90.9,83.7,37.44,-0.76,50.0,5.95,0.29,2.17,-8.82,4.76,5.74,-131.92,-5.35,-15.65,26.27,-23.73,30.0,6.0,24.0,2004,246,,,,,,,0,1,2,top
2017-07-01,491319,4,445060,R,429664,L,23,Groundout,6,1,170702_031811,3802ed83-d650-4197-8d74-f286679ccb11,0,0,2,B,Ball,FF,11,2.0,3.63,1.62,92.1,84.6,81.14,-0.65,50.0,6.16,-0.79,4.01,-4.44,6.55,1.15,-133.8,-1.91,-8.12,26.68,-20.2,20.4,4.8,24.0,2224,217,,,,,,,0,1,2,top
2017-07-01,491319,4,445060,R,429664,L,23,Groundout,6,2,170702_031839,90609730-afc8-4fdc-8cd5-0254fe0e0be4,1,1,2,F,Foul,FT,1,2.0,3.55,1.5,91.3,84.2,50.6,-0.65,50.0,5.94,-0.57,2.89,-7.9,3.67,2.93,-132.79,-3.18,-14.23,26.14,-25.56,27.6,7.2,24.0,1954,250,,,,,,,0,1,2,top
2017-07-01,491319,4,445060,R,429664,L,23,Groundout,6,3,170702_031919,630c1918-5450-4b43-b01f-8dc21111d562,1,1,2,B,Ball,FF,11,2.0,3.75,1.69,91.7,84.2,58.89,-0.71,50.0,6.04,-0.77,3.39,-4.49,7.77,1.38,-133.19,-3.55,-8.12,26.72,-18.12,22.8,4.8,24.0,2036,212,,,,,,,0,1,2,top
2017-07-01,491319,4,445060,R,429664,L,23,Groundout,6,4,170702_031938,3ad2a5fb-1031-46fb-a268-78f044329c35,2,2,2,F,Foul,FT,8,2.0,3.59,1.54,91.8,84.5,40.8,-0.58,50.0,5.92,0.22,2.09,-8.78,6.12,5.14,-133.26,-6.11,-15.9,26.67,-21.09,33.6,6.0,24.0,2092,239,,,,,,,0,1,2,top
2017-07-01,491319,4,445060,R,429664,L,23,Groundout,6,5,170702_032012,9e69e871-453c-428b-a9b9-3f321d0531ed,2,2,2,F,Foul,SL,9,2.0,3.55,1.5,81.7,76.3,50.52,-0.85,50.0,5.93,0.68,1.93,2.83,-3.71,2.73,-118.86,-1.49,4.11,19.85,-37.55,7.2,10.8,24.0,2417,34,,,,,,,0,1,2,top
2017-07-01,491319,4,445060,R,429664,L,23,Groundout,6,6,170702_032042,de45b793-7625-4c6f-be96-aee4d4863a13,2,2,2,X,In play- out(s),FS,4,2.0,3.55,1.5,82.0,76.2,35.5,-1.01,50.0,6.01,-0.69,2.71,-6.75,-0.39,2.83,-119.12,-0.88,-9.84,19.85,-32.74,15.6,9.6,24.0,1418,280,,,,,,,0,1,2,top
2017-07-01,491319,5,445060,R,572287,R,27,Strikeout,4,1,170702_032859,4104aa47-f4f7-45f6-b4d6-ba1bf85be4f4,0,0,0,S,Swinging Strike,SL,14,2.0,3.15,1.25,82.5,76.4,55.41,-0.89,50.0,5.86,1.57,0.7,3.03,-2.14,4.9,-119.71,-4.72,4.41,22.8,-35.29,8.4,9.6,24.0,2438,46,,,,,,,0,1,2,top
2017-07-01,491319,5,445060,R,572287,R,27,Strikeout,4,2,170702_032919,edf8c6da-3e45-4858-86d2-aa2c5e427551,0,1,0,B,Ball,SL,14,2.0,3.49,1.72,81.9,76.1,16.74,-0.75,50.0,5.95,1.31,0.5,3.17,-1.52,3.89,-118.96,-5.51,4.56,21.79,-34.36,8.4,9.6,24.0,2359,51,,,,,,,0,1,2,top
2017-07-01,491319,5,445060,R,572287,R,27,Strikeout,4,3,170702_032940,54fa9a65-917f-40fd-b9b6-5fbad87fcec9,1,1,0,S,Swinging Strike,KC,14,2.0,3.15,1.25,74.3,68.4,67.4,-0.8,50.0,6.22,0.94,1.55,9.5,-8.15,1.09,-107.95,-0.08,11.08,20.72,-41.69,15.6,15.6,24.0,2601,46,,,,,,,0,1,2,top
2017-07-01,491319,5,445060,R,572287,R,27,Strikeout,4,4,170702_032959,f085e48f-9493-4d71-8a24-9175fd43042f,1,3,0,C,Called Strike,FF,12,2.0,3.41,1.5,92.0,83.7,55.56,-0.45,50.0,6.05,0.95,2.88,-3.4,10.7,4.84,-133.38,-5.86,-6.11,29.34,-12.95,19.2,3.6,24.0,2181,196,,,,,,,0,1,2,top
2017-07-01,491319,5,445060,R,572122,L,28,Flyout,4,1,170702_033033,0b3e6540-5104-498d-b4bc-fc2b427c028d,0,1,1,F,Foul,FF,2,2.0,3.22,1.29,90.9,83.0,53.08,-0.65,50.0,5.95,-0.22,2.83,-3.02,8.97,2.15,-131.9,-4.97,-5.32,28.01,-16.37,15.6,3.6,24.0,2058,199,,,,,,,0,1,2,top
2017-07-01,491319,5,445060,R,572122,L,28,Flyout,4,2,170702_033058,d094a6c8-3943-4ab7-8845-7c2860a14d0a,0,1,1,B,Ball,KC,11,2.0,3.19,1.31,73.6,66.9,46.3,-1.18,50.0,6.48,-3.01,3.38,9.99,-9.81,-6.54,-106.52,3.86,11.34,20.48,-43.3,13.2,15.6,24.0,2684,40,,,,,,,0,1,2,top
2017-07-01,491319,5,445060,R,572122,L,28,Flyout,4,3,170702_033117,785361fa-18ad-4cfc-b523-c43bf8894178,1,1,1,B,Ball,FT,11,2.0,3.3,1.44,91.4,84.0,33.42,-0.63,50.0,6.17,-0.28,4.69,-8.41,3.01,3.81,-132.79,1.18,-15.16,25.97,-26.74,28.8,7.2,24.0,1956,252,,,,,,,0,1,2,top
2017-07-01,491319,5,445060,R,572122,L,28,Flyout,4,4,170702_033205,ea3e412f-919f-4f33-b19a-8b73659cc020,2,1,1,X,In play- out(s),SL,4,2.0,3.16,1.23,79.9,74.1,42.25,-1.12,50.0,5.93,-0.65,2.34,1.09,-3.01,0.76,-116.16,-0.36,1.5,19.94,-36.33,2.4,10.8,24.0,2342,17,,,,,,,0,1,2,top
2017-07-01,491319,5,445060,R,502143,R,29,Hit By Pitch,2,1,170702_033231,33b34599-7cae-4cc8-b31c-f8b8883496cb,0,0,2,B,Ball,SL,14,2.0,3.53,1.69,82.0,75.9,86.83,-0.7,50.0,5.96,1.18,1.86,2.55,-2.82,3.64,-119.09,-1.96,3.67,21.92,-36.24,7.2,10.8,24.0,2458,38,,,,502143,,,0,0,2,top
2017-07-01,491319,5,445060,R,502143,R,29,Hit By Pitch,2,2,170702_033248,cce83150-3617-4b5f-9cb8-609d2cce9956,2,0,2,H,Hit By Pitch,FT,11,2.0,3.39,1.46,91.0,83.1,41.81,-1.17,50.0,5.93,-2.59,3.48,-11.32,3.04,0.14,-132.14,-1.25,-19.97,28.67,-26.81,36.0,7.2,24.0,2029,258,,,,502143,,,0,0,2,top
2017-07-01,491319,5,445060,R,571745,R,30,Single,3,1,170702_033331,21991875-e130-4cc6-aede-26e03b7c366d,0,1,2,C,Called Strike,FT,3,2.0,3.24,1.55,91.2,83.3,48.08,-0.35,50.0,5.9,0.4,2.7,-8.94,6.31,5.0,-132.26,-4.34,-15.84,28.15,-20.99,33.6,6.0,24.0,2092,238,502143,,,571745,502143,,0,0,2,top
2017-07-01,491319,5,445060,R,571745,R,30,Single,3,2,170702_033353,c2a82c39-21c7-44ea-b0b5-e8c97421ba23,0,2,2,F,Foul,FS,8,2.0,3.18,1.28,83.2,76.5,26.85,-0.96,50.0,5.78,-0.14,1.45,-8.31,3.27,4.53,-120.75,-4.6,-12.29,23.19,-27.34,21.6,8.4,24.0,1503,256,502143,,,571745,502143,,0,0,2,top
2017-07-01,491319,5,445060,R,571745,R,30,Single,3,3,170702_033435,5b61cde1-7cc4-47a9-afa7-748b84f22f6f,0,2,2,D,In play- no out,FF,12,2.0,3.18,1.28,92.7,85.2,50.91,-0.42,50.0,5.95,0.9,2.41,-3.29,9.33,4.67,-134.53,-6.63,-6.08,27.06,-14.93,18.0,3.6,24.0,2128,199,502143,,,571745,502143,,0,0,2,top
2017-07-01,491319,5,445060,R,502481,L,31,Lineout,2,1,170702_033506,3d963bcc-2d5f-4c37-87db-bde0d4e677cc,1,0,2,*B,Ball In Dirt,KC,13,2.0,3.32,1.59,73.1,67.0,64.79,-0.93,50.0,6.06,-0.51,0.73,8.78,-10.26,-1.5,-106.1,-0.57,9.82,21.41,-43.64,12.0,16.8,24.0,2540,36,571745,502143,,,,,0,1,2,top
2017-07-01,491319,5,445060,R,502481,L,31,Lineout,2,2,170702_033535,37f61f6f-563f-495f-ae53-457317b64097,1,0,2,X,In play- out(s),FT,5,2.0,3.22,1.39,92.0,83.7,31.09,-0.62,50.0,5.75,0.11,2.13,-11.9,4.52,5.98,-133.32,-4.93,-21.32,29.89,-24.07,38.4,7.2,24.0,2008,253,571745,502143,,,,,0,1,2,top
2017-07-01,491319,6,445060,R,434563,R,35,Flyout,1,1,170702_034516,d517fd7d-a959-46c0-a994-ac8738b7ae8b,0,0,0,X,In play- out(s),FT,14,2.0,3.01,1.28,89.7,82.4,60.1,-0.42,50.0,5.84,0.89,2.04,-7.84,8.52,6.01,-130.06,-6.37,-13.52,25.64,-17.48,33.6,4.8,24.0,2162,225,,,,,,,0,1,2,top
2017-07-01,491319,6,445060,R,516416,R,36,Flyout,5,1,170702_040052,b09c3fd7-9275-45eb-9b97-0239f4e544f4,0,0,1,B,Ball,SL,14,2.0,3.48,1.55,80.1,74.6,91.25,-0.79,50.0,5.98,1.24,1.46,3.7,-1.61,3.55,-116.4,-2.96,5.12,19.93,-34.41,9.6,10.8,24.0,2422,56,,,,,,,0,1,2,top
2017-07-01,491319,6,445060,R,516416,R,36,Flyout,5,2,170702_040052,c2470852-6454-4408-8cfc-dab4ef8969e0,1,0,1,B,Ball,FF,12,2.0,3.38,1.57,90.8,82.8,52.79,-0.4,50.0,6.06,0.49,3.76,-6.47,9.4,4.51,-131.67,-2.97,-11.36,27.66,-15.65,32.4,4.8,24.0,2246,215,,,,,,,0,1,2,top
2017-07-01,491319,6,445060,R,516416,R,36,Flyout,5,3,170702_040052,55e2925f-15b2-4eaf-963a-c5e5c724a628,2,1,1,F,Foul,FF,3,2.0,3.14,1.32,90.1,82.5,43.56,-0.52,50.0,5.88,0.41,2.76,-6.63,8.1,4.64,-130.71,-4.55,-11.52,26.51,-18.11,28.8,4.8,24.0,2157,221,,,,,,,0,1,2,top
2017-07-01,491319,6,445060,R,516416,R,36,Flyout,5,4,170702_040052,8b8b2895-cd72-424c-86e4-af86dba643b4,2,2,1,F,Foul,FF,5,2.0,3.14,1.32,91.8,84.4,24.26,-0.46,50.0,5.84,0.05,2.06,-5.33,7.31,3.17,-133.22,-6.38,-9.65,26.83,-18.95,24.0,4.8,24.0,2208,219,,,,,,,0,1,2,top
2017-07-01,491319,6,445060,R,516416,R,36,Flyout,5,5,170702_040052,f577ef82-ffac-4372-a40a-3556d68fb9e6,2,2,1,X,In play- out(s),KC,7,2.0,3.14,1.32,73.7,67.5,45.22,-0.82,50.0,6.26,-0.36,1.88,9.28,-10.35,-1.55,-106.96,1.29,10.58,21.06,-43.98,13.2,15.6,24.0,2647,38,,,,,,,0,1,2,top
2017-07-01,491319,6,445060,R,592325,L,37,Strikeout,5,1,170702_040052,93829cee-baf3-49f8-bc4e-9a7aa6c7de13,0,0,2,B,Ball,SL,14,2.0,3.11,1.37,78.1,72.5,78.4,-1.11,50.0,5.99,1.01,2.02,4.02,-2.17,3.58,-113.49,-1.13,5.27,19.56,-35.02,9.6,10.8,24.0,2497,55,,,,,,,0,1,2,top
2017-07-01,491319,6,445060,R,592325,L,37,Strikeout,5,2,170702_040052,05d1412b-de56-4161-a7fe-9b2a2e1f35cb,1,1,2,F,Foul,FS,6,2.0,3.25,1.36,81.1,75.0,22.65,-1.0,50.0,5.85,0.25,2.0,-6.63,1.8,4.91,-117.69,-2.64,-9.39,20.32,-29.62,15.6,8.4,24.0,1346,262,,,,,,,0,1,2,top
2017-07-01,491319,6,445060,R,592325,L,37,Strikeout,5,3,170702_040052,1493b37d-ae95-4f7a-825b-321947e6ffbf,1,1,2,B,Ball,FS,11,2.0,3.26,1.49,80.4,74.3,51.15,-1.18,50.0,6.03,-1.05,3.25,-5.96,1.11,2.08,-116.76,0.19,-8.31,19.79,-30.62,14.4,9.6,24.0,1101,266,,,,,,,0,1,2,top
2017-07-01,491319,6,445060,R,592325,L,37,Strikeout,5,4,170702_040052,03695897-2f1c-456e-bb61-ffc8431a33bb,2,2,2,F,Foul,FT,4,2.0,3.25,1.36,90.2,82.5,49.97,-0.92,50.0,5.84,-0.6,2.61,-10.31,0.51,4.3,-130.98,-2.32,-17.88,28.02,-31.29,27.6,8.4,24.0,2116,272,,,,,,,0,1,2,top
2017-07-01,491319,6,445060,R,592325,L,37,Strikeout,5,5,170702_040052,6912cdae-9d0e-44bd-9d0d-932ea9822c6a,2,3,2,W,Swinging Strike (Blocked),SL,14,2.0,3.25,1.36,79.9,74.6,45.17,-0.65,50.0,5.9,1.25,0.53,3.78,-2.17,3.24,-116.13,-4.71,5.2,20.15,-35.16,8.4,10.8,24.0,2292,50,,,,,,,0,1,2,top
2017-07-01,491319,7,445060,R,429664,L,41,Groundout,2,1,170702_035814,9d4fc37d-aaed-40be-a607-5582f56be420,0,0,0,S,Swinging Strike,FS,8,2.0,3.55,1.5,78.8,73.5,78.72,-0.87,50.0,5.92,-0.1,1.67,-6.25,0.51,3.61,-114.52,-2.76,-8.42,18.37,-31.48,14.4,9.6,24.0,1410,275,,,,,,,0,1,2,top
2017-07-01,491319,7,445060,R,429664,L,41,Groundout,2,2,170702_035838,11bd04cc-1be8-45b8-b9d0-e681e9a09f39,0,1,0,X,In play- out(s),FT,13,2.0,3.55,1.5,90.4,83.0,32.97,-0.67,50.0,5.82,-1.35,1.99,-11.14,5.29,1.99,-131.28,-5.49,-19.46,27.47,-22.94,38.4,7.2,24.0,2170,250,,,,,,,0,1,2,top
2017-07-01,491319,7,445060,R,572287,R,42,Strikeout,5,1,170702_035910,070cde3e-5029-4ee6-ac0a-b81a695713c8,0,0,1,S,Swinging Strike,SL,14,2.0,3.15,1.25,82.4,76.3,55.26,-0.63,50.0,5.84,1.62,0.36,1.14,-2.76,4.95,-119.6,-5.3,1.65,22.92,-36.18,3.6,10.8,24.0,2429,23,,,,,,,0,1,2,top
2017-07-01,491319,7,445060,R,572287,R,42,Strikeout,5,2,170702_035930,4b825a84-5632-409d-b3a7-f70e0cd3d4f9,0,1,1,B,Ball,FF,12,2.0,3.55,1.7,91.1,83.2,29.82,-0.23,50.0,6.08,1.58,3.31,-5.82,12.03,6.71,-132.01,-5.15,-10.31,27.22,-10.88,37.2,3.6,24.0,2307,205,,,,,,,0,1,2,top
2017-07-01,491319,7,445060,R,572287,R,42,Strikeout,5,3,170702_035948,f5743fb6-aff7-43ca-ad4e-5a3ba449e30f,1,1,1,S,Swinging Strike,FS,8,2.0,3.15,1.25,82.0,75.6,28.65,-0.88,50.0,5.87,0.14,1.52,-6.7,3.81,4.44,-118.94,-4.57,-9.65,21.67,-26.69,18.0,8.4,24.0,1457,248,,,,,,,0,1,2,top
2017-07-01,491319,7,445060,R,572287,R,42,Strikeout,5,4,170702_040007,b1e93105-c648-404c-bd53-e2777784dd9c,1,2,1,B,Ball,SL,14,2.0,3.43,1.55,80.6,75.1,14.04,-0.74,50.0,5.76,1.57,0.07,2.26,-3.76,4.66,-117.01,-5.09,3.14,21.18,-37.41,6.0,10.8,24.0,2397,29,,,,,,,0,1,2,top
2017-07-01,491319,7,445060,R,572287,R,42,Strikeout,5,5,170702_040031,e074c2e9-f6c7-4520-8841-8150eacf8ed2,2,3,1,C,Called Strike,FT,12,2.0,3.48,1.76,91.9,83.9,67.58,-0.44,50.0,6.04,0.82,3.46,-7.37,6.51,5.84,-133.26,-2.9,-13.27,28.24,-20.46,30.0,6.0,24.0,2077,230,,,,,,,0,1,2,top
2017-07-01,491319,7,445060,R,572122,L,43,Lineout,4,1,170702_040107,0ea36b87-dde2-4ddc-8749-0eb9bb0ec1b4,0,0,2,S,Swinging Strike,FS,14,2.0,3.16,1.23,81.5,75.0,66.77,-0.68,50.0,5.8,0.16,0.6,-7.61,0.26,4.27,-118.15,-5.29,-10.74,22.77,-31.81,16.8,9.6,24.0,1337,280,,,,,,,0,1,2,top
2017-07-01,491319,7,445060,R,572122,L,43,Lineout,4,2,170702_040130,5ab1634a-87a7-417f-95e9-fb8021c02bc6,0,2,2,F,Foul,KC,7,2.0,3.16,1.23,74.2,68.0,43.58,-0.9,50.0,6.21,-0.27,1.74,8.71,-8.95,-1.06,-107.72,0.63,10.1,21.12,-42.55,13.2,15.6,24.0,2578,40,,,,,,,0,1,2,top
2017-07-01,491319,7,445060,R,572122,L,43,Lineout,4,3,170702_040154,880ccc8c-e9d4-4f22-a8d1-1071f5e37548,0,2,2,B,Ball,SL,14,2.0,3.43,1.54,78.9,73.6,41.91,-0.89,50.0,5.69,1.17,0.4,4.64,-5.13,3.31,-114.7,-3.41,6.21,20.2,-39.05,9.6,12.0,24.0,2362,38,,,,,,,0,1,2,top
2017-07-01,491319,7,445060,R,572122,L,43,Lineout,4,4,170702_040211,77623caf-f964-4ceb-b0d2-b594daa956fc,1,2,2,X,In play- out(s),FS,11,2.0,3.16,1.23,80.7,74.7,16.64,-1.1,50.0,5.89,-1.57,2.65,-4.54,0.58,0.28,-117.36,-0.79,-6.38,20.49,-31.36,10.8,9.6,24.0,1025,273,,,,,,,0,1,2,top
2017-07-01,491319,8,445060,R,502143,R,50,Single,6,1,170702_042335,ed952eaf-320a-40b4-ba1e-4b5ea768dd61,0,1,0,F,Foul,FT,9,2.0,3.38,1.46,89.9,83.0,56.32,-0.47,50.0,5.83,0.33,1.46,-7.44,6.03,4.57,-130.54,-7.1,-12.96,25.18,-21.68,27.6,6.0,24.0,2053,236,,,,502143,,,0,0,4,top
2017-07-01,491319,8,445060,R,502143,R,50,Single,6,2,170702_042352,672a7863-35bd-4f38-9604-c1b70f127ada,0,1,0,B,Ball,SL,14,2.0,3.32,1.63,79.2,73.5,27.35,-0.97,50.0,5.83,0.29,-0.19,1.63,-4.54,2.38,-114.92,-5.22,2.18,21.4,-38.25,3.6,12.0,24.0,2379,18,,,,502143,,,0,0,4,top
2017-07-01,491319,8,445060,R,502143,R,50,Single,6,3,170702_042413,e1d2c899-f003-460c-a59b-930eec67cbc1,1,2,0,F,Foul,SL,5,2.0,3.38,1.46,80.2,74.9,23.61,-0.95,50.0,6.02,0.16,2.1,1.87,-2.61,2.01,-116.63,-1.34,2.62,18.74,-35.82,4.8,10.8,24.0,2402,31,,,,502143,,,0,0,4,top
2017-07-01,491319,8,445060,R,502143,R,50,Single,6,4,170702_042439,cefb8860-a28b-4db8-bed8-a52a39497d75,1,2,0,B,Ball,SL,14,2.0,3.32,1.61,80.3,75.0,22.42,-0.89,50.0,5.86,0.29,1.18,2.42,-3.07,1.99,-116.73,-2.97,3.38,19.56,-36.46,6.0,10.8,24.0,2418,32,,,,502143,,,0,0,4,top
2017-07-01,491319,8,445060,R,502143,R,50,Single,6,5,170702_042501,32f6f6de-834f-4a32-afeb-75a1939105e4,2,2,0,B,Ball,KC,14,2.0,3.26,1.46,74.1,68.3,28.71,-0.99,50.0,6.07,0.07,0.64,9.63,-9.13,-0.4,-107.64,-1.36,11.16,20.96,-42.75,14.4,15.6,24.0,2659,42,,,,502143,,,0,0,4,top
2017-07-01,491319,8,445060,R,502143,R,50,Single,6,6,170702_042533,5c29c0fe-2638-4437-be90-b10ef5b1cc98,3,2,0,D,In play- no out,FT,2,2.0,3.38,1.46,90.6,83.2,41.42,-0.49,50.0,5.85,-0.04,3.32,-8.64,4.71,4.11,-131.69,-2.04,-15.27,26.4,-23.85,31.2,6.0,24.0,2073,244,,,,502143,,,0,0,4,top
2017-07-01,491319,8,445060,R,571745,R,51,Flyout,2,1,170702_042605,1abcbac4-2cca-420c-8fb1-d8a88736ae05,0,1,0,C,Called Strike,SL,6,2.0,3.2,1.57,80.2,74.6,66.9,-0.7,50.0,5.99,0.55,2.54,3.82,-0.23,1.74,-116.59,-0.96,5.33,19.12,-32.5,9.6,9.6,24.0,2504,74,502143,,,502143,,,0,1,4,top
2017-07-01,491319,8,445060,R,571745,R,51,Flyout,2,2,170702_042633,a9c225b3-eedc-4034-8a13-9e03665dd9b6,0,1,0,X,In play- out(s),KC,9,2.0,3.18,1.28,74.9,69.2,40.2,-0.99,50.0,6.26,0.24,1.91,8.27,-9.27,0.33,-108.78,0.76,9.87,19.9,-43.23,13.2,15.6,24.0,2720,39,502143,,,502143,,,0,1,4,top
2017-07-01,491319,8,445060,R,502481,L,52,Strikeout,5,1,170702_042737,a171f240-ac98-4ec2-bca1-45d80c24dcbc,0,1,1,C,Called Strike,FS,7,2.0,3.48,1.63,81.0,74.9,82.56,-0.85,50.0,5.93,-0.44,2.21,-7.05,2.39,3.1,-117.64,-2.51,-9.97,20.37,-28.8,18.0,8.4,24.0,1561,259,502143,,,502143,,,0,1,4,top
2017-07-01,491319,8,445060,R,502481,L,52,Strikeout,5,2,170702_042758,ee2c9b97-bbe3-4fd4-8e0c-22da900a7cbf,0,1,1,B,Ball,FS,13,2.0,3.47,1.63,81.4,75.0,14.01,-1.18,50.0,5.89,-2.32,2.1,-9.41,1.72,0.21,-118.21,-2.5,-13.36,21.83,-29.74,24.0,9.6,24.0,1578,266,502143,,,502143,,,0,1,4,top
2017-07-01,491319,8,445060,R,502481,L,52,Strikeout,5,3,170702_042815,d59e9ee8-1e9b-4fec-863b-69dacf5d5603,1,2,1,C,Called Strike,SL,6,2.0,3.37,1.65,78.9,72.3,26.93,-1.21,50.0,5.85,0.34,2.25,2.49,-3.11,2.76,-114.51,-0.09,3.29,22.19,-36.28,6.0,10.8,24.0,2411,35,502143,,,502143,,,0,1,4,top
2017-07-01,491319,8,445060,R,502481,L,52,Strikeout,5,4,170702_042838,99f91069-a428-49fb-bb4a-31c0f1e4f242,2,2,1,*B,Ball In Dirt,FS,13,2.0,3.55,1.73,80.9,75.2,9.31,-0.93,50.0,5.57,-0.01,-0.24,-9.22,0.2,4.93,-117.28,-6.62,-12.93,20.63,-31.9,20.4,9.6,24.0,1600,278,502143,,,502143,,,0,1,4,top
2017-07-01,491319,8,445060,R,502481,L,52,Strikeout,5,5,170702_042908,80f4d2b1-11f1-42f1-b690-4eee908a4c38,2,3,1,C,Called Strike,FT,14,2.0,3.65,1.9,91.1,84.3,68.68,-0.58,50.0,5.69,0.76,1.81,-8.01,4.55,6.26,-132.24,-5.62,-14.37,24.89,-24.02,27.6,6.0,24.0,2048,245,502143,,,502143,,,0,1,4,top
2017-07-01,491319,8,445060,R,434563,R,53,Strikeout,4,1,170702_042937,01267c30-f071-4a9a-8006-15720fcd7a71,0,1,2,C,Called Strike,SL,7,2.0,3.38,1.61,81.2,75.2,64.25,-1.05,50.0,5.9,-0.32,2.06,1.33,-4.44,1.31,-117.98,-0.74,1.89,21.15,-38.47,3.6,10.8,24.0,2404,15,502143,,,,,,0,1,4,top
2017-07-01,491319,8,445060,R,434563,R,53,Strikeout,4,2,170702_042956,14b9e954-b44d-445f-9d07-6cfec237582a,0,1,2,B,Ball,SL,14,2.0,3.33,1.53,81.5,75.8,60.14,-1.0,50.0,5.86,0.83,1.19,3.72,-2.2,3.17,-118.39,-3.42,5.33,20.76,-35.33,9.6,10.8,24.0,2396,50,502143,,,,,,0,1,4,top
2017-07-01,491319,8,445060,R,434563,R,53,Strikeout,4,3,170702_043021,ee30908e-b676-4945-8835-b46f4626ac24,1,2,2,F,Foul,FT,6,2.0,3.01,1.28,90.9,83.8,37.67,-0.74,50.0,5.83,0.41,2.12,-8.44,6.17,5.88,-131.92,-5.64,-15.01,25.64,-21.19,32.4,6.0,24.0,2010,237,502143,,,,,,0,1,4,top
2017-07-01,491319,8,445060,R,434563,R,53,Strikeout,4,4,170702_043044,03e7e4b8-2280-45a0-8efc-c66af02718df,1,2,2,S,Swinging Strike,FS,8,2.0,3.01,1.28,80.8,75.1,25.57,-0.85,50.0,5.89,-0.17,1.54,-6.82,2.94,3.65,-117.45,-4.11,-9.63,19.87,-28.02,18.0,8.4,24.0,1374,255,502143,,,,,,0,1,4,top
2017-07-01,491319,9,445060,R,516416,R,59,Groundout,1,1,170702_044950,ace5908b-792b-4ca7-aeca-8349069d7f3a,0,0,0,X,In play- out(s),FS,14,2.0,3.14,1.32,79.4,73.8,97.71,-0.87,50.0,5.91,0.89,1.87,-6.51,3.62,5.98,-115.28,-3.31,-8.89,18.65,-27.24,15.6,8.4,24.0,1309,246,,,,,,,0,1,4,top
2017-07-01,491319,9,445060,R,592325,L,60,Groundout,3,1,170702_045020,9f753687-ad32-461b-8cf7-65bfebff0a00,0,1,1,C,Called Strike,FF,1,2.0,3.26,1.49,87.4,80.6,64.96,-0.92,50.0,5.99,-0.64,2.77,-5.46,7.9,2.48,-126.87,-4.3,-9.0,23.39,-19.17,22.8,4.8,24.0,2053,217,,,,,,,0,1,4,top
2017-07-01,491319,9,445060,R,592325,L,60,Groundout,3,2,170702_045033,cdc85e6d-ac03-47d9-87bd-5c8001a9c83f,0,1,1,B,Ball,SL,14,2.0,3.26,1.54,79.2,73.9,35.2,-1.18,50.0,5.86,0.65,0.74,2.35,-4.98,3.46,-115.03,-3.14,3.17,19.62,-38.9,4.8,12.0,24.0,2473,24,,,,,,,0,1,4,top
2017-07-01,491319,9,445060,R,592325,L,60,Groundout,3,3,170702_045055,7ed99d08-fcc6-4199-b7d1-8efd7dd9ff8b,1,1,1,X,In play- out(s),SL,5,2.0,3.25,1.36,78.8,73.8,24.98,-1.18,50.0,5.98,0.19,1.99,2.76,-3.88,2.32,-114.62,-0.87,3.74,17.73,-37.43,6.0,10.8,24.0,2313,33,,,,,,,0,1,4,top
2017-07-01,491319,9,445060,R,429664,L,61,Strikeout,5,1,170702_045140,cfa1d63d-af3d-40cd-aeca-b30c2a63277d,0,0,2,B,Ball,FF,14,2.0,3.72,1.77,89.9,82.4,44.7,-0.57,50.0,5.97,1.4,2.22,-2.08,10.95,5.78,-130.38,-7.12,-3.6,26.2,-13.24,9.6,3.6,24.0,2108,188,,,,,,,0,1,4,top
2017-07-01,491319,9,445060,R,429664,L,61,Strikeout,5,2,170702_045201,aad39422-2f48-4d1d-a71c-e6fdc552024c,1,0,2,S,Swinging Strike,FS,5,2.0,2.47,-1.26,79.9,74.2,17.81,-1.12,50.0,5.81,0.08,0.92,-6.46,3.76,4.71,-115.94,-5.37,-8.89,19.42,-27.0,16.8,8.4,24.0,1363,248,,,,,,,0,1,4,top
2017-07-01,491319,9,445060,R,429664,L,61,Strikeout,5,3,170702_045228,65d2e9d2-330f-4c4d-8ebf-521b22fd4a7c,1,1,2,B,Ball,SL,13,2.0,3.67,1.73,80.5,75.0,31.15,-1.27,50.0,5.8,-0.61,0.86,2.94,-2.76,0.65,-117.03,-3.69,4.11,20.45,-36.03,6.0,10.8,24.0,2406,36,,,,,,,0,1,4,top
2017-07-01,491319,9,445060,R,429664,L,61,Strikeout,5,4,170702_045248,3f53a948-de25-4e59-be99-fabc26d21cff,2,2,2,C,Called Strike,FT,7,2.0,3.67,1.77,90.8,83.7,57.69,-0.89,50.0,5.79,-0.58,1.91,-9.55,4.22,4.03,-131.87,-5.42,-16.92,26.24,-24.69,32.4,7.2,24.0,1933,252,,,,,,,0,1,4,top
2017-07-01,491319,9,445060,R,429664,L,61,Strikeout,5,5,170702_045311,516ee47a-f45e-4b0c-84c8-d373e372e0c4,2,3,2,T,Foul Tip,FS,13,2.0,3.55,1.5,81.0,74.9,10.18,-0.98,50.0,5.8,-0.06,1.0,-6.23,-1.13,4.02,-117.52,-3.89,-8.75,21.47,-33.76,13.2,9.6,24.0,1197,292,,,,,,,0,1,4,top
2017-07-07,491397,1,445060,R,425783,L,3,Groundout,4,1,170708_001721,b0a408e8-adb7-4108-96bd-392d11984c19,0,0,0,B,Ball,FT,11,2.0,3.32,1.52,89.3,82.3,58.01,-0.98,50.0,6.22,-0.87,3.76,-7.49,8.42,2.8,-129.75,-2.92,-12.9,24.31,-17.66,34.8,4.8,24.0,2083,224,,,,,,,0,1,0,bottom
2017-07-07,491397,1,445060,R,425783,L,3,Groundout,4,2,170708_001736,f3e8f900-416d-4e8b-838f-414d8ad3eb76,1,0,0,B,Ball,FT,11,2.0,3.35,1.59,89.8,82.7,39.6,-1.12,50.0,6.04,-1.45,3.11,-10.56,5.26,2.7,-130.52,-3.11,-18.33,25.71,-23.03,37.2,7.2,24.0,2026,247,,,,,,,0,1,0,bottom
2017-07-07,491397,1,445060,R,425783,L,3,Groundout,4,3,170708_001750,8d26b194-78a9-4484-b959-3f3496dfa72d,2,1,0,C,Called Strike,FT,4,2.0,3.34,1.52,89.1,82.1,54.13,-0.88,50.0,6.07,-0.63,2.7,-10.68,4.8,4.2,-129.43,-3.98,-18.26,25.05,-23.97,34.8,7.2,24.0,1936,250,,,,,,,0,1,0,bottom
2017-07-07,491397,1,445060,R,425783,L,3,Groundout,4,4,170708_001813,96fa7970-672f-426c-ad50-7151d855cb34,2,1,0,X,In play- out(s),FT,1,2.0,3.04,1.32,89.7,82.3,59.4,-0.95,50.0,6.07,-0.63,2.7,-11.61,7.03,4.69,-130.24,-4.78,-20.02,26.35,-20.05,42.0,7.2,24.0,1989,242,,,,,,,0,1,0,bottom
2017-07-07,491397,1,445060,R,460576,R,4,Strikeout,4,1,170708_001908,71992ccd-1c5e-484c-9116-1d4ab19b30f0,0,1,1,F,Foul,FT,13,2.0,3.45,1.46,90.5,83.4,54.78,-0.67,50.0,6.07,-0.77,2.45,-10.01,6.71,3.13,-131.5,-5.53,-17.66,25.86,-20.34,38.4,6.0,24.0,1904,240,,,,,,,0,1,0,bottom
2017-07-07,491397,1,445060,R,460576,R,4,Strikeout,4,2,170708_001925,2dfa6c2d-b06e-4903-95cd-d3e4be604561,0,1,1,B,Ball,SL,14,2.0,3.67,1.6,80.1,74.7,44.92,-0.79,50.0,5.97,1.26,1.02,0.61,-3.02,4.54,-116.38,-3.55,0.85,19.95,-36.35,2.4,10.8,24.0,2297,15,,,,,,,0,1,0,bottom
2017-07-07,491397,1,445060,R,460576,R,4,Strikeout,4,3,170708_001944,3a4bcc0e-8fa0-4d88-8b27-c37b7df5e26a,1,2,1,C,Called Strike,SL,14,2.0,3.4,1.48,80.6,74.2,46.75,-0.81,50.0,6.13,1.06,2.14,0.56,-2.55,4.16,-116.96,-1.49,0.77,22.07,-35.7,2.4,10.8,24.0,2300,17,,,,,,,0,1,0,bottom
2017-07-07,491397,1,445060,R,460576,R,4,Strikeout,4,4,170708_002002,94b419f1-e69d-4a43-89f1-2e59ae6c9802,1,3,1,C,Called Strike,FS,4,2.0,3.63,1.56,79.2,73.3,32.77,-1.07,50.0,6.13,-0.59,2.82,-7.06,2.48,3.2,-115.17,-1.25,-9.56,19.61,-28.81,16.8,9.6,24.0,1321,257,,,,,,,0,1,0,bottom
2017-07-07,491397,1,445060,R,608577,L,5,Walk,5,1,170708_002046,d6c223d4-a9b6-4c13-b8ba-d87159e9e38d,0,0,2,B,Ball,FS,11,2.0,3.56,1.65,79.5,73.4,64.4,-1.16,50.0,6.1,-1.44,2.79,-4.97,4.03,0.85,-115.48,-1.73,-6.76,20.02,-26.7,13.2,8.4,24.0,1195,238,,,,608577,,,0,0,0,bottom
2017-07-07,491397,1,445060,R,608577,L,5,Walk,5,2,170708_002103,a8ffa523-9cab-45dd-82f7-508fac9ada66,1,1,2,F,Foul,FF,12,2.0,3.24,1.44,91.2,83.2,58.92,-0.63,50.0,6.21,0.94,2.95,-6.22,9.3,6.23,-132.34,-5.51,-11.02,28.41,-15.69,30.0,4.8,24.0,2077,214,,,,608577,,,0,0,0,bottom
2017-07-07,491397,1,445060,R,608577,L,5,Walk,5,3,170708_002126,e58bffad-4279-42b2-b205-3e4b986ca0c0,1,1,2,B,Ball,KC,13,2.0,3.45,1.62,72.7,67.0,55.9,-1.04,50.0,6.25,-0.92,1.1,6.47,-8.08,-1.5,-105.56,-0.75,7.22,19.83,-41.2,9.6,15.6,24.0,2556,33,,,,608577,,,0,0,0,bottom
2017-07-07,491397,1,445060,R,608577,L,5,Walk,5,4,170708_002145,388ea938-b65e-4afd-be71-63ea08c341b0,2,1,2,B,Ball,FF,11,2.0,3.54,1.6,90.8,83.2,18.89,-0.99,50.0,6.04,-1.43,2.59,-5.46,8.87,0.7,-131.81,-5.81,-9.64,27.1,-16.52,28.8,4.8,24.0,1903,215,,,,608577,,,0,0,0,bottom
2017-07-07,491397,1,445060,R,608577,L,5,Walk,5,5,170708_002204,0876f4db-de1d-4363-ac62-ebffee6d9251,3,1,2,B,Ball,FT,13,2.0,3.56,1.64,90.5,83.2,42.55,-1.09,50.0,5.87,-1.5,1.62,-10.68,4.82,2.53,-131.42,-6.48,-18.73,27.16,-23.72,36.0,7.2,24.0,1796,252,,,,608577,,,0,0,0,bottom
2017-07-07,491397,1,445060,R,134181,R,6,Single,4,1,170708_002240,9f91b258-2db4-491a-82cf-989011cddc09,0,1,2,F,Foul,FT,5,2.0,3.42,1.48,90.4,83.6,32.88,-0.64,50.0,5.99,0.04,2.64,-10.85,2.4,5.45,-131.36,-3.37,-19.17,24.94,-27.93,32.4,7.2,24.0,1894,261,608577,,,134181,608577,,0,0,0,bottom
2017-07-07,491397,1,445060,R,134181,R,6,Single,4,2,170708_002307,7cca023a-5f8c-462a-a1b4-e7d8aded8edf,1,1,2,*B,Ball In Dirt,SL,14,2.0,3.75,1.71,80.8,74.8,45.9,-0.91,50.0,5.88,1.07,0.47,-0.67,-1.55,4.78,-117.27,-5.11,-0.93,22.11,-34.33,0.0,10.8,24.0,2210,359,608577,,,134181,608577,,0,0,0,bottom
2017-07-07,491397,1,445060,R,134181,R,6,Single,4,3,170708_002338,59ff93a8-aa4b-413f-bc55-8109723019e1,1,2,2,F,Foul,SL,1,2.0,3.41,1.48,80.0,74.2,35.28,-1.13,50.0,6.15,-0.38,3.0,-0.62,-3.27,1.91,-116.31,0.71,-0.85,19.77,-36.7,1.2,10.8,24.0,2174,354,608577,,,134181,608577,,0,0,0,bottom
2017-07-07,491397,1,445060,R,134181,R,6,Single,4,4,170708_002415,dc81cbec-3c9a-4872-bcfa-313b45e4bd4f,1,2,2,D,In play- no out,SL,14,2.0,3.42,1.48,79.0,73.3,42.22,-1.02,50.0,5.83,0.34,1.44,0.84,-4.15,2.84,-114.79,-1.68,1.12,20.16,-37.74,2.4,12.0,24.0,2252,13,608577,,,134181,608577,,0,0,0,bottom
2017-07-07,491397,1,445060,R,596059,L,7,Single,5,1,170708_002503,c6496385-d4e4-4e58-89d9-500ffbec0d2d,0,0,2,S,Swinging Strike,KC,7,2.0,2.92,1.16,73.2,66.9,72.64,-1.21,50.0,6.17,-0.32,1.28,7.03,-6.94,-0.06,-106.27,-0.57,7.89,21.41,-39.96,10.8,14.4,24.0,2593,40,134181,608577,,596059,,134181,1,0,0,bottom
2017-07-07,491397,1,445060,R,596059,L,7,Single,5,2,170708_002524,937d5205-ecf4-4ee7-b606-de6d36f39f05,0,1,2,S,Swinging Strike,FT,1,2.0,2.92,1.16,92.5,84.2,58.8,-0.94,50.0,6.0,-0.62,2.74,-10.86,5.86,4.55,-134.25,-4.56,-19.72,30.42,-21.54,39.6,6.0,24.0,1915,246,134181,608577,,596059,,134181,1,0,0,bottom
2017-07-07,491397,1,445060,R,596059,L,7,Single,5,3,170708_002549,a5929fb7-f26e-425f-9dff-67b1ab09eeba,1,2,2,*B,Ball In Dirt,KC,14,2.0,3.29,1.34,73.0,67.5,56.01,-1.0,50.0,5.96,0.91,-0.8,6.74,-8.38,2.15,-105.95,-4.04,7.54,20.89,-41.54,10.8,15.6,24.0,2481,35,134181,608577,,596059,,134181,1,0,0,bottom
2017-07-07,491397,1,445060,R,596059,L,7,Single,5,4,170708_002628,ce6745a7-6254-4983-8ad9-f0cbd3c54913,2,2,2,*B,Ball In Dirt,FS,14,2.0,3.33,1.49,80.7,75.2,37.67,-0.91,50.0,5.8,0.86,0.2,-7.81,2.11,6.47,-117.13,-6.72,-10.97,19.78,-29.21,18.0,9.6,24.0,1318,264,134181,608577,,596059,,134181,1,0,0,bottom
2017-07-07,491397,1,445060,R,596059,L,7,Single,5,5,170708_002720,328dd763-dfdc-4cec-a75b-6a4d5915fd18,2,2,2,E,In play- run(s),FS,13,2.0,2.92,1.16,81.1,75.3,40.59,-1.17,50.0,5.85,-0.98,1.75,-8.13,0.72,2.91,-117.85,-2.91,-11.55,20.13,-31.15,19.2,9.6,24.0,1271,272,134181,608577,,596059,,134181,1,0,0,bottom
2017-07-07,491397,1,445060,R,518960,R,8,Double,6,1,170708_002805,d3c57f0e-87ad-411a-b41e-809658b2081d,0,1,2,C,Called Strike,FT,6,2.0,3.75,1.76,91.4,84.3,45.21,-0.52,50.0,5.9,0.39,2.53,-10.48,3.7,5.97,-132.73,-4.01,-18.86,26.05,-25.52,33.6,7.2,24.0,1837,254,596059,,134181,,518960,,2,0,-1,bottom
2017-07-07,491397,1,445060,R,518960,R,8,Double,6,2,170708_002826,347e3127-c74d-4994-9156-82608a098545,0,1,2,B,Ball,SL,4,2.0,3.61,1.61,79.7,73.4,44.61,-1.12,50.0,6.11,-0.64,2.29,0.95,-3.03,0.83,-115.7,-0.79,1.29,21.5,-36.28,2.4,10.8,24.0,2146,14,596059,,134181,,518960,,2,0,-1,bottom
2017-07-07,491397,1,445060,R,518960,R,8,Double,6,3,170708_002849,0117e8a8-7095-42c1-a2e7-0d09ae09d969,1,1,2,B,Ball,SL,14,2.0,3.77,1.65,80.2,74.0,58.94,-0.76,50.0,6.07,1.16,1.59,0.66,-1.53,4.2,-116.47,-2.86,0.91,21.83,-34.28,2.4,10.8,24.0,2228,24,596059,,134181,,518960,,2,0,-1,bottom
2017-07-07,491397,1,445060,R,518960,R,8,Double,6,4,170708_002914,6f06b3fa-a4fd-4499-802f-e0cabdb46211,2,2,2,C,Called Strike,FT,14,2.0,3.61,1.51,91.2,84.0,66.75,-0.47,50.0,5.84,0.74,1.45,-10.33,5.24,6.69,-132.29,-7.13,-18.42,26.52,-22.83,34.8,7.2,24.0,1903,248,596059,,134181,,518960,,2,0,-1,bottom
2017-07-07,491397,1,445060,R,518960,R,8,Double,6,5,170708_003017,2526a34d-6aef-481c-825b-a6d3631aef11,2,2,2,E,In play- run(s),FT,11,2.0,3.49,1.48,90.7,83.5,60.46,-0.78,50.0,6.01,-0.74,2.94,-11.3,4.46,3.95,-131.72,-3.36,-20.0,26.19,-24.28,37.2,7.2,24.0,1830,252,596059,,134181,,518960,,2,0,-1,bottom
2017-07-07,491397,1,445060,R,435063,R,9,Pop Out,4,1,170708_003110,da7048c8-463d-4fd8-8e00-7c7f4221585e,0,0,2,B,Ball,SL,14,2.0,3.38,1.47,81.0,74.0,80.33,-0.77,50.0,5.98,1.13,2.02,2.0,-2.48,3.79,-117.5,-1.45,2.77,23.92,-35.62,6.0,10.8,24.0,2183,35,,518960,,,,,0,1,-3,bottom
2017-07-07,491397,1,445060,R,435063,R,9,Pop Out,4,2,170708_003132,d5ce6dcb-49a9-4fda-bf12-719c0110f930,1,0,2,S,Swinging Strike,SL,14,2.0,3.09,1.28,81.1,75.0,40.01,-1.09,50.0,5.79,0.22,1.06,-2.5,-4.6,3.8,-117.79,-2.71,-3.52,22.19,-38.64,4.8,10.8,24.0,2271,340,,518960,,,,,0,1,-3,bottom
2017-07-07,491397,1,445060,R,435063,R,9,Pop Out,4,3,170708_003200,c9a7339a-aec3-4872-965a-fb2855e9f371,1,2,2,C,Called Strike,SL,14,2.0,3.38,1.46,81.2,74.5,45.22,-0.85,50.0,6.04,0.83,2.17,0.11,-1.55,3.87,-117.82,-1.61,0.16,22.75,-34.34,1.2,9.6,24.0,2317,13,,518960,,,,,0,1,-3,bottom
2017-07-07,491397,1,445060,R,435063,R,9,Pop Out,4,4,170708_003228,3efeaed9-a898-4c19-a5db-712e68e66397,1,2,2,X,In play- out(s),FF,11,2.0,3.09,1.28,91.9,83.3,42.5,-0.56,50.0,6.08,-0.19,3.44,-6.36,8.95,3.15,-133.25,-3.84,-11.38,30.16,-16.17,32.4,4.8,24.0,2040,217,,518960,,,,,0,1,-3,bottom
2017-07-07,491397,2,445060,R,595777,L,14,Single,6,1,170708_004405,27c6b6aa-6b81-4be0-9933-da0a2a332ba6,0,1,0,C,Called Strike,FT,6,2.0,3.55,1.58,89.5,82.4,42.63,-0.87,50.0,6.04,0.33,2.74,-10.49,4.68,6.6,-129.95,-3.8,-18.07,25.37,-24.11,33.6,7.2,24.0,1991,249,,,,595777,,,0,0,-3,bottom
2017-07-07,491397,2,445060,R,595777,L,14,Single,6,2,170708_004421,5e3631ab-e63f-4de2-a3b0-a5d0de02abc3,0,1,0,B,Ball,KC,13,2.0,3.41,1.55,72.5,66.5,75.18,-1.08,50.0,6.34,-0.86,1.29,8.84,-8.23,-1.91,-105.26,-0.43,9.76,20.57,-41.25,13.2,15.6,24.0,2683,41,,,,595777,,,0,0,-3,bottom
2017-07-07,491397,2,445060,R,595777,L,14,Single,6,3,170708_004438,226d7d71-2ae6-490d-8e1e-5e84edf35218,1,2,0,C,Called Strike,FS,4,2.0,3.42,1.55,80.8,74.4,23.39,-1.03,50.0,5.98,-0.29,2.2,-8.72,4.68,4.35,-117.28,-3.25,-12.21,21.06,-25.61,24.0,8.4,24.0,1397,247,,,,595777,,,0,0,-3,bottom
2017-07-07,491397,2,445060,R,595777,L,14,Single,6,4,170708_004500,a7964028-fc3c-49df-9cb9-aecb738fa039,1,2,0,F,Foul,SL,6,2.0,3.12,1.41,79.8,74.0,21.87,-0.9,50.0,6.06,0.25,2.41,1.25,-3.94,2.27,-115.99,-0.19,1.71,20.3,-37.58,3.6,10.8,24.0,2330,18,,,,595777,,,0,0,-3,bottom
2017-07-07,491397,2,445060,R,595777,L,14,Single,6,5,170708_004519,55be76b6-c902-4cb4-8cfb-4d78bcb3584e,1,2,0,F,Foul,FT,1,2.0,3.12,1.41,90.9,82.8,51.8,-0.74,50.0,6.02,-0.49,2.87,-12.42,5.78,4.84,-131.99,-3.95,-21.83,29.1,-22.02,42.0,7.2,24.0,1989,248,,,,595777,,,0,0,-3,bottom
2017-07-07,491397,2,445060,R,595777,L,14,Single,6,6,170708_004555,98979400-072b-4223-8c42-c67895972a28,1,2,0,D,In play- no out,FS,11,2.0,3.12,1.41,81.3,75.5,39.19,-1.2,50.0,6.01,-1.02,2.36,-7.05,-0.47,2.58,-118.19,-1.54,-10.09,20.22,-32.85,16.8,9.6,24.0,1284,281,,,,595777,,,0,0,-3,bottom
2017-07-07,491397,2,445060,R,592261,R,15,Sac Bunt,2,1,170708_004636,072d4a12-5332-4e02-99db-3f43d7f8873a,0,1,0,C,Called Strike,SL,8,2.0,3.44,1.63,78.8,72.8,58.51,-1.06,50.0,6.03,0.18,2.15,-0.04,-4.83,2.83,-114.5,-0.25,-0.05,20.79,-38.6,0.0,12.0,24.0,2230,3,595777,,,,595777,,0,1,-3,bottom
2017-07-07,491397,2,445060,R,592261,R,15,Sac Bunt,2,2,170708_004704,9a4c75b6-1b3d-47cd-aa44-8b37b92d73b2,0,1,0,X,In play- out(s),FS,5,2.0,3.19,1.29,81.4,75.5,11.64,-1.11,50.0,5.91,-0.04,2.32,-9.0,-0.6,5.27,-118.23,-1.38,-12.89,20.02,-33.04,20.4,9.6,24.0,1414,279,595777,,,,595777,,0,1,-3,bottom
2017-07-07,491397,2,445060,R,425783,L,16,Walk,7,1,170708_004758,e17005ae-5cde-40f4-bc3b-29e8cffc87d8,0,0,1,B,Ball,SL,13,2.0,3.37,1.48,77.7,72.7,46.08,-1.31,50.0,5.84,-1.72,2.35,3.09,-1.4,-1.82,-113.08,-0.29,4.07,17.17,-34.02,6.0,10.8,24.0,2117,52,,595777,,425783,595777,,0,0,-3,bottom
2017-07-07,491397,2,445060,R,425783,L,16,Walk,7,2,170708_004820,2fff62a4-3572-4ccf-9db3-da517f05529a,1,0,1,B,Ball,FT,11,2.0,3.34,1.52,91.3,84.2,28.97,-1.07,50.0,5.85,-1.92,2.75,-9.95,1.53,1.17,-132.7,-2.55,-17.86,26.66,-29.43,30.0,8.4,24.0,1858,266,,595777,,425783,595777,,0,0,-3,bottom
2017-07-07,491397,2,445060,R,425783,L,16,Walk,7,3,170708_004852,e9e62fa9-08a4-4b08-ac15-c24bc0439df6,2,1,1,F,Foul,FT,8,2.0,3.04,1.32,91.6,84.7,40.3,-0.92,50.0,5.85,-0.16,1.81,-9.2,3.23,5.16,-132.99,-5.66,-16.66,25.66,-26.33,30.0,7.2,24.0,1830,256,,595777,,425783,595777,,0,0,-3,bottom
2017-07-07,491397,2,445060,R,425783,L,16,Walk,7,4,170708_005000,ac3cde17-593b-447a-9964-6f647e1ec95a,2,1,1,B,Ball,KC,13,2.0,3.35,1.5,73.3,67.4,31.49,-1.35,50.0,6.2,-1.44,2.13,7.56,-5.75,-2.23,-106.34,0.73,8.61,19.11,-38.72,12.0,14.4,24.0,2413,46,,595777,,425783,595777,,0,0,-3,bottom
2017-07-07,491397,2,445060,R,425783,L,16,Walk,7,5,170708_005049,248ee713-d247-4690-bd3a-ab1ed6e6484e,3,1,1,B,Ball,FF,11,2.0,3.36,1.47,91.3,84.1,62.85,-0.74,50.0,6.01,-0.73,3.59,-5.31,6.6,1.87,-132.7,-2.54,-9.57,25.7,-20.29,24.0,4.8,24.0,1921,221,,595777,,425783,595777,,0,0,-3,bottom
2017-07-07,491397,2,445060,R,460576,R,17,Strikeout,6,1,170708_005135,86f529e2-4aae-46d1-a4bb-15d6c48f893d,0,0,1,S,Swinging Strike,SL,12,2.0,3.46,1.47,82.2,76.7,75.22,-0.92,50.0,6.04,0.79,2.66,0.63,-1.82,3.87,-119.59,-0.68,0.93,19.72,-34.85,2.4,9.6,24.0,2277,22,425783,595777,,425783,595777,,0,1,-3,bottom
2017-07-07,491397,2,445060,R,460576,R,17,Strikeout,6,2,170708_005155,6fd864d6-92fd-4b0e-bd61-20a2b90334b4,0,1,1,B,Ball,SL,14,2.0,3.69,1.52,81.5,76.2,31.98,-0.79,50.0,5.9,1.56,1.26,-0.44,-3.38,5.68,-118.46,-3.03,-0.63,19.94,-37.04,0.0,10.8,24.0,2274,2,425783,595777,,425783,595777,,0,1,-3,bottom
2017-07-07,491397,2,445060,R,460576,R,17,Strikeout,6,3,170708_005222,ff2905fc-c779-410b-9334-3675450fd7dd,1,2,1,F,Foul,SL,9,2.0,3.46,1.47,82.0,76.0,51.08,-1.01,50.0,5.87,0.65,1.51,-0.26,-0.74,4.0,-119.08,-3.23,-0.38,21.46,-33.24,0.0,9.6,24.0,2293,7,425783,595777,,425783,595777,,0,1,-3,bottom
2017-07-07,491397,2,445060,R,460576,R,17,Strikeout,6,4,170708_005248,f418a794-de21-4c76-881f-2c4c592cc9e0,1,2,1,B,Ball,FT,12,2.0,3.7,1.57,92.2,84.2,59.31,-0.42,50.0,6.02,1.09,3.1,-9.43,5.06,7.23,-133.67,-3.36,-17.1,28.32,-22.99,33.6,6.0,24.0,1852,245,425783,595777,,425783,595777,,0,1,-3,bottom
2017-07-07,491397,2,445060,R,460576,R,17,Strikeout,6,5,170708_005310,fb0dec51-8912-4203-8a64-7de32c6ba60c,2,2,1,F,Foul,SL,8,2.0,3.46,1.47,79.1,73.0,36.59,-1.01,50.0,5.9,0.2,1.75,0.4,-4.63,2.63,-114.88,-0.96,0.54,21.34,-38.36,1.2,12.0,24.0,2157,7,425783,595777,,425783,595777,,0,1,-3,bottom
2017-07-07,491397,2,445060,R,460576,R,17,Strikeout,6,6,170708_005337,da4deeb1-8430-4bba-be3a-652a80e6f72d,2,3,1,W,Swinging Strike (Blocked),SL,14,2.0,3.46,1.47,81.1,75.3,16.31,-0.82,50.0,5.77,1.32,0.84,-0.38,-1.29,5.11,-117.76,-4.2,-0.54,20.93,-34.0,0.0,9.6,24.0,2255,5,425783,595777,,425783,595777,,0,1,-3,bottom
2017-07-07,491397,2,445060,R,608577,L,18,Single,1,1,170708_005441,430ac4fe-2278-44d4-bd89-bb3204e8736a,0,0,2,E,In play- run(s),SL,4,2.0,3.24,1.44,81.4,74.5,62.34,-1.26,50.0,5.87,-0.4,2.55,-1.03,-3.0,2.32,-118.2,0.07,-1.46,23.34,-36.4,1.2,10.8,24.0,2243,349,425783,595777,,608577,425783,,1,0,-3,bottom
2017-07-07,491397,2,445060,R,134181,R,19,Home Run,7,1,170708_005521,f9622d56-9132-436e-9671-5c51cf952014,0,0,2,B,Ball,FT,11,2.0,3.6,1.58,91.1,83.5,64.72,-0.78,50.0,5.99,-0.51,3.72,-10.47,4.02,4.27,-132.33,-1.17,-18.65,27.08,-25.01,34.8,7.2,24.0,2058,252,608577,425783,,,,,3,0,-4,bottom
2017-07-07,491397,2,445060,R,134181,R,19,Home Run,7,2,170708_005541,ea2d72d2-3d06-44f9-8923-d7627ad52a13,1,1,2,F,Foul,FF,12,2.0,3.42,1.48,91.4,83.3,65.02,-0.29,50.0,6.14,0.8,3.36,-4.11,8.16,4.27,-132.63,-3.89,-7.32,28.69,-17.66,19.2,4.8,24.0,2091,207,608577,425783,,,,,3,0,-4,bottom
2017-07-07,491397,2,445060,R,134181,R,19,Home Run,7,3,170708_005606,df20f03f-b79a-4992-b0f6-967324ac64e1,1,1,2,B,Ball,SL,14,2.0,3.81,1.8,81.3,75.3,32.44,-0.77,50.0,5.89,1.38,1.65,1.71,-2.52,4.5,-117.99,-2.27,2.43,21.29,-35.74,4.8,10.8,24.0,2264,32,608577,425783,,,,,3,0,-4,bottom
2017-07-07,491397,2,445060,R,134181,R,19,Home Run,7,4,170708_005626,45a25a62-9367-450d-b1d5-352e756168d4,2,2,2,C,Called Strike,SL,7,2.0,3.8,1.76,80.7,74.4,38.64,-1.13,50.0,5.93,-0.46,2.15,0.25,-1.67,1.5,-117.19,-1.33,0.35,21.43,-34.5,1.2,9.6,24.0,2202,9,608577,425783,,,,,3,0,-4,bottom
2017-07-07,491397,2,445060,R,134181,R,19,Home Run,7,5,170708_005650,f3c4f654-a8a9-4348-bb92-0814cf1484fd,2,2,2,F,Foul,FT,3,2.0,3.42,1.48,93.2,85.5,54.49,-0.37,50.0,6.06,0.7,2.87,-8.53,6.76,5.83,-135.3,-4.88,-15.88,28.25,-19.59,36.0,6.0,24.0,2032,234,608577,425783,,,,,3,0,-4,bottom
2017-07-07,491397,2,445060,R,134181,R,19,Home Run,7,6,170708_005718,6869fdb8-8a64-4730-8f2a-c07b7faf653c,3,2,2,*B,Ball In Dirt,FT,14,2.0,3.8,1.76,91.3,84.5,56.06,-0.47,50.0,5.61,1.1,0.63,-8.87,3.2,7.14,-132.43,-8.05,-15.9,25.64,-26.43,27.6,7.2,24.0,1845,258,608577,425783,,,,,3,0,-4,bottom
2017-07-07,491397,2,445060,R,134181,R,19,Home Run,7,7,170708_005757,5ddb1faa-6494-423e-8611-72ea7a07a680,3,2,2,E,In play- run(s),SL,8,2.0,3.42,1.48,80.5,74.0,34.24,-1.08,50.0,5.86,-0.12,1.71,0.82,-1.81,1.96,-116.94,-2.06,1.13,22.7,-34.67,2.4,10.8,24.0,2141,20,608577,425783,,,,,3,0,-4,bottom
2017-07-07,491397,2,445060,R,596059,L,20,Home Run,8,1,170708_005935,d1e0d6ba-af9d-4b48-a263-3ac4a85e993f,0,0,2,B,Ball,FT,11,2.0,3.27,1.29,91.0,84.0,56.99,-0.93,50.0,5.97,-1.21,2.33,-9.68,4.1,2.58,-132.19,-4.78,-17.28,25.96,-24.85,33.6,7.2,24.0,1828,252,,,,,,,1,0,-7,bottom
2017-07-07,491397,2,445060,R,596059,L,20,Home Run,8,2,170708_005953,d1944b66-3f48-4c1a-8e93-8f5afd06ac23,1,1,2,C,Called Strike,FS,11,2.0,3.29,1.42,81.1,75.5,44.78,-1.11,50.0,5.96,-0.91,2.73,-8.54,2.09,3.06,-117.9,-1.35,-12.22,18.89,-29.18,21.6,8.4,24.0,1193,261,,,,,,,1,0,-7,bottom
2017-07-07,491397,2,445060,R,596059,L,20,Home Run,8,3,170708_010016,c04cca79-9e7e-4760-8298-03a74f4949f0,1,1,2,S,Swinging Strike,SL,14,2.0,2.92,1.16,81.2,74.4,47.61,-0.83,50.0,6.02,1.09,1.59,-0.54,-4.55,4.63,-117.75,-1.94,-0.76,23.91,-38.51,0.0,10.8,24.0,2230,1,,,,,,,1,0,-7,bottom
2017-07-07,491397,2,445060,R,596059,L,20,Home Run,8,4,170708_010034,faff35dd-869b-46e9-9695-8ebea23c3afc,1,2,2,B,Ball,KC,14,2.0,3.2,1.3,74.1,68.3,52.92,-0.85,50.0,6.01,0.78,0.27,7.95,-9.27,1.27,-107.68,-1.98,9.19,21.52,-42.89,12.0,15.6,24.0,2561,37,,,,,,,1,0,-7,bottom
2017-07-07,491397,2,445060,R,596059,L,20,Home Run,8,5,170708_010057,7ce13ad8-507d-473c-be63-2a95909539cc,2,2,2,B,Ball,FT,11,2.0,3.19,1.23,91.0,83.7,33.19,-0.84,50.0,6.03,-1.74,2.74,-7.13,7.12,0.07,-132.27,-4.9,-12.71,26.7,-19.49,31.2,6.0,24.0,1958,230,,,,,,,1,0,-7,bottom
2017-07-07,491397,2,445060,R,596059,L,20,Home Run,8,6,170708_010116,013285c4-308b-4a48-9b90-946120d4cce6,3,2,2,F,Foul,SL,11,2.0,2.92,1.16,79.9,74.1,57.85,-1.32,50.0,5.94,-1.29,2.74,-0.82,-1.81,0.3,-116.21,0.13,-1.14,19.58,-34.68,2.4,9.6,24.0,2167,342,,,,,,,1,0,-7,bottom
2017-07-07,491397,2,445060,R,596059,L,20,Home Run,8,7,170708_010135,409b52c6-b192-45cc-b9b1-443135d7e77a,3,2,2,F,Foul,SL,14,2.0,2.92,1.16,79.7,74.0,43.34,-0.89,50.0,6.01,0.97,1.97,-0.33,-3.67,4.37,-115.89,-1.16,-0.45,20.33,-37.2,0.0,10.8,24.0,2304,2,,,,,,,1,0,-7,bottom
2017-07-07,491397,2,445060,R,596059,L,20,Home Run,8,8,170708_010209,6fa94e40-e5a2-41b9-975c-52dac2c7b762,3,2,2,E,In play- run(s),FT,1,2.0,2.92,1.16,91.1,84.4,48.66,-0.85,50.0,5.94,-0.35,2.75,-11.06,2.88,5.1,-132.43,-3.26,-19.91,24.69,-26.99,34.8,7.2,24.0,1912,259,,,,,,,1,0,-7,bottom
2017-07-14,491446,1,445060,R,605480,L,0,Lineout,2,1,170715_020854,1d0ac6bb-57d9-45d1-ac2e-e2a2efccdab4,0,1,0,C,Called Strike,FF,8,2.0,3.47,1.58,90.0,83.3,50.16,-0.87,50.0,5.93,-0.04,1.78,-5.44,8.03,4.0,-130.82,-7.29,-9.54,24.42,-18.09,24.0,4.8,24.0,2129,217,,,,,,,0,1,0,top
2017-07-14,491446,1,445060,R,605480,L,0,Lineout,2,2,170715_020912,5c91a414-a02b-43a2-9c53-d09525920ba0,0,1,0,X,In play- out(s),FS,13,2.0,3.13,1.3,81.4,76.1,36.27,-1.09,50.0,5.98,-0.22,1.29,-7.15,0.71,4.23,-118.3,-4.4,-10.3,19.02,-31.15,16.8,9.6,24.0,1451,273,,,,,,,0,1,0,top
2017-07-14,491446,1,445060,R,572816,L,1,Strikeout,5,1,170715_020952,bf337a81-bd6d-4b4e-989f-ad2741ec9b6e,0,0,1,B,Ball,FF,13,2.0,3.59,1.55,90.8,84.5,70.16,-0.86,50.0,6.06,-1.17,2.18,-4.48,6.56,0.73,-132.01,-6.28,-8.06,23.29,-20.39,20.4,4.8,24.0,2027,219,,,,,,,0,1,0,top
2017-07-14,491446,1,445060,R,572816,L,1,Strikeout,5,2,170715_021011,f5dfe9f7-c6c0-46ee-a643-24cff1e808b9,1,0,1,B,Ball,FT,14,2.0,3.69,1.58,91.4,85.1,54.23,-0.81,50.0,5.66,1.02,-0.55,-7.73,5.14,7.47,-132.36,-11.97,-13.92,24.36,-22.92,26.4,6.0,24.0,2187,244,,,,,,,0,1,0,top
2017-07-14,491446,1,445060,R,572816,L,1,Strikeout,5,3,170715_021037,fe11b963-c1ef-4fed-8e9f-310f34a17197,2,1,1,F,Foul,FT,8,2.0,3.28,1.36,90.9,84.2,35.88,-0.81,50.0,5.88,0.01,1.86,-7.64,3.91,4.75,-132.01,-5.73,-13.66,24.85,-25.19,26.4,7.2,24.0,1957,249,,,,,,,0,1,0,top
2017-07-14,491446,1,445060,R,572816,L,1,Strikeout,5,4,170715_021134,fbf5c493-4459-41dc-b6a5-d7af9af47fda,2,2,1,F,Foul,SL,8,2.0,3.28,1.36,80.4,75.0,28.54,-1.11,50.0,5.89,0.09,1.85,1.7,-0.81,2.27,-116.91,-2.2,2.38,19.09,-33.31,4.8,9.6,24.0,2326,48,,,,,,,0,1,0,top
2017-07-14,491446,1,445060,R,572816,L,1,Strikeout,5,5,170715_021204,2786f046-d35d-4bce-8215-a6e2a93be845,2,2,1,S,Swinging Strike,FF,4,2.0,3.28,1.36,91.5,84.5,41.66,-0.88,50.0,5.92,-0.56,2.02,-3.72,8.1,2.13,-132.9,-6.95,-6.73,25.72,-17.53,18.0,4.8,24.0,2006,207,,,,,,,0,1,0,top
2017-07-14,491446,1,445060,R,446334,R,2,Home Run,2,1,170715_021238,9318a7b1-91fb-4c50-83e7-f76db60437c9,0,0,2,B,Ball,FT,14,2.0,3.72,1.79,92.2,85.5,47.65,-0.4,50.0,5.85,1.77,1.65,-7.71,5.75,8.42,-133.68,-7.09,-14.16,24.69,-21.61,28.8,6.0,24.0,2054,236,,,,,,,1,0,0,top
2017-07-14,491446,1,445060,R,446334,R,2,Home Run,2,2,170715_021257,da1ca719-b31c-4c0e-8964-c6ac666c7b9d,1,0,2,E,In play- run(s),FT,8,2.0,3.59,1.53,92.1,85.5,42.63,-0.67,50.0,5.88,-0.18,2.02,-8.38,4.02,4.19,-133.86,-5.6,-15.42,24.99,-24.78,30.0,6.0,24.0,2057,249,,,,,,,1,0,0,top
2017-07-14,491446,1,445060,R,489149,L,3,Groundout,5,1,170715_021340,57601161-82d0-4b6b-9ffd-a76344212a37,0,0,2,B,Ball,FS,11,2.0,3.62,1.72,80.9,75.0,95.57,-1.11,50.0,6.14,-1.18,3.03,-4.24,0.99,1.11,-117.6,-0.65,-6.0,19.83,-30.77,10.8,8.4,24.0,1125,268,,,,,,,0,1,-1,top
2017-07-14,491446,1,445060,R,489149,L,3,Groundout,5,2,170715_021400,43e39788-dbc5-4009-ba17-5f3114a040a9,1,0,2,B,Ball,FT,13,2.0,3.64,1.64,91.4,84.5,43.9,-0.77,50.0,5.84,-1.64,1.46,-8.98,2.3,0.77,-132.74,-6.17,-16.14,26.44,-28.04,28.8,7.2,24.0,2029,263,,,,,,,0,1,-1,top
2017-07-14,491446,1,445060,R,489149,L,3,Groundout,5,3,170715_021424,9fe41b4a-b9e2-448a-a3eb-3c799bcb6629,2,1,2,C,Called Strike,FT,13,2.0,3.47,1.52,91.6,84.4,69.92,-0.81,50.0,5.77,-0.66,1.32,-8.95,4.16,3.44,-132.91,-6.99,-16.11,26.81,-24.69,31.2,7.2,24.0,2054,252,,,,,,,0,1,-1,top
2017-07-14,491446,1,445060,R,489149,L,3,Groundout,5,4,170715_021444,8f2333bd-60e8-4515-9792-ac65513475d3,2,1,2,S,Swinging Strike,SL,14,2.0,3.39,1.46,80.6,74.6,54.5,-0.96,50.0,5.87,0.52,1.36,2.74,-5.79,2.61,-117.07,-1.74,3.81,21.65,-40.23,6.0,12.0,24.0,,24,,,,,,,0,1,-1,top
2017-07-14,491446,1,445060,R,489149,L,3,Groundout,5,5,170715_021512,bd39b588-118f-435d-b6ad-f74f51676f80,2,2,2,X,In play- out(s),SL,13,2.0,3.36,1.43,79.6,74.2,33.67,-1.07,50.0,5.92,-0.09,1.39,2.36,-4.52,1.55,-115.74,-2.03,3.24,19.52,-38.37,4.8,12.0,24.0,2295,25,,,,,,,0,1,-1,top
2017-07-14,491446,2,445060,R,519306,R,7,Groundout,4,1,170715_022344,fa016b03-8cc5-43c3-906c-7c7c47403d91,0,1,0,C,Called Strike,SL,14,2.0,3.63,1.68,81.8,75.7,89.55,-0.85,50.0,6.06,0.94,1.78,1.65,-1.57,3.7,-118.83,-2.74,2.36,21.8,-34.43,4.8,9.6,24.0,,38,,,,,,,0,1,-1,top
2017-07-14,491446,2,445060,R,519306,R,7,Groundout,4,2,170715_022400,da4666b1-6d68-497c-822c-0167fca75165,0,1,0,B,Ball,FT,13,2.0,3.59,1.72,90.6,84.3,29.3,-1.16,50.0,5.74,-1.31,1.02,-10.04,2.77,3.01,-131.67,-7.13,-17.86,24.52,-27.26,31.2,7.2,24.0,1942,261,,,,,,,0,1,-1,top
2017-07-14,491446,2,445060,R,519306,R,7,Groundout,4,3,170715_022416,6b8380d8-39ff-4fa5-8364-cb73fa952b6e,1,1,0,B,Ball,FF,14,2.0,3.62,1.74,91.4,83.7,34.99,-0.43,50.0,5.94,1.77,1.93,-4.77,10.5,7.37,-132.29,-7.9,-8.5,27.03,-13.49,25.2,3.6,24.0,2213,203,,,,,,,0,1,-1,top
2017-07-14,491446,2,445060,R,519306,R,7,Groundout,4,4,170715_022437,294d6597-63f4-4eb2-aa86-01fca778ea8a,2,1,0,X,In play- out(s),FT,9,2.0,3.46,1.45,91.7,84.5,41.79,-0.52,50.0,5.93,0.29,2.05,-8.9,4.92,5.19,-133.07,-5.8,-16.09,26.48,-23.28,31.2,6.0,24.0,2070,246,,,,,,,0,1,-1,top
2017-07-14,491446,2,445060,R,467092,R,8,Strikeout,4,1,170715_022512,d72b18f9-1f73-446c-9adb-fe8357a3bf50,0,0,1,B,Ball,SL,14,2.0,3.58,1.6,82.9,77.0,55.4,-0.69,50.0,5.83,1.56,0.39,2.83,-2.36,4.47,-120.27,-5.45,4.17,22.36,-35.65,7.2,9.6,24.0,2371,42,,,,,,,0,1,-1,top
2017-07-14,491446,2,445060,R,467092,R,8,Strikeout,4,2,170715_022531,0f5dc84c-a121-4502-b3fc-32844a43cec3,1,1,1,C,Called Strike,SL,9,2.0,3.58,1.55,81.8,75.8,32.69,-0.86,50.0,6.08,0.37,2.13,3.49,-3.03,1.83,-118.83,-1.52,5.02,21.41,-36.53,8.4,10.8,24.0,2314,42,,,,,,,0,1,-1,top
2017-07-14,491446,2,445060,R,467092,R,8,Strikeout,4,3,170715_022549,03b37cdc-ee80-44d6-88de-5074a331f81d,1,1,1,S,Swinging Strike,SL,14,2.0,3.26,1.31,82.8,76.8,41.81,-0.81,50.0,5.87,0.32,1.23,2.03,-1.03,2.05,-120.32,-3.99,2.99,21.79,-33.69,6.0,9.6,24.0,2512,45,,,,,,,0,1,-1,top
2017-07-14,491446,2,445060,R,467092,R,8,Strikeout,4,4,170715_022610,d712d843-87cd-4e80-bde4-8369a86f7e1d,1,3,1,T,Foul Tip,SL,14,2.0,3.26,1.31,82.2,76.5,59.48,-0.61,50.0,5.98,1.13,1.22,1.8,-1.46,3.56,-119.41,-4.01,2.62,20.83,-34.3,4.8,9.6,24.0,2297,40,,,,,,,0,1,-1,top
2017-07-14,491446,2,445060,R,543543,L,9,Groundout,5,1,170715_022643,f0b10e8b-32cb-4992-9561-94af75861ffb,0,1,2,F,Foul,FT,5,2.0,3.18,1.33,90.8,84.2,35.45,-0.72,50.0,5.86,-0.19,2.29,-7.99,3.57,4.1,-131.91,-4.41,-14.29,24.29,-25.79,27.6,7.2,24.0,2016,251,,,,,,,0,1,-1,top
2017-07-14,491446,2,445060,R,543543,L,9,Groundout,5,2,170715_022700,153c3fe8-9e8d-4a1f-a2b2-d013398d8365,0,1,2,B,Ball,FS,13,2.0,3.37,1.56,81.9,76.9,11.16,-0.94,50.0,5.7,-0.1,0.04,-4.49,1.49,3.4,-119.01,-7.07,-6.56,18.71,-29.99,10.8,8.4,24.0,1357,268,,,,,,,0,1,-1,top
2017-07-14,491446,2,445060,R,543543,L,9,Groundout,5,3,170715_022718,0ed11620-4114-402d-b2c9-ac5c253390f3,1,2,2,F,Foul,SL,9,2.0,3.17,1.33,80.8,75.6,38.98,-0.96,50.0,5.89,0.49,1.6,2.88,-0.08,2.51,-117.45,-3.12,4.09,18.69,-32.29,7.2,9.6,24.0,2345,69,,,,,,,0,1,-1,top
2017-07-14,491446,2,445060,R,543543,L,9,Groundout,5,4,170715_022745,eb7b6aa1-a949-4039-986c-70a2de8a63b7,1,2,2,B,Ball,FF,11,2.0,3.43,1.59,92.2,84.9,21.77,-0.79,50.0,5.95,-1.62,2.75,-3.34,8.44,-1.04,-133.98,-5.33,-6.12,26.76,-16.71,19.2,3.6,24.0,2158,205,,,,,,,0,1,-1,top
2017-07-14,491446,2,445060,R,543543,L,9,Groundout,5,5,170715_022808,f17646f2-9e7e-4d8b-b24a-9020b547c020,2,2,2,X,In play- out(s),KC,13,2.0,3.18,1.33,74.2,68.6,28.08,-0.98,50.0,6.06,-0.05,0.9,7.85,-8.47,-0.2,-107.72,-1.03,9.17,19.78,-42.06,12.0,14.4,24.0,2549,39,,,,,,,0,1,-1,top
2017-07-14,491446,3,445060,R,588751,R,15,Groundout,4,1,170715_024224,42242979-b10b-4c7a-9ac8-7f27dd59e137,0,0,0,S,Swinging Strike,FT,12,2.0,3.11,1.26,90.0,82.8,29.37,-0.41,50.0,6.0,1.43,2.25,-9.76,6.47,8.03,-130.45,-5.66,-16.96,25.27,-20.94,34.8,6.0,24.0,2173,239,,,,,,,0,1,0,top
2017-07-14,491446,3,445060,R,588751,R,15,Groundout,4,2,170715_024234,4bd743ca-a9f7-4c12-87a5-785ae40fe507,0,1,0,B,Ball,FT,14,2.0,3.26,1.4,90.0,83.5,75.7,-0.41,50.0,5.94,1.05,1.13,-7.99,6.91,6.47,-130.46,-8.61,-13.98,23.49,-20.08,31.2,6.0,24.0,2117,233,,,,,,,0,1,0,top
2017-07-14,491446,3,445060,R,588751,R,15,Groundout,4,3,170715_024253,d8324c94-1842-4269-a120-99bacfd9071d,1,2,0,C,Called Strike,SL,4,2.0,3.19,1.36,81.1,74.9,35.94,-1.06,50.0,6.11,-0.5,2.34,2.2,-4.42,0.62,-117.83,-0.53,3.11,21.65,-38.41,4.8,10.8,24.0,2359,23,,,,,,,0,1,0,top
2017-07-14,491446,3,445060,R,588751,R,15,Groundout,4,4,170715_024311,441e6759-db20-4b09-80ce-98eb61287740,1,2,0,X,In play- out(s),FF,12,2.0,3.11,1.26,91.7,84.5,44.49,-0.46,50.0,6.02,0.76,2.25,-4.56,9.75,4.78,-133.07,-7.19,-8.26,25.95,-14.53,25.2,3.6,24.0,2172,205,,,,,,,0,1,0,top
2017-07-14,491446,3,445060,R,451089,L,16,Groundout,5,1,170715_024347,4e2460a9-cb7a-4345-9bbd-203f19e7e7ce,0,1,1,F,Foul,FT,4,2.0,3.32,1.48,90.9,83.7,39.23,-0.61,50.0,5.9,-0.28,2.32,-9.77,5.6,4.19,-132.02,-5.11,-17.36,26.23,-22.21,36.0,6.0,24.0,2164,244,,,,,,,0,1,0,top
2017-07-14,491446,3,445060,R,451089,L,16,Groundout,5,2,170715_024402,89649b97-b0a1-4099-9a90-e395e07753f8,0,1,1,B,Ball,FS,14,2.0,3.42,1.61,82.6,77.2,37.19,-0.93,50.0,5.8,1.01,1.08,-4.66,4.13,6.09,-119.93,-5.83,-6.91,19.12,-26.04,13.2,7.2,24.0,1446,234,,,,,,,0,1,0,top
2017-07-14,491446,3,445060,R,451089,L,16,Groundout,5,3,170715_024417,71e29bc1-8d68-4be8-9eb1-2486798d0ea7,1,1,1,S,Swinging Strike,FS,14,2.0,3.32,1.48,81.0,75.5,37.0,-1.08,50.0,5.85,0.35,1.25,-5.83,4.7,5.11,-117.57,-5.3,-8.31,18.67,-25.48,15.6,7.2,24.0,1428,237,,,,,,,0,1,0,top
2017-07-14,491446,3,445060,R,451089,L,16,Groundout,5,4,170715_024444,78f14c45-e094-4334-ba9a-0e43eb7d1212,1,2,1,B,Ball,SL,14,2.0,3.37,1.58,81.8,75.8,36.29,-1.12,50.0,5.93,0.21,1.26,1.68,-3.4,2.61,-118.88,-3.09,2.41,22.11,-37.06,4.8,10.8,24.0,2333,23,,,,,,,0,1,0,top
2017-07-14,491446,3,445060,R,451089,L,16,Groundout,5,5,170715_031346,be295500-7d7a-487b-8474-4c969b902c31,2,2,1,X,In play- out(s),FT,8,2.0,3.32,1.48,91.1,84.0,38.66,-0.75,50.0,5.84,-0.17,1.87,-9.05,3.5,4.59,-132.19,-5.44,-16.13,26.17,-25.93,30.0,7.2,24.0,2015,255,,,,,,,0,1,0,top
2017-07-14,491446,3,445060,R,605480,L,17,Walk,6,1,170715_024535,a30ed7ab-11ca-4104-860e-6f053d0dd977,0,0,2,S,Swinging Strike,FS,14,2.0,3.14,1.3,81.8,76.1,100.0,-0.86,50.0,5.93,0.82,1.62,-3.33,4.42,4.99,-118.74,-4.69,-4.83,19.48,-25.77,8.4,7.2,24.0,1434,221,,,,605480,,,0,0,0,top
2017-07-14,491446,3,445060,R,605480,L,17,Walk,6,2,170715_024555,9acf385c-971d-456f-9992-3cfb3b97a95c,0,1,2,S,Swinging Strike,FS,14,2.0,3.14,1.3,80.6,75.3,15.93,-1.05,50.0,5.84,0.31,0.72,-5.98,0.24,4.96,-117.09,-5.04,-8.41,19.24,-31.84,13.2,9.6,24.0,1420,281,,,,605480,,,0,0,0,top
2017-07-14,491446,3,445060,R,605480,L,17,Walk,6,3,170715_024618,c1f48331-a597-489b-b4a8-b7e50c0d4422,0,2,2,B,Ball,FS,14,2.0,3.3,1.56,80.3,74.9,10.88,-0.89,50.0,5.87,0.16,1.06,-4.38,0.1,3.75,-116.67,-4.23,-6.12,19.12,-32.03,9.6,9.6,24.0,1203,286,,,,605480,,,0,0,0,top
2017-07-14,491446,3,445060,R,605480,L,17,Walk,6,4,170715_024642,99662a11-3a76-4b65-b7d5-6ed17a40fa12,1,2,2,B,Ball,SL,14,2.0,3.37,1.71,80.4,75.1,29.06,-1.03,50.0,5.79,0.55,0.53,2.84,-3.86,2.79,-116.83,-4.06,3.96,20.08,-37.56,6.0,10.8,24.0,2285,32,,,,605480,,,0,0,0,top
2017-07-14,491446,3,445060,R,605480,L,17,Walk,6,5,170715_024701,2f417532-218e-4164-b62f-7c1126001e39,2,2,2,B,Ball,FT,13,2.0,3.35,1.61,92.3,84.7,23.5,-1.01,50.0,5.78,-1.66,2.45,-9.12,4.42,1.4,-133.98,-4.25,-16.63,28.12,-24.11,33.6,7.2,24.0,2030,249,,,,605480,,,0,0,0,top
2017-07-14,491446,3,445060,R,605480,L,17,Walk,6,6,170715_024724,2cd27ec0-4761-42fa-90be-a5391ca6a292,3,2,2,B,Ball,FF,11,2.0,3.29,1.68,91.0,83.6,57.33,-1.0,50.0,5.78,-1.07,2.84,-5.62,6.8,1.72,-132.26,-3.87,-10.0,26.74,-20.06,25.2,4.8,24.0,2115,223,,,,605480,,,0,0,0,top
2017-07-14,491446,3,445060,R,572816,L,18,Flyout,10,1,170715_024848,92ee923e-1b79-4fb7-9694-ad4c05a131db,0,0,2,B,Ball,FT,13,2.0,3.57,1.47,89.4,82.3,56.38,-0.87,50.0,5.82,-1.24,2.49,-8.6,3.2,1.91,-129.87,-3.37,-14.76,25.76,-26.67,27.6,7.2,24.0,2032,255,605480,,,,,,0,1,0,top
2017-07-14,491446,3,445060,R,572816,L,18,Flyout,10,2,170715_024934,a1c95c6a-d6b2-45bd-8f4d-41d3f8433bb0,1,0,2,S,Swinging Strike,FS,14,2.0,3.27,1.35,82.5,76.3,26.07,-0.78,50.0,5.75,0.52,0.83,-6.86,3.74,5.21,-119.77,-6.01,-10.02,21.79,-26.71,18.0,8.4,24.0,1550,250,605480,,,,,,0,1,0,top
2017-07-14,491446,3,445060,R,572816,L,18,Flyout,10,3,170715_025006,e46bd8db-6500-40d8-8993-4d8fd3786c24,1,1,2,S,Swinging Strike,FT,1,2.0,3.28,1.36,90.8,83.2,49.97,-0.57,50.0,5.84,-0.49,2.84,-8.96,4.57,3.26,-131.87,-3.19,-15.82,27.51,-24.1,31.2,7.2,24.0,2062,247,605480,,,,,,0,1,0,top
2017-07-14,491446,3,445060,R,572816,L,18,Flyout,10,4,170715_025105,9e7a3ed3-f842-49a1-8f34-920a0b89be62,1,2,2,F,Foul,FF,3,2.0,3.28,1.36,91.0,83.4,59.32,-0.61,50.0,6.08,0.65,3.2,-4.96,7.7,5.0,-132.07,-3.99,-8.82,26.7,-18.5,21.6,4.8,24.0,2047,213,605480,,,,,,0,1,0,top
2017-07-14,491446,3,445060,R,572816,L,18,Flyout,10,5,170715_025142,4c4f53b1-a452-441c-bacb-13f2ece73fcf,1,2,2,X,In play- out(s),KC,13,2.0,3.28,1.36,75.0,69.1,48.68,-1.01,50.0,6.14,-0.1,1.24,8.83,-6.73,-0.5,-108.93,-1.11,10.52,20.73,-40.19,14.4,14.4,24.0,2487,48,605480,,,,,,0,1,0,top
2017-07-14,491446,4,445060,R,446334,R,24,Pop Out,1,1,170715_031028,9d3c630f-43fc-42df-b94c-688fd82e5899,0,0,0,X,In play- out(s),FF,5,2.0,3.59,1.53,90.7,83.0,44.59,-0.56,50.0,6.09,0.18,2.74,-4.31,9.93,3.38,-131.58,-5.9,-7.58,26.9,-14.7,24.0,3.6,24.0,2209,204,,,,,,,0,1,0,top
2017-07-14,491446,4,445060,R,489149,L,25,Strikeout,7,1,170715_031058,e41748f6-d58c-4efb-b404-b2204f118ab0,0,1,1,C,Called Strike,FF,4,2.0,3.59,1.43,90.4,83.1,59.02,-0.74,50.0,5.98,-0.59,2.31,-4.77,8.83,1.98,-131.21,-6.33,-8.37,26.0,-16.68,24.0,4.8,24.0,2285,211,,,,,,,0,1,0,top
2017-07-14,491446,4,445060,R,489149,L,25,Strikeout,7,2,170715_031123,86bded26-a6dc-47ac-9b91-93d7fb5738f7,0,1,1,S,Swinging Strike,KC,9,2.0,3.36,1.43,74.9,68.9,42.57,-0.88,50.0,6.27,0.28,2.02,9.0,-8.23,-0.02,-108.74,0.69,10.69,20.56,-41.95,14.4,14.4,24.0,2659,44,,,,,,,0,1,0,top
2017-07-14,491446,4,445060,R,489149,L,25,Strikeout,7,3,170715_031145,74bf21e7-3367-4e8b-831a-837599881546,0,2,1,B,Ball,FF,13,2.0,3.59,1.59,92.4,84.3,19.62,-0.83,50.0,5.95,-1.81,2.52,-5.92,9.14,-0.55,-134.09,-6.14,-10.77,29.27,-15.55,32.4,4.8,24.0,2376,217,,,,,,,0,1,0,top
2017-07-14,491446,4,445060,R,489149,L,25,Strikeout,7,4,170715_031205,bd74e3d4-9ba2-4146-9582-3cd7482071d2,1,2,1,B,Ball,FF,14,2.0,3.62,1.59,92.2,84.3,22.36,-0.35,50.0,6.0,1.75,2.43,-4.24,10.84,7.01,-133.63,-7.07,-7.68,28.05,-12.53,24.0,3.6,24.0,2242,200,,,,,,,0,1,0,top
2017-07-14,491446,4,445060,R,489149,L,25,Strikeout,7,5,170715_031226,5c11ee16-2950-4e76-a762-969c2cb0d13b,2,2,1,B,Ball,SL,14,2.0,3.62,1.53,82.1,76.7,16.99,-0.72,50.0,5.68,1.73,0.05,2.13,-2.96,5.13,-119.26,-5.58,3.1,21.08,-36.48,6.0,10.8,24.0,2471,32,,,,,,,0,1,0,top
2017-07-14,491446,4,445060,R,489149,L,25,Strikeout,7,6,170715_031257,e12a63e6-5310-40e7-a887-c81a37db8cf4,3,2,1,F,Foul,FT,7,2.0,3.36,1.43,91.8,84.6,49.07,-0.88,50.0,5.68,-0.5,1.89,-8.65,3.6,3.98,-133.37,-5.14,-15.69,26.83,-25.64,28.8,7.2,24.0,2002,253,,,,,,,0,1,0,top
2017-07-14,491446,4,445060,R,489149,L,25,Strikeout,7,7,170715_031342,5f6941c4-dfc5-4734-b01f-e5944fe2ec16,3,3,1,C,Called Strike,FF,13,2.0,3.54,1.59,92.2,85.2,50.19,-0.97,50.0,5.86,-0.72,2.32,-3.9,8.47,2.02,-133.97,-6.28,-7.18,25.53,-16.59,20.4,3.6,24.0,2082,207,,,,,,,0,1,0,top
2017-07-14,491446,4,445060,R,519306,R,26,Strikeout,5,1,170715_031416,6fd88d5e-26b5-498a-890e-a51727aa2122,0,0,2,B,Ball,FT,14,2.0,3.62,1.64,92.7,86.1,75.74,-0.4,50.0,5.79,0.82,1.43,-8.01,4.4,6.05,-134.55,-7.17,-14.9,24.99,-23.98,28.8,6.0,24.0,2037,247,,,,,,,0,1,0,top
2017-07-14,491446,4,445060,R,519306,R,26,Strikeout,5,2,170715_031434,b1e02ef0-b0b8-4892-888f-2896ec2ef9e5,1,0,2,S,Swinging Strike,SL,14,2.0,3.46,1.45,83.4,77.7,46.96,-0.9,50.0,5.87,0.32,1.1,3.03,-2.74,1.96,-121.26,-3.91,4.55,21.65,-36.29,7.2,9.6,24.0,2414,39,,,,,,,0,1,0,top
2017-07-14,491446,4,445060,R,519306,R,26,Strikeout,5,3,170715_031451,6593a9f0-9efd-4f6f-9044-12a9924c9751,1,2,2,C,Called Strike,FT,9,2.0,3.65,1.58,93.3,86.1,56.52,-0.45,50.0,5.78,0.55,1.74,-7.58,5.93,5.32,-135.39,-6.93,-14.2,26.92,-21.07,30.0,6.0,24.0,2113,237,,,,,,,0,1,0,top
2017-07-14,491446,4,445060,R,519306,R,26,Strikeout,5,4,170715_031510,1d1afe0b-561f-4128-a6c6-4ada2d21057e,1,2,2,B,Ball,FF,14,2.0,3.59,1.64,93.9,86.4,24.04,-0.29,50.0,5.88,1.56,2.46,-3.36,10.14,6.17,-136.32,-6.84,-6.37,27.61,-12.93,20.4,3.6,24.0,2276,197,,,,,,,0,1,0,top
2017-07-14,491446,4,445060,R,519306,R,26,Strikeout,5,5,170715_031551,3a8f4a4f-4dc2-46f4-9c41-08581947f63d,2,3,2,W,Swinging Strike (Blocked),SL,14,2.0,3.46,1.45,82.9,77.6,17.05,-0.74,50.0,5.8,1.53,0.46,3.03,-2.51,4.47,-120.52,-5.26,4.51,20.72,-35.92,8.4,9.6,24.0,2454,43,,,,,,,0,1,0,top
2017-07-14,491446,5,445060,R,467092,R,33,Strikeout,4,1,170715_033400,27fbe9b9-ad4f-4992-8a9e-ba85382034c1,0,1,0,F,Foul,FT,6,2.0,3.25,1.31,90.7,84.0,39.21,-0.37,50.0,5.95,0.24,2.11,-6.62,5.84,3.84,-131.8,-5.87,-11.79,24.81,-21.77,26.4,6.0,24.0,1989,233,,,,,,,0,1,0,top
2017-07-14,491446,5,445060,R,467092,R,33,Strikeout,4,2,170715_033423,f5712825-6602-46fd-8692-8a7edf8321cf,0,1,0,S,Swinging Strike,SL,9,2.0,3.26,1.31,82.5,76.2,53.95,-0.83,50.0,5.89,0.66,1.48,2.34,-2.6,2.81,-119.75,-2.83,3.41,22.53,-35.95,6.0,9.6,24.0,2313,35,,,,,,,0,1,0,top
2017-07-14,491446,5,445060,R,467092,R,33,Strikeout,4,3,170715_033440,8638cd4a-8617-4bbb-b4e3-7c9395f7aeea,0,2,0,B,Ball,SL,14,2.0,3.58,1.63,81.8,76.1,41.48,-0.78,50.0,5.82,1.04,0.41,2.58,-0.54,3.48,-118.79,-5.7,3.71,21.35,-32.96,7.2,9.6,24.0,2326,56,,,,,,,0,1,0,top
2017-07-14,491446,5,445060,R,467092,R,33,Strikeout,4,4,170715_033509,3f4247cd-0eb0-4066-b6d6-1e1ce9ee7159,1,3,0,C,Called Strike,FF,14,2.0,3.65,1.55,91.8,84.7,60.47,-0.47,50.0,5.83,0.88,1.79,-1.84,10.24,4.21,-133.24,-8.11,-3.34,25.72,-13.56,9.6,3.6,24.0,2187,189,,,,,,,0,1,0,top
2017-07-14,491446,5,445060,R,543543,L,34,Groundout,4,1,170715_033538,9a6a5683-10b7-4008-85f3-4b4d0f0cb88a,0,1,1,F,Foul,FS,13,2.0,3.18,1.33,81.5,75.9,89.47,-1.06,50.0,5.94,-0.72,2.05,-5.72,0.97,2.55,-118.39,-2.61,-8.24,19.27,-30.78,14.4,9.6,24.0,1307,270,,,,,,,0,1,0,top
2017-07-14,491446,5,445060,R,543543,L,34,Groundout,4,2,170715_033558,6c5715b7-4257-4807-8ffc-08759ef7a436,0,2,1,C,Called Strike,FT,13,2.0,3.4,1.64,91.1,84.4,59.06,-0.9,50.0,5.81,-0.77,2.06,-7.14,5.44,2.78,-132.33,-5.58,-12.83,24.75,-22.4,27.6,6.0,24.0,2117,238,,,,,,,0,1,0,top
2017-07-14,491446,5,445060,R,543543,L,34,Groundout,4,3,170715_033616,f4b7b34a-43e3-4bad-8110-4569e2c0f0ae,0,2,1,B,Ball,FT,13,2.0,3.38,1.64,92.3,85.6,30.82,-0.85,50.0,5.83,-1.69,2.33,-7.34,4.25,0.31,-134.22,-4.77,-13.57,25.45,-24.32,27.6,6.0,24.0,2078,246,,,,,,,0,1,0,top
2017-07-14,491446,5,445060,R,543543,L,34,Groundout,4,4,170715_033632,a8a8e518-5f00-4597-85a5-c89ed875162c,1,2,1,X,In play- out(s),KC,8,2.0,3.18,1.33,74.5,69.0,47.5,-0.96,50.0,6.12,0.16,1.41,9.9,-9.17,-0.35,-108.28,0.02,11.69,19.78,-43.0,15.6,15.6,24.0,2572,44,,,,,,,0,1,0,top
2017-07-14,491446,5,445060,R,588751,R,35,Lineout,2,1,170715_033708,6e820782-0e8a-45b2-9c68-4aad7633ff2d,0,0,2,B,Ball,SL,13,2.0,3.1,1.33,82.3,75.9,65.55,-0.99,50.0,5.83,-0.07,0.96,0.91,-1.01,1.9,-119.41,-4.34,1.31,22.7,-33.64,2.4,9.6,24.0,2264,26,,,,,,,0,1,0,top
2017-07-14,491446,5,445060,R,588751,R,35,Lineout,2,2,170715_033723,2003c768-a4c5-4cca-9103-50aa0c5ece42,1,0,2,X,In play- out(s),SL,5,2.0,3.11,1.26,81.9,76.7,14.76,-0.98,50.0,5.89,0.04,2.23,3.17,-0.89,1.43,-119.25,-1.63,4.65,18.79,-33.47,8.4,9.6,24.0,2379,63,,,,,,,0,1,0,top
2017-07-14,491446,6,445060,R,451089,L,39,Strikeout,5,1,170715_034706,0e293004-bd80-43aa-879f-7b6b694036e7,0,1,0,C,Called Strike,FS,1,2.0,3.43,1.55,80.1,74.4,92.59,-1.03,50.0,6.05,-0.48,3.32,-6.64,2.45,3.28,-116.46,-0.1,-9.27,18.59,-28.76,16.8,8.4,24.0,1450,255,,,,,,,0,1,0,top
2017-07-14,491446,6,445060,R,451089,L,39,Strikeout,5,2,170715_034720,529921c2-ca2b-431c-b13a-d514e7b152fa,0,1,0,S,Swinging Strike,FS,8,2.0,3.32,1.48,79.5,74.5,22.08,-0.82,50.0,5.86,0.17,1.82,-7.16,1.68,4.44,-115.62,-2.8,-9.89,17.31,-29.85,16.8,9.6,24.0,1492,264,,,,,,,0,1,0,top
2017-07-14,491446,6,445060,R,451089,L,39,Strikeout,5,3,170715_034740,b6ace8b8-414c-4e48-b602-ac96a647e3ac,0,2,0,F,Foul,FF,7,2.0,3.32,1.48,90.8,84.1,47.89,-0.81,50.0,5.84,-0.7,2.08,-4.77,8.28,1.91,-131.94,-6.55,-8.53,24.53,-17.38,24.0,4.8,24.0,2245,213,,,,,,,0,1,0,top
2017-07-14,491446,6,445060,R,451089,L,39,Strikeout,5,4,170715_034755,9e7fa587-a178-4b24-a137-4a1d11160629,0,2,0,B,Ball,FS,13,2.0,3.34,1.53,81.3,75.7,30.52,-1.17,50.0,5.77,-1.61,1.18,-6.81,0.59,1.04,-118.09,-4.08,-9.73,19.81,-31.33,16.8,9.6,24.0,1318,275,,,,,,,0,1,0,top
2017-07-14,491446,6,445060,R,451089,L,39,Strikeout,5,5,170715_034813,7f76a2b0-3853-4411-82e2-2b0c612f1155,1,2,0,S,Swinging Strike,FF,6,2.0,3.32,1.48,91.8,84.5,32.67,-0.53,50.0,5.93,0.33,2.21,-2.87,8.87,3.27,-133.23,-6.76,-5.21,26.21,-16.08,14.4,3.6,24.0,2298,198,,,,,,,0,1,0,top
2017-07-14,491446,6,445060,R,605480,L,40,Lineout,5,1,170715_034853,00b8a305-eca2-4877-ba2e-873afcc4e8d4,0,0,1,S,Swinging Strike,FS,14,2.0,3.14,1.3,81.1,75.3,79.87,-1.02,50.0,5.78,0.0,0.91,-8.18,2.45,4.88,-117.81,-5.23,-11.61,20.32,-28.69,20.4,8.4,24.0,1516,261,,,,,,,0,1,0,top
2017-07-14,491446,6,445060,R,605480,L,40,Lineout,5,2,170715_034911,bf01fcfc-d745-4479-bb0a-83daf38ca606,0,2,1,F,Foul,FT,11,2.0,3.14,1.3,91.3,84.2,53.42,-0.71,50.0,5.86,-0.74,2.44,-7.54,5.62,2.49,-132.68,-4.81,-13.55,26.24,-22.07,30.0,6.0,24.0,1988,238,,,,,,,0,1,0,top
2017-07-14,491446,6,445060,R,605480,L,40,Lineout,5,3,170715_035000,443b413b-47d2-4a14-806a-09dafaf34bc2,0,2,1,B,Ball,FF,12,2.0,3.32,1.61,93.0,84.9,38.99,-0.58,50.0,6.17,0.52,4.63,-4.79,7.02,4.59,-134.93,-0.5,-8.85,28.58,-19.2,22.8,4.8,24.0,2106,214,,,,,,,0,1,0,top
2017-07-14,491446,6,445060,R,605480,L,40,Lineout,5,4,170715_035016,3e99a2ff-c311-4073-a38f-b6d8f6491efa,1,2,1,B,Ball,SL,13,2.0,3.35,1.53,81.0,75.6,15.01,-1.12,50.0,5.84,-0.06,1.05,3.73,-2.65,1.35,-117.8,-3.5,5.3,19.95,-35.94,8.4,10.8,24.0,2329,45,,,,,,,0,1,0,top
2017-07-14,491446,6,445060,R,605480,L,40,Lineout,5,5,170715_035043,a989036a-cd68-45b7-9ecb-7902664e736a,2,2,1,X,In play- out(s),FT,14,2.0,3.13,1.3,91.2,83.8,56.25,-0.57,50.0,5.75,0.74,1.79,-7.87,8.43,6.13,-132.31,-7.08,-14.04,26.63,-17.14,34.8,4.8,24.0,2112,225,,,,,,,0,1,0,top
2017-07-14,491446,6,445060,R,572816,L,41,Flyout,4,1,170715_035115,b89f0564-cfec-4d9e-abcd-11f4e12d0b37,0,1,2,C,Called Strike,KC,8,2.0,3.29,1.36,74.9,68.9,65.77,-1.02,50.0,6.07,0.09,1.44,7.4,-10.34,0.32,-108.84,0.5,8.78,21.16,-44.44,10.8,15.6,24.0,2488,33,,,,,,,0,1,0,top
2017-07-14,491446,6,445060,R,572816,L,41,Flyout,4,2,170715_035135,1720d0e4-03da-44a5-8085-fba13fe88899,0,1,2,B,Ball,FT,12,2.0,3.3,1.42,92.8,84.9,58.74,-0.37,50.0,5.89,1.06,2.68,-8.69,8.07,6.82,-134.56,-5.28,-16.0,28.14,-17.32,38.4,4.8,24.0,2104,229,,,,,,,0,1,0,top
2017-07-14,491446,6,445060,R,572816,L,41,Flyout,4,3,170715_035155,cf07ba52-c1c4-4bfc-9809-705d1e1ffd99,1,1,2,S,Swinging Strike,FT,12,2.0,3.28,1.36,92.5,84.6,62.08,-0.47,50.0,6.02,0.45,3.55,-8.53,6.75,5.38,-134.23,-2.81,-15.61,28.22,-19.83,36.0,6.0,24.0,2160,234,,,,,,,0,1,0,top
2017-07-14,491446,6,445060,R,572816,L,41,Flyout,4,4,170715_035225,78751898-9ee6-4a04-a7b7-9651c7afd90a,1,2,2,X,In play- out(s),KC,14,2.0,3.28,1.36,76.2,69.8,29.43,-1.0,50.0,5.96,0.09,0.86,9.78,-7.45,-0.38,-110.62,-1.55,11.92,22.75,-41.26,15.6,14.4,24.0,2675,48,,,,,,,0,1,0,top
2017-07-14,491446,7,445060,R,446334,R,45,Double,4,1,170715_040149,74a1cc69-c868-45e5-a214-be238011c2b6,0,0,0,B,Ball,SL,14,2.0,3.77,1.76,83.3,76.9,57.31,-1.01,50.0,5.87,0.37,1.06,1.79,0.14,2.74,-120.85,-4.78,2.65,23.1,-31.96,4.8,9.6,24.0,2264,59,,,,,446334,,0,0,0,top
2017-07-14,491446,7,445060,R,446334,R,45,Double,4,2,170715_040202,402549d8-5fc0-4502-b359-fa24e6cf1b47,1,0,0,B,Ball,SL,13,2.0,3.72,1.74,81.2,76.0,45.73,-1.11,50.0,5.99,-1.21,2.43,1.29,-2.89,-0.63,-118.17,-0.65,1.86,18.57,-36.34,2.4,10.8,24.0,,18,,,,,446334,,0,0,0,top
2017-07-14,491446,7,445060,R,446334,R,45,Double,4,3,170715_040218,a25b4727-a738-4abf-84fc-b7f161e788a6,2,1,0,C,Called Strike,FT,9,2.0,3.66,1.53,90.6,84.0,47.37,-0.5,50.0,5.86,0.42,1.98,-7.51,5.73,4.96,-131.56,-5.93,-13.35,24.08,-21.99,28.8,6.0,24.0,2054,237,,,,,446334,,0,0,0,top
2017-07-14,491446,7,445060,R,446334,R,45,Double,4,4,170715_040241,5b4f977c-709c-4d0c-9551-1f2e256940ed,2,1,0,D,In play- no out,SL,8,2.0,3.59,1.53,81.6,75.6,35.66,-1.14,50.0,5.92,-0.22,1.91,3.56,-2.95,1.07,-118.68,-1.64,5.1,21.61,-36.41,8.4,10.8,24.0,,43,,,,,446334,,0,0,0,top
2017-07-14,491446,7,445060,R,489149,L,46,Flyout,3,1,170715_040332,ccaa1f17-a83d-4d94-8690-795d35105db3,0,1,0,F,Foul,FS,4,2.0,3.36,1.43,81.2,75.2,80.34,-0.98,50.0,6.03,-0.49,2.54,-6.5,2.34,3.13,-118.0,-2.0,-9.26,20.3,-28.85,16.8,8.4,24.0,1443,257,,446334,,,,446334,0,1,0,top
2017-07-14,491446,7,445060,R,489149,L,46,Flyout,3,2,170715_040400,892bfadc-fe61-44eb-ab87-ebaca9edb1e0,0,2,0,F,Foul,FT,11,2.0,3.36,1.43,91.2,84.8,52.93,-0.83,50.0,5.96,-0.75,2.58,-6.62,3.73,2.49,-132.6,-4.09,-12.0,23.58,-25.42,24.0,6.0,24.0,1984,246,,446334,,,,446334,0,1,0,top
2017-07-14,491446,7,445060,R,489149,L,46,Flyout,3,3,170715_040442,35e430b4-c7a3-4a5a-a1f6-60d1d834041d,0,2,0,X,In play- out(s),SL,4,2.0,3.36,1.43,79.4,73.5,36.47,-1.19,50.0,5.84,-0.41,2.12,1.88,-4.53,1.22,-115.45,-0.12,2.55,20.61,-38.32,3.6,12.0,24.0,2222,20,,446334,,,,446334,0,1,0,top
2017-07-14,491446,7,445060,R,519306,R,47,Walk,5,1,170715_040529,209583af-0939-4158-b806-a10c963bc081,0,0,1,B,Ball,SL,14,2.0,3.64,1.54,83.0,76.4,55.39,-0.64,50.0,5.93,1.44,1.09,1.96,-3.07,4.34,-120.45,-3.77,2.87,24.24,-36.66,6.0,10.8,24.0,,30,,,446334,519306,,446334,0,0,0,top
2017-07-14,491446,7,445060,R,519306,R,47,Walk,5,2,170715_040549,1eda7824-f889-4d84-9b59-fdd6b386008b,1,0,1,S,Swinging Strike,SL,14,2.0,3.46,1.45,82.6,75.9,57.55,-0.79,50.0,5.86,0.81,1.46,1.78,-3.47,3.24,-119.91,-2.53,2.58,24.2,-37.21,4.8,10.8,24.0,2310,25,,,446334,519306,,446334,0,0,0,top
2017-07-14,491446,7,445060,R,519306,R,47,Walk,5,3,170715_040614,ce58d146-71ab-471d-baa8-ffa3908f1bc4,2,1,1,*B,Ball In Dirt,SL,14,2.0,3.62,1.72,83.9,77.2,16.51,-0.55,50.0,5.78,2.43,0.18,2.25,0.73,6.42,-121.54,-6.93,3.35,24.86,-31.09,8.4,8.4,24.0,2421,72,,,446334,519306,,446334,0,0,0,top
2017-07-14,491446,7,445060,R,519306,R,47,Walk,5,4,170715_040649,aea70ff9-c479-49da-8af7-ff2b42483e92,2,1,1,B,Ball,FF,12,2.0,3.62,1.64,92.7,84.3,22.41,-0.35,50.0,6.11,1.31,4.42,-6.49,8.6,6.64,-134.49,-1.37,-11.87,29.63,-16.46,32.4,4.8,24.0,2109,216,,,446334,519306,,446334,0,0,0,top
2017-07-14,491446,7,445060,R,519306,R,47,Walk,5,5,170715_040717,3bb9cc68-e496-4cf6-8eea-1e59dac9418c,4,1,1,*B,Ball In Dirt,SL,14,2.0,3.64,1.85,83.2,77.2,17.06,-0.72,50.0,5.73,1.35,0.31,2.72,-2.96,4.1,-120.77,-5.28,4.03,22.99,-36.56,7.2,10.8,24.0,2370,36,,,446334,519306,,446334,0,0,0,top
2017-07-14,491446,7,445060,R,467092,R,48,Grounded Into DP,2,1,170715_040816,fcaa4627-2014-4f38-994f-7c72d9d776b0,0,0,1,S,Swinging Strike,FT,7,2.0,3.26,1.31,91.8,84.9,56.21,-0.67,50.0,5.77,-0.55,1.75,-8.96,4.63,3.4,-133.36,-6.14,-16.3,25.91,-23.75,32.4,6.0,24.0,1935,248,519306,,446334,,,,0,2,0,top
2017-07-14,491446,7,445060,R,467092,R,48,Grounded Into DP,2,2,170715_040845,10f9fa4c-19bf-481e-8081-c5f30d767bb6,0,1,1,X,In play- out(s),FT,9,2.0,3.26,1.31,91.9,84.5,57.65,-0.43,50.0,5.77,0.64,1.82,-8.49,6.64,5.76,-133.34,-6.62,-15.37,27.04,-20.15,33.6,6.0,24.0,1933,236,519306,,446334,,,,0,2,0,top
2017-07-21,491533,1,445060,R,605141,R,0,Double,5,1,170722_020849,eb937f20-5746-41c3-b18e-bed8ea2a020a,0,1,0,C,Called Strike,FF,14,2.0,3.31,1.47,90.3,83.1,68.3,-0.52,50.0,6.01,1.09,2.17,-5.21,9.49,5.94,-130.9,-6.97,-9.12,25.41,-15.56,25.2,4.8,24.0,2147,209,,,,,605141,,0,0,0,top
2017-07-21,491533,1,445060,R,605141,R,0,Double,5,2,170722_020900,86b7c918-8cea-40f1-83cc-ad1059bbcc5f,0,1,0,B,Ball,FT,14,2.0,3.27,1.58,90.8,84.0,31.9,-0.4,50.0,5.77,1.63,1.14,-9.21,6.17,8.41,-131.5,-8.0,-16.32,24.62,-21.23,33.6,6.0,24.0,1961,240,,,,,605141,,0,0,0,top
2017-07-21,491533,1,445060,R,605141,R,0,Double,5,3,170722_020913,8139d5e2-eb98-4b21-af7b-24dfe69ebde3,1,1,0,B,Ball,SL,14,2.0,3.26,1.51,82.2,76.2,36.48,-0.81,50.0,6.09,1.59,1.23,2.96,-0.06,4.75,-119.33,-4.63,4.3,21.85,-32.26,8.4,9.6,24.0,2401,68,,,,,605141,,0,0,0,top
2017-07-21,491533,1,445060,R,605141,R,0,Double,5,4,170722_020928,2cd147b5-60ed-456f-a956-3693704dd5d1,2,1,0,B,Ball,FT,12,2.0,3.21,1.48,91.5,84.2,23.73,-0.24,50.0,5.98,1.55,2.38,-8.9,6.95,7.75,-132.65,-5.73,-15.99,26.16,-19.68,34.8,6.0,24.0,1976,234,,,,,605141,,0,0,0,top
2017-07-21,491533,1,445060,R,605141,R,0,Double,5,5,170722_020951,8838568c-c731-4ddd-b2a5-802a613c7784,3,1,0,D,In play- no out,FT,9,2.0,3.16,1.31,89.6,82.5,47.73,-0.36,50.0,5.86,0.3,1.69,-9.31,5.64,4.83,-130.15,-6.39,-16.06,25.89,-22.45,32.4,6.0,24.0,1913,243,,,,,605141,,0,0,0,top
2017-07-21,491533,1,445060,R,643217,L,1,Single,3,1,170722_021035,2f8dbe1e-5040-456b-a028-35c978976892,0,1,0,C,Called Strike,FT,2,2.0,3.49,1.58,91.1,83.5,37.31,-0.75,50.0,6.0,-0.04,2.97,-9.01,5.95,4.92,-132.23,-3.79,-16.02,27.14,-21.61,33.6,6.0,24.0,2010,240,,605141,,,643217,,1,0,0,top
2017-07-21,491533,1,445060,R,643217,L,1,Single,3,2,170722_021100,87dec265-e44b-4d90-872f-34f38d8e3b1a,0,2,0,F,Foul,FS,8,2.0,3.32,1.41,82.3,76.3,25.05,-0.79,50.0,5.8,0.13,1.67,-7.23,2.76,4.41,-119.55,-3.87,-10.57,20.83,-28.14,19.2,8.4,24.0,1505,256,,605141,,,643217,,1,0,0,top
2017-07-21,491533,1,445060,R,643217,L,1,Single,3,3,170722_021129,002b9fcd-ceaa-4bbf-a976-e90f1b555b77,0,2,0,E,In play- run(s),FF,13,2.0,3.32,1.41,91.7,84.3,47.07,-0.72,50.0,5.89,-1.24,2.28,-5.63,7.43,0.55,-133.2,-5.94,-10.16,27.26,-18.76,26.4,4.8,24.0,1987,222,,605141,,,643217,,1,0,0,top
2017-07-21,491533,1,445060,R,456030,R,2,Groundout,2,1,170722_021218,9248f9a0-b64e-4acf-9538-78c9edcc3d22,0,0,0,B,Ball,FT,12,2.0,3.28,1.55,91.6,84.7,66.27,-0.35,50.0,6.02,1.26,2.95,-8.01,5.27,7.02,-133.05,-3.83,-14.55,25.06,-22.61,30.0,6.0,24.0,1980,239,,643217,,,,643217,0,1,-1,top
2017-07-21,491533,1,445060,R,456030,R,2,Groundout,2,2,170722_021241,79e95920-90ec-4cb6-abb8-75109040469d,1,0,0,X,In play- out(s),FT,1,2.0,3.2,1.3,92.0,84.9,44.62,-0.62,50.0,5.9,-0.3,2.64,-9.5,4.6,4.12,-133.64,-4.15,-17.36,26.01,-23.78,33.6,6.0,24.0,2042,248,,643217,,,,643217,0,1,-1,top
2017-07-21,491533,1,445060,R,519048,L,3,Single,4,1,170722_021327,3819d56d-08ff-45aa-bee0-73ccf655d4fe,0,1,1,C,Called Strike,KC,8,2.0,3.5,1.63,75.4,69.0,60.06,-0.87,50.0,6.2,0.01,1.87,8.13,-8.56,-0.38,-109.43,0.57,9.73,21.68,-42.42,13.2,14.4,24.0,2644,40,,,643217,519048,,,1,0,-1,top
2017-07-21,491533,1,445060,R,519048,L,3,Single,4,2,170722_021352,43854aaa-cc1b-499f-a978-b5c847522802,0,1,1,S,Swinging Strike,FS,13,2.0,3.44,1.52,83.1,77.4,15.88,-0.83,50.0,5.81,-0.23,0.72,-6.83,1.55,3.58,-120.61,-5.95,-10.19,20.75,-29.86,16.8,8.4,24.0,1370,268,,,643217,519048,,,1,0,-1,top
2017-07-21,491533,1,445060,R,519048,L,3,Single,4,3,170722_021424,1a0fecf2-9f5b-48bf-8415-64aeea59ec43,0,2,1,B,Ball,FF,11,2.0,3.55,1.75,92.7,85.1,24.56,-0.79,50.0,6.03,-1.67,3.01,-3.68,8.39,-1.06,-134.57,-4.92,-6.79,27.49,-16.69,21.6,3.6,24.0,2110,207,,,643217,519048,,,1,0,-1,top
2017-07-21,491533,1,445060,R,519048,L,3,Single,4,4,170722_021456,5a8bab01-eb6f-4d22-8a52-80a4497e0ef7,1,2,1,E,In play- run(s),FF,2,2.0,3.44,1.52,93.0,85.1,42.29,-0.42,50.0,6.14,0.2,3.39,-3.78,8.04,2.95,-135.14,-4.14,-7.01,28.64,-17.26,19.2,4.8,24.0,1955,206,,,643217,519048,,,1,0,-1,top
2017-07-21,491533,1,445060,R,434670,R,4,Single,2,1,170722_021542,76bf81b0-1082-4966-9ded-08220cfb89c0,0,0,1,B,Ball,SL,14,2.0,3.51,1.75,82.5,75.6,55.06,-0.73,50.0,5.98,1.55,1.32,1.33,-1.45,4.96,-119.58,-3.7,1.91,24.4,-34.27,4.8,9.6,24.0,2429,35,519048,,,434670,,519048,0,0,-2,top
2017-07-21,491533,1,445060,R,434670,R,4,Single,2,2,170722_021608,12664256-77bf-4cf4-b29f-6afd3a48beb5,1,0,1,D,In play- no out,SL,14,2.0,3.45,1.46,82.6,76.2,43.34,-0.77,50.0,5.97,0.87,2.41,3.6,-2.35,2.8,-119.96,-0.93,5.27,22.55,-35.61,9.6,9.6,24.0,2496,50,519048,,,434670,,519048,0,0,-2,top
2017-07-21,491533,1,445060,R,593428,R,5,Single,7,1,170722_021716,7d35ce74-aa83-4dcb-b075-01220cdd1210,1,0,1,*B,Ball In Dirt,FS,14,2.0,3.6,1.66,82.2,76.2,75.07,-0.48,50.0,5.75,1.34,-0.02,-7.2,3.72,6.51,-119.01,-7.91,-10.4,21.12,-26.8,18.0,8.4,24.0,1505,252,434670,,519048,593428,,,2,0,-2,top
2017-07-21,491533,1,445060,R,593428,R,5,Single,7,2,170722_021746,3f3a0df5-a478-4198-8932-baa520da6a86,1,1,1,C,Called Strike,SL,8,2.0,3.5,1.67,81.0,75.0,28.42,-0.78,50.0,5.97,0.19,1.94,1.94,0.02,1.66,-117.74,-2.49,2.74,20.97,-32.15,4.8,9.6,24.0,2214,63,434670,,519048,593428,,,2,0,-2,top
2017-07-21,491533,1,445060,R,593428,R,5,Single,7,3,170722_021813,4e7d0810-e95b-43f3-9a8e-c1650e1717f3,1,1,1,B,Ball,SL,14,2.0,3.62,1.76,82.3,75.6,40.54,-0.74,50.0,5.82,0.81,0.1,2.06,-3.28,3.02,-119.43,-5.58,2.95,25.03,-36.87,4.8,10.8,24.0,2156,27,434670,,519048,593428,,,2,0,-2,top
2017-07-21,491533,1,445060,R,593428,R,5,Single,7,4,170722_021853,436f9c24-44fd-48e7-8646-7d03c5800572,2,2,1,F,Foul,SL,9,2.0,3.44,1.42,83.3,77.2,37.63,-0.68,50.0,6.08,0.51,1.96,1.63,-1.45,2.34,-121.08,-2.7,2.44,22.15,-34.35,4.8,9.6,24.0,2149,38,434670,,519048,593428,,,2,0,-2,top
2017-07-21,491533,1,445060,R,593428,R,5,Single,7,5,170722_021921,62c70fd3-cade-4a87-895c-777c8e6dd759,2,2,1,B,Ball,FT,14,2.0,3.7,1.66,93.1,86.0,35.14,-0.32,50.0,5.84,1.66,1.96,-9.06,5.11,8.45,-134.97,-6.17,-16.91,26.12,-22.63,32.4,6.0,24.0,1853,244,434670,,519048,593428,,,2,0,-2,top
2017-07-21,491533,1,445060,R,593428,R,5,Single,7,6,170722_021950,bc538d6d-10e3-4275-88b7-6e4c9496387c,3,2,1,F,Foul,FF,12,2.0,3.44,1.42,92.5,84.8,54.76,-0.31,50.0,5.94,1.2,2.74,-2.78,10.01,4.96,-134.24,-5.9,-5.09,27.54,-13.8,15.6,3.6,24.0,2081,194,434670,,519048,593428,,,2,0,-2,top
2017-07-21,491533,1,445060,R,593428,R,5,Single,7,7,170722_022026,312bbc54-21dc-4445-8d71-fdc7fe23637f,3,2,1,E,In play- run(s),SL,3,2.0,3.44,1.42,81.9,75.9,36.48,-0.72,50.0,6.02,0.49,2.82,3.42,-4.04,1.8,-119.03,0.53,4.95,21.0,-38.02,8.4,10.8,24.0,2339,37,434670,,519048,593428,,,2,0,-2,top
2017-07-21,491533,1,445060,R,598265,L,6,Double,3,1,170722_022155,8881552e-7ccf-4e55-b261-3ea6c15c02d3,0,0,1,S,Swinging Strike,FS,13,2.0,3.22,1.34,82.7,76.8,91.32,-0.78,50.0,5.87,-0.36,1.29,-8.73,1.18,3.7,-120.15,-4.53,-12.89,21.18,-30.44,21.6,9.6,24.0,1471,270,593428,,,,,,1,1,-4,top
2017-07-21,491533,1,445060,R,598265,L,6,Double,3,2,170722_022232,48c3efa7-c9a0-43c5-a30e-67c512c3a509,0,1,1,E,In play- run(s),FS,8,2.0,3.22,1.34,81.5,75.9,24.96,-0.74,50.0,5.95,0.11,1.41,-7.42,0.01,4.27,-118.43,-3.83,-10.68,19.83,-32.17,16.8,9.6,24.0,1394,279,593428,,,,,,1,1,-4,top
2017-07-21,491533,1,445060,R,506702,L,7,Groundout,6,1,170722_022317,9b369c6d-9d9d-46f1-ad4b-af15b0546fa6,0,1,2,C,Called Strike,KC,14,2.0,3.46,1.51,75.3,69.3,76.75,-0.6,50.0,6.36,0.78,2.31,7.17,-7.45,0.97,-109.29,0.85,8.63,20.19,-41.14,12.0,14.4,24.0,2523,41,,,,,,,0,1,-5,top
2017-07-21,491533,1,445060,R,506702,L,7,Groundout,6,2,170722_022329,63b23887-b168-4a4c-af17-0256c21cf2ec,0,2,2,F,Foul,FS,9,2.0,3.31,1.34,82.2,76.7,33.44,-0.88,50.0,5.95,0.38,1.61,-7.21,0.47,5.22,-119.41,-3.67,-10.57,19.49,-31.49,16.8,9.6,24.0,1273,274,,,,,,,0,1,-5,top
2017-07-21,491533,1,445060,R,506702,L,7,Groundout,6,3,170722_022354,7e5cb3fb-eecc-45c7-a05c-4861d03a658a,0,2,2,B,Ball,SL,13,2.0,3.52,1.59,80.5,75.2,44.69,-1.09,50.0,6.04,-0.97,2.28,1.61,-4.78,-0.21,-117.13,-0.39,2.28,18.98,-38.91,3.6,10.8,24.0,2253,16,,,,,,,0,1,-5,top
2017-07-21,491533,1,445060,R,506702,L,7,Groundout,6,4,170722_022411,5d0e1318-2757-4a06-8b21-565ae3e7cf68,1,2,2,B,Ball,FT,14,2.0,3.42,1.59,93.1,85.0,24.75,-0.51,50.0,5.92,1.44,2.41,-9.76,8.19,8.56,-134.87,-6.13,-18.01,28.96,-17.07,42.0,4.8,24.0,2091,232,,,,,,,0,1,-5,top
2017-07-21,491533,1,445060,R,506702,L,7,Groundout,6,5,170722_022432,94e35f23-d2f1-4eed-ac4a-a1be5f1b1cc9,2,2,2,F,Foul,FS,7,2.0,3.31,1.34,81.6,75.5,35.73,-0.77,50.0,5.89,-0.63,1.98,-7.41,-0.79,2.59,-118.5,-2.09,-10.61,21.07,-33.3,16.8,9.6,24.0,1289,283,,,,,,,0,1,-5,top
2017-07-21,491533,1,445060,R,506702,L,7,Groundout,6,6,170722_022456,b4300e4c-be45-4c3b-b500-ebf7ed49fbcd,2,2,2,X,In play- out(s),FT,13,2.0,3.31,1.34,92.2,85.6,64.58,-0.74,50.0,5.75,-0.87,1.7,-9.41,3.21,2.92,-134.04,-5.84,-17.35,25.37,-26.26,31.2,7.2,24.0,2056,257,,,,,,,0,1,-5,top
2017-07-21,491533,2,445060,R,571788,L,12,Groundout,4,1,170722_023740,61a12745-faa3-4d62-b907-d7e12e782f13,0,1,0,C,Called Strike,FT,5,2.0,3.24,1.65,89.2,83.0,40.58,-0.67,50.0,5.89,-0.22,2.21,-8.63,4.14,4.07,-129.74,-4.66,-14.96,22.8,-24.99,28.8,7.2,24.0,2127,249,,,,,,,0,1,-5,top
2017-07-21,491533,2,445060,R,571788,L,12,Groundout,4,2,170722_023753,35099572-103f-4d52-adc3-4c5aa7f0a4b4,0,1,0,B,Ball,FS,11,2.0,3.3,1.55,79.9,74.4,26.57,-1.09,50.0,6.14,-1.95,3.69,-6.09,2.29,-0.15,-116.16,0.61,-8.47,18.03,-28.99,16.8,8.4,24.0,1472,255,,,,,,,0,1,-5,top
2017-07-21,491533,2,445060,R,571788,L,12,Groundout,4,3,170722_023808,d75767cf-5f26-43cf-b2e7-7009e872628a,1,1,0,B,Ball,KC,14,2.0,3.28,1.55,75.0,70.2,54.65,-0.85,50.0,6.06,1.14,0.29,8.06,-7.73,2.02,-109.05,-2.81,9.73,18.81,-41.5,13.2,14.4,24.0,2587,43,,,,,,,0,1,-5,top
2017-07-21,491533,2,445060,R,571788,L,12,Groundout,4,4,170722_023827,412e3044-b759-44ad-8210-edd2a45d263a,2,1,0,X,In play- out(s),FF,2,2.0,3.06,1.34,89.8,82.2,38.72,-0.75,50.0,6.02,-0.13,3.02,-5.32,8.66,3.38,-130.35,-4.39,-9.18,26.4,-17.22,25.2,4.8,24.0,2191,213,,,,,,,0,1,-5,top
2017-07-21,491533,2,445060,R,605141,R,13,Lineout,4,1,170722_023903,60f75743-a2c0-4d3f-81af-d3dac6376c43,0,1,1,C,Called Strike,FT,14,2.0,3.37,1.68,90.4,83.5,64.62,-0.27,50.0,5.84,0.76,1.99,-7.31,6.79,5.16,-131.26,-6.13,-12.9,24.77,-20.18,28.8,6.0,24.0,1971,230,,,,,,,0,1,-5,top
2017-07-21,491533,2,445060,R,605141,R,13,Lineout,4,2,170722_023915,5f5d629d-f72c-4712-b8a4-1d464fc4699c,0,2,1,C,Called Strike,FT,14,2.0,3.21,1.57,90.6,83.5,66.48,-0.19,50.0,5.96,1.12,1.87,-9.19,7.28,6.52,-131.56,-6.94,-16.23,26.01,-19.32,36.0,6.0,24.0,2113,235,,,,,,,0,1,-5,top
2017-07-21,491533,2,445060,R,605141,R,13,Lineout,4,3,170722_023930,f623e05c-a4bf-4ca6-a199-ef0902f2962a,0,2,1,B,Ball,SL,14,2.0,3.35,1.73,83.6,76.8,22.06,-0.49,50.0,5.82,2.26,0.47,1.65,0.86,6.04,-121.04,-6.29,2.43,24.53,-30.9,6.0,8.4,24.0,2408,72,,,,,,,0,1,-5,top
2017-07-21,491533,2,445060,R,605141,R,13,Lineout,4,4,170722_024002,6a9e0e06-7160-4c72-8081-8d6025000612,1,2,1,X,In play- out(s),SL,14,2.0,3.16,1.31,81.3,75.7,50.81,-0.54,50.0,6.05,1.11,1.71,2.0,-3.46,3.26,-118.14,-2.24,2.85,20.28,-37.11,4.8,10.8,24.0,2310,28,,,,,,,0,1,-5,top
2017-07-21,491533,2,445060,R,643217,L,14,Flyout,2,1,170722_024029,16f7dc62-a21b-4468-93f7-5b1dc5d08100,0,1,2,C,Called Strike,KC,5,2.0,3.39,1.56,73.9,68.2,57.36,-0.96,50.0,6.26,-0.21,2.31,7.52,-8.87,-0.47,-107.4,1.68,8.75,19.21,-42.5,12.0,15.6,24.0,2477,37,,,,,,,0,1,-5,top
2017-07-21,491533,2,445060,R,643217,L,14,Flyout,2,2,170722_024035,c094365d-2f39-401b-a116-a339c74659cd,0,1,2,X,In play- out(s),FS,8,2.0,3.32,1.41,81.5,75.8,28.91,-0.91,50.0,6.01,-0.16,1.5,-5.54,0.27,3.45,-118.44,-3.83,-7.96,20.27,-31.79,13.2,9.6,24.0,1274,279,,,,,,,0,1,-5,top
2017-07-21,491533,3,445060,R,456030,R,18,Groundout,3,1,170722_025032,07cc9f81-129a-4f24-a806-f74e834e7aeb,0,0,0,B,Ball,FT,14,2.0,3.3,1.5,90.3,83.2,36.08,-0.34,50.0,5.89,1.51,1.98,-8.42,7.46,7.62,-130.91,-6.47,-14.74,25.3,-19.1,33.6,6.0,24.0,2025,231,,,,,,,0,1,-5,top
2017-07-21,491533,3,445060,R,456030,R,18,Groundout,3,2,170722_025047,80fd00bf-12aa-4e99-9465-2205442b3a07,1,1,0,F,Foul,SL,4,2.0,3.2,1.3,82.0,76.4,29.18,-1.0,50.0,6.06,-0.32,2.19,2.37,-2.38,0.88,-119.26,-1.62,3.45,20.04,-35.65,6.0,9.6,24.0,,37,,,,,,,0,1,-5,top
2017-07-21,491533,3,445060,R,456030,R,18,Groundout,3,3,170722_025115,ae07341b-12f3-4c98-8fad-61b59eb8a92e,1,1,0,X,In play- out(s),KC,9,2.0,3.2,1.3,74.6,68.5,51.71,-0.87,50.0,6.22,0.31,1.43,8.28,-7.76,0.23,-108.31,-0.48,9.7,21.28,-41.27,13.2,14.4,24.0,2635,43,,,,,,,0,1,-5,top
2017-07-21,491533,3,445060,R,519048,L,19,Flyout,2,1,170722_025144,8e598dd1-7ebd-43d0-b7af-522cc5e695c5,0,1,1,C,Called Strike,FS,9,2.0,3.6,1.73,81.3,75.5,89.26,-0.7,50.0,5.99,0.58,2.19,-4.3,0.56,4.3,-118.13,-2.21,-6.15,20.09,-31.37,9.6,9.6,24.0,1298,276,,,,,,,0,1,-5,top
2017-07-21,491533,3,445060,R,519048,L,19,Flyout,2,2,170722_025211,6fb9cc19-a3b7-4eff-95b2-55786c30c3b4,0,1,1,X,In play- out(s),FF,12,2.0,3.44,1.52,90.9,82.7,63.33,-0.71,50.0,6.07,0.94,3.37,-4.73,9.67,5.89,-131.78,-4.11,-8.31,28.4,-15.2,24.0,3.6,24.0,2247,205,,,,,,,0,1,-5,top
2017-07-21,491533,3,445060,R,434670,R,20,Groundout,6,1,170722_025244,1d3fd314-0fe7-4b28-ba37-575ae3516a28,0,0,2,B,Ball,FT,14,2.0,3.64,1.8,92.0,84.2,62.54,-0.28,50.0,5.97,1.25,2.37,-9.53,6.82,7.28,-133.34,-5.73,-17.21,27.79,-19.86,37.2,6.0,24.0,2041,237,,,,,,,0,1,-5,top
2017-07-21,491533,3,445060,R,434670,R,20,Groundout,6,2,170722_025259,2270b823-fdc7-4c8c-9ac6-f94bab85b39e,1,0,2,B,Ball,SL,14,2.0,3.64,1.78,82.5,76.0,36.43,-0.68,50.0,5.88,1.29,1.48,2.71,-2.81,3.84,-119.73,-2.72,3.93,23.46,-36.24,7.2,10.8,24.0,2341,39,,,,,,,0,1,-5,top
2017-07-21,491533,3,445060,R,434670,R,20,Groundout,6,3,170722_025317,b2eb518b-3238-44bc-9659-c6454d42c86e,2,1,2,C,Called Strike,FT,14,2.0,3.24,1.48,91.8,84.5,50.67,-0.3,50.0,5.8,0.23,1.33,-9.6,6.22,4.7,-133.12,-7.81,-17.32,27.05,-20.96,36.0,6.0,24.0,2073,242,,,,,,,0,1,-5,top
2017-07-21,491533,3,445060,R,434670,R,20,Groundout,6,4,170722_025337,5866d4f2-c937-4de4-84c6-8e67ec0b2af9,2,1,2,S,Swinging Strike,FF,3,2.0,3.44,1.45,92.3,84.2,55.72,-0.48,50.0,6.06,0.58,3.29,-4.94,9.67,4.48,-133.82,-4.55,-8.96,28.57,-14.62,27.6,3.6,24.0,2162,207,,,,,,,0,1,-5,top
2017-07-21,491533,3,445060,R,434670,R,20,Groundout,6,5,170722_025405,0c66b525-621a-45a9-9dd9-b6b15d81acde,2,2,2,F,Foul,FS,9,2.0,3.45,1.46,82.7,76.9,39.47,-0.77,50.0,5.87,0.33,1.49,-5.5,2.38,4.33,-120.16,-4.42,-8.13,20.63,-28.66,14.4,8.4,24.0,1231,256,,,,,,,0,1,-5,top
2017-07-21,491533,3,445060,R,434670,R,20,Groundout,6,6,170722_025435,e03b2359-0a50-4273-bebc-55804d51d378,2,2,2,X,In play- out(s),SL,14,2.0,3.45,1.46,82.8,77.1,49.12,-0.86,50.0,5.91,0.57,1.21,1.55,-2.32,2.93,-120.28,-3.73,2.3,21.21,-35.61,4.8,9.6,24.0,2279,28,,,,,,,0,1,-5,top
2017-07-21,491533,4,445060,R,593428,R,25,Flyout,4,1,170722_030553,16e1f0e0-61de-4774-9368-8124c1293a10,0,1,0,C,Called Strike,FT,6,2.0,3.72,1.75,90.5,82.9,49.16,-0.39,50.0,6.06,0.56,2.84,-7.38,7.3,4.94,-131.28,-4.63,-12.93,26.67,-19.38,30.0,6.0,24.0,2107,228,,,,,,,0,1,-5,top
2017-07-21,491533,4,445060,R,593428,R,25,Flyout,4,2,170722_030607,5f81ad90-6896-473b-b139-528ccae6c264,0,1,0,B,Ball,KC,14,2.0,3.62,1.61,75.7,69.9,33.32,-0.74,50.0,6.16,1.88,0.52,8.52,-9.02,3.26,-109.94,-2.21,10.29,21.91,-43.07,14.4,15.6,24.0,2695,41,,,,,,,0,1,-5,top
2017-07-21,491533,4,445060,R,593428,R,25,Flyout,4,3,170722_030624,5f29b002-7c10-4a39-8d52-920f5619d347,1,1,0,B,Ball,SL,14,2.0,3.65,1.68,80.8,75.1,61.91,-0.8,50.0,5.91,0.88,1.31,3.05,-2.47,2.97,-117.32,-3.01,4.29,20.5,-35.65,7.2,10.8,24.0,,43,,,,,,,0,1,-5,top
2017-07-21,491533,4,445060,R,593428,R,25,Flyout,4,4,170722_030649,44f30b3d-7217-471f-bbfc-2158584f85fc,2,1,0,X,In play- out(s),SL,6,2.0,3.44,1.42,80.7,74.3,28.19,-0.88,50.0,6.1,0.44,2.39,1.83,-1.71,2.5,-117.23,-1.14,2.55,22.07,-34.55,4.8,9.6,24.0,,39,,,,,,,0,1,-5,top
2017-07-21,491533,4,445060,R,598265,L,26,Single,4,1,170722_030715,356df2c3-58a4-456e-b9fa-edfccc64dbe7,0,0,1,B,Ball,FT,11,2.0,3.57,1.64,89.1,82.3,30.94,-0.7,50.0,6.04,-1.78,2.76,-6.55,6.04,-0.59,-129.55,-4.16,-11.23,24.83,-21.82,26.4,6.0,24.0,2045,233,,,,598265,,,0,0,-5,top
2017-07-21,491533,4,445060,R,598265,L,26,Single,4,2,170722_030730,d7bda9a0-ee40-4429-af58-b5439e4e4de4,1,1,1,C,Called Strike,SL,9,2.0,3.46,1.61,79.6,73.7,46.89,-1.0,50.0,5.85,0.59,2.02,1.45,0.37,3.22,-115.54,-1.85,1.98,19.79,-31.67,4.8,9.6,24.0,2330,70,,,,598265,,,0,0,-5,top
2017-07-21,491533,4,445060,R,598265,L,26,Single,4,3,170722_030743,1c2f0450-d0e3-4e3f-acca-b348f65d78cb,1,1,1,B,Ball,FT,12,2.0,3.52,1.66,90.6,83.0,26.71,-0.31,50.0,5.96,1.37,2.79,-7.31,7.74,6.85,-131.33,-4.66,-12.84,26.33,-18.57,30.0,4.8,24.0,2111,225,,,,598265,,,0,0,-5,top
2017-07-21,491533,4,445060,R,598265,L,26,Single,4,4,170722_030802,7b440b8b-4a63-42b0-ad45-26d4801c4f93,2,1,1,D,In play- no out,FT,1,2.0,3.22,1.34,90.2,83.0,44.57,-0.58,50.0,5.88,-0.32,2.62,-7.99,5.84,3.38,-131.04,-4.23,-13.99,26.01,-21.96,30.0,6.0,24.0,2042,238,,,,598265,,,0,0,-5,top
2017-07-21,491533,4,445060,R,506702,L,27,Strikeout,6,1,170722_030844,4c656ee3-ab92-47f4-bebf-81ac77a177dc,0,1,1,F,Foul,FT,1,2.0,3.31,1.34,90.2,82.5,56.63,-0.5,50.0,6.0,-0.57,2.84,-8.22,6.39,2.59,-131.01,-4.09,-14.29,27.46,-21.06,32.4,6.0,24.0,2065,236,598265,,,598265,,,0,1,-5,top
2017-07-21,491533,4,445060,R,506702,L,27,Strikeout,6,2,170722_030914,e06f792e-bf87-46df-8134-f297419adaa6,0,2,1,W,Swinging Strike (Blocked),KC,14,2.0,3.31,1.34,74.9,69.5,33.14,-0.76,50.0,6.07,1.81,-0.13,6.12,-8.54,3.81,-108.72,-3.36,7.25,20.84,-42.3,10.8,14.4,24.0,2564,33,598265,,,598265,,,0,1,-5,top
2017-07-21,491533,4,445060,R,506702,L,27,Strikeout,6,3,170722_030948,69dfc03e-60eb-4289-ab6f-e90bd7e76fcd,0,2,1,B,Ball,FS,11,2.0,3.44,1.56,80.0,74.0,16.22,-1.03,50.0,6.06,-1.92,2.96,-5.0,0.94,-0.56,-116.2,-0.45,-6.91,19.72,-30.87,13.2,9.6,24.0,1222,269,598265,,,598265,,,0,1,-5,top
2017-07-21,491533,4,445060,R,506702,L,27,Strikeout,6,4,170722_031015,ee0998a1-7397-426c-8e5f-a2f77d44d780,1,2,1,F,Foul,FT,11,2.0,3.31,1.34,90.3,83.2,66.82,-0.56,50.0,6.0,-0.98,3.1,-8.14,4.79,1.66,-131.22,-2.99,-14.3,25.66,-23.76,30.0,6.0,24.0,1963,244,598265,,,598265,,,0,1,-5,top
2017-07-21,491533,4,445060,R,506702,L,27,Strikeout,6,5,170722_031102,71355697-def6-45e9-bed0-79f9112f1bda,1,3,1,C,Called Strike,KC,7,2.0,3.37,1.49,73.3,68.0,56.28,-1.01,50.0,6.19,-0.49,1.7,7.2,-9.55,-0.88,-106.57,0.83,8.27,18.48,-43.15,10.8,15.6,24.0,2483,34,598265,,,598265,,,0,1,-5,top
2017-07-21,491533,4,445060,R,571788,L,28,Single,7,1,170722_031133,4d5afdb4-b86e-4842-9478-8f459db19170,0,1,2,C,Called Strike,FF,4,2.0,3.27,1.5,90.3,83.4,53.75,-0.6,50.0,5.95,-0.51,2.43,-3.29,6.34,1.35,-131.21,-5.12,-5.8,24.99,-21.0,14.4,4.8,24.0,1984,211,598265,,,571788,,598265,0,0,-5,top
2017-07-21,491533,4,445060,R,571788,L,28,Single,7,2,170722_031208,8cfe53d7-baa6-4240-88f2-cf512810fee7,1,1,2,*B,Ball In Dirt,KC,13,2.0,3.28,1.45,73.9,68.5,27.42,-1.05,50.0,6.01,-0.03,0.68,8.22,-9.16,-0.11,-107.37,-1.14,9.53,19.76,-42.79,12.0,15.6,24.0,2555,38,598265,,,571788,,598265,0,0,-5,top
2017-07-21,491533,4,445060,R,571788,L,28,Single,7,3,170722_031241,361fff80-8d63-4fc6-b47d-d012166b92ba,1,2,2,F,Foul,FS,13,2.0,3.06,1.34,81.2,75.4,47.34,-0.92,50.0,5.88,-0.94,1.7,-5.83,0.96,1.71,-117.99,-3.19,-8.31,20.14,-30.81,14.4,9.6,24.0,1458,271,598265,,,571788,,598265,0,0,-5,top
2017-07-21,491533,4,445060,R,571788,L,28,Single,7,4,170722_031311,f950a446-f636-4c07-8fbc-1735fc6dc441,1,2,2,B,Ball,FT,12,2.0,3.23,1.5,91.5,84.7,26.01,-0.26,50.0,5.96,1.55,2.47,-6.7,6.91,7.09,-132.76,-5.48,-12.14,24.53,-19.65,27.6,4.8,24.0,1993,226,598265,,,571788,,598265,0,0,-5,top
2017-07-21,491533,4,445060,R,571788,L,28,Single,7,5,170722_031400,cfc68475-a451-43d1-8965-3262149f166d,2,2,2,D,In play- no out,FS,13,2.0,3.06,1.34,81.9,75.9,43.24,-1.01,50.0,5.88,-1.1,1.87,-6.88,3.43,1.89,-119.02,-3.71,-9.97,20.62,-27.2,19.2,8.4,24.0,1393,251,598265,,,571788,,598265,0,0,-5,top
2017-07-21,491533,4,445060,R,605141,R,29,Single,6,1,170722_031449,e528b18b-3daa-41e1-b5bc-e6f9bc9ce059,0,1,2,C,Called Strike,SL,14,2.0,3.36,1.61,82.1,76.7,77.73,-0.86,50.0,6.02,0.84,2.27,2.95,-2.16,3.14,-119.38,-1.45,4.32,19.35,-35.35,7.2,9.6,24.0,2382,47,571788,,598265,605141,571788,,1,0,-5,top
2017-07-21,491533,4,445060,R,605141,R,29,Single,6,2,170722_031528,3ff134b3-18b3-4f5b-96d2-e0cc49582f70,0,1,2,S,Swinging Strike,FS,7,2.0,3.16,1.31,81.6,75.9,32.94,-0.73,50.0,5.88,-0.33,1.53,-7.18,0.97,3.14,-118.51,-3.67,-10.34,20.09,-30.78,18.0,9.6,24.0,1337,271,571788,,598265,605141,571788,,1,0,-5,top
2017-07-21,491533,4,445060,R,605141,R,29,Single,6,3,170722_031606,6f0f773e-ae6b-4b66-bec0-e3f87ced7369,1,2,2,*B,Ball In Dirt,SL,14,2.0,3.28,1.58,79.7,74.8,13.93,-0.83,50.0,5.76,1.52,0.47,3.86,0.0,4.24,-115.85,-5.19,5.33,18.47,-32.17,9.6,9.6,24.0,2298,73,571788,,598265,605141,571788,,1,0,-5,top
2017-07-21,491533,4,445060,R,605141,R,29,Single,6,4,170722_031641,1cf7a02b-44ea-4dbd-aa1a-24cb5b0f77f8,1,2,2,F,Foul,SL,14,2.0,3.16,1.31,80.5,74.7,61.37,-0.74,50.0,5.91,0.85,1.04,2.64,-4.36,2.88,-117.04,-3.0,3.67,21.63,-38.23,6.0,10.8,24.0,2304,28,571788,,598265,605141,571788,,1,0,-5,top
2017-07-21,491533,4,445060,R,605141,R,29,Single,6,5,170722_031712,9a311174-6f87-492a-b57b-25ae857ded0b,1,2,2,B,Ball,FT,12,2.0,3.33,1.46,91.4,84.4,47.33,-0.38,50.0,6.14,0.14,3.53,-5.44,4.92,3.22,-132.86,-2.45,-9.83,25.38,-23.28,21.6,6.0,24.0,1952,231,571788,,598265,605141,571788,,1,0,-5,top
2017-07-21,491533,4,445060,R,605141,R,29,Single,6,6,170722_031742,ae614d8d-8a0e-46b8-823a-251ce29d99e7,2,2,2,E,In play- run(s),KC,14,2.0,3.16,1.31,73.8,68.1,54.62,-0.69,50.0,6.09,1.14,0.81,7.8,-8.23,1.74,-107.07,-1.24,8.96,20.17,-41.64,12.0,15.6,24.0,2536,40,571788,,598265,605141,571788,,1,0,-5,top
2017-07-21,491533,4,445060,R,643217,L,30,Groundout,1,1,170722_031900,438c70ff-4f0d-4102-a479-86facad419ff,0,0,2,X,In play- out(s),FS,7,2.0,3.32,1.41,82.1,76.1,87.67,-1.1,50.0,5.86,-0.4,1.65,-7.5,-1.08,3.96,-119.26,-2.8,-10.9,21.14,-33.75,16.8,9.6,24.0,1406,286,605141,571788,,,,,0,1,-6,top
2017-07-26,491612,1,445060,R,605548,L,3,Home Run,2,1,170726_231705,e6b933bf-8165-4806-afcb-162c4767df38,0,0,0,B,Ball,FT,11,2.0,3.4,1.62,90.5,83.0,66.72,-0.91,50.0,5.81,-1.07,3.03,-9.99,4.67,2.97,-131.4,-2.63,-17.54,26.83,-23.97,34.8,7.2,24.0,1973,249,,,,,,,1,0,0,bottom
2017-07-26,491612,1,445060,R,605548,L,3,Home Run,2,2,170726_231726,350d5734-a450-4133-bb03-68e50071d489,1,0,0,E,In play- run(s),FT,8,2.0,3.81,1.53,91.3,84.3,35.23,-0.92,50.0,5.83,0.02,2.2,-8.34,7.52,5.32,-132.59,-5.99,-15.02,25.37,-18.64,36.0,6.0,24.0,1906,231,,,,,,,1,0,0,bottom
2017-07-26,491612,1,445060,R,596019,L,4,Groundout,4,1,170726_231818,88f780af-f01d-459d-b48b-55451680a177,0,0,0,B,Ball,FF,13,2.0,3.19,1.56,91.3,84.2,45.06,-0.68,50.0,5.74,-0.28,1.15,-5.11,8.75,2.78,-132.4,-8.92,-9.16,25.85,-16.5,25.2,4.8,24.0,2101,213,,,,,,,0,1,-1,bottom
2017-07-26,491612,1,445060,R,596019,L,4,Groundout,4,2,170726_231831,40e7d9b9-8ada-435e-84e6-3852e0b25de5,1,1,0,F,Foul,FT,7,2.0,3.12,1.39,90.6,83.1,64.05,-0.95,50.0,5.69,-0.69,1.46,-9.2,7.76,3.8,-131.36,-7.39,-16.13,26.96,-18.58,37.2,6.0,24.0,1908,234,,,,,,,0,1,-1,bottom
2017-07-26,491612,1,445060,R,596019,L,4,Groundout,4,3,170726_231855,35c0571c-cfa1-427e-a2e8-1f14789c0677,1,2,0,C,Called Strike,FS,1,2.0,3.19,1.51,80.6,74.7,37.46,-1.07,50.0,5.92,-0.49,2.99,-5.41,2.69,2.98,-117.09,-0.73,-7.62,19.18,-28.38,14.4,8.4,24.0,1298,250,,,,,,,0,1,-1,bottom
2017-07-26,491612,1,445060,R,596019,L,4,Groundout,4,4,170726_231911,1b7476f7-457c-476c-8532-9c0a3505e1c8,1,2,0,X,In play- out(s),KC,13,2.0,3.12,1.39,74.7,69.1,49.01,-1.08,50.0,5.92,-0.1,1.13,5.57,-7.22,0.55,-108.63,-0.75,6.62,19.78,-40.77,9.6,14.4,24.0,2536,34,,,,,,,0,1,-1,bottom
2017-07-26,491612,1,445060,R,488726,L,5,Lineout,2,1,170726_231953,cc080e0c-65f1-4947-a746-41d7e952590c,0,0,1,B,Ball,KC,11,2.0,3.38,1.52,72.5,66.4,54.35,-1.32,50.0,6.22,-1.46,2.85,8.27,-4.97,-2.51,-105.1,2.14,9.2,18.72,-37.7,13.2,14.4,24.0,2461,53,,,,,,,0,1,-1,bottom
2017-07-26,491612,1,445060,R,488726,L,5,Lineout,2,2,170726_232009,ed1bfb2e-c294-49cd-a75b-826cf254fb6c,1,0,1,X,In play- out(s),FF,9,2.0,3.29,1.38,90.4,82.6,37.8,-0.84,50.0,5.8,0.38,1.98,-2.55,11.24,4.02,-131.12,-7.48,-4.45,27.6,-12.6,14.4,3.6,24.0,2125,192,,,,,,,0,1,-1,bottom
2017-07-26,491612,1,445060,R,429665,R,6,Strikeout,4,1,170726_232057,b2af1c5d-8d0f-4081-a8de-f8b19b51e160,0,0,2,B,Ball,FT,14,2.0,3.51,1.67,91.9,85.3,56.03,-0.64,50.0,5.64,0.24,1.45,-8.15,5.65,5.15,-133.51,-7.01,-14.93,24.77,-21.82,31.2,6.0,24.0,1923,240,,,,,,,0,1,-1,bottom
2017-07-26,491612,1,445060,R,429665,R,6,Strikeout,4,2,170726_232111,e45835d9-4133-4ffd-8b66-bc5f983969a8,1,1,2,C,Called Strike,SL,6,2.0,3.46,1.56,81.1,75.8,39.67,-0.91,50.0,5.8,0.53,2.25,0.37,-0.95,3.26,-117.96,-1.17,0.53,18.69,-33.54,1.2,9.6,24.0,2291,22,,,,,,,0,1,-1,bottom
2017-07-26,491612,1,445060,R,429665,R,6,Strikeout,4,3,170726_232126,c28d7747-381b-4147-9fde-70846592ffed,1,2,2,F,Foul,SL,9,2.0,3.36,1.43,80.3,75.0,46.71,-0.74,50.0,5.85,0.67,1.74,0.99,-1.29,2.96,-116.81,-2.21,1.39,19.07,-33.98,2.4,9.6,24.0,2280,30,,,,,,,0,1,-1,bottom
2017-07-26,491612,1,445060,R,429665,R,6,Strikeout,4,4,170726_232145,aad1e907-7b4d-4032-874b-8f94f64b0be8,1,2,2,S,Swinging Strike,FT,11,2.0,3.36,1.43,90.2,83.3,24.59,-1.18,50.0,5.7,-1.58,2.48,-8.17,4.95,1.71,-131.04,-3.84,-14.36,24.78,-23.47,30.0,6.0,24.0,1862,244,,,,,,,0,1,-1,bottom
2017-07-26,491612,2,445060,R,608070,L,12,Lineout,5,1,170726_233630,61599c85-443c-4baa-a0fc-194d3ff23220,0,1,0,C,Called Strike,FT,13,2.0,3.49,1.56,90.0,82.8,63.77,-1.12,50.0,5.69,-0.79,2.04,-8.37,5.74,3.69,-130.67,-5.18,-14.57,25.78,-22.18,31.2,6.0,24.0,1980,240,,,,,,,0,1,0,bottom
2017-07-26,491612,2,445060,R,608070,L,12,Lineout,5,2,170726_233641,e4e6fd2f-0a68-45c8-bcb9-aec39bfd6648,0,1,0,B,Ball,KC,11,2.0,3.34,1.56,73.0,67.6,37.0,-1.27,50.0,6.17,-2.32,3.02,8.99,-6.24,-4.65,-105.92,2.76,10.28,16.96,-39.31,14.4,14.4,24.0,2484,50,,,,,,,0,1,0,bottom
2017-07-26,491612,2,445060,R,608070,L,12,Lineout,5,3,170726_233655,98e32678-aca6-49bd-b5a8-cf2d3aa678d4,1,1,0,B,Ball,FS,13,2.0,3.37,1.6,78.8,73.8,14.47,-0.98,50.0,6.01,-1.3,2.15,-5.04,3.57,0.76,-114.61,-2.83,-6.86,16.81,-27.32,13.2,8.4,24.0,1303,242,,,,,,,0,1,0,bottom
2017-07-26,491612,2,445060,R,608070,L,12,Lineout,5,4,170726_233708,96dbad27-9158-4bef-8dea-c0e260c9b490,2,2,0,F,Foul,FS,13,2.0,3.23,1.4,79.4,74.4,36.51,-1.08,50.0,5.73,-0.34,1.15,-5.57,2.59,3.38,-115.47,-4.29,-7.67,17.43,-28.61,14.4,8.4,24.0,1437,254,,,,,,,0,1,0,bottom
2017-07-26,491612,2,445060,R,608070,L,12,Lineout,5,5,170726_233744,8fb703e2-83b2-40b8-aba5-c37db0601512,2,2,0,X,In play- out(s),SL,11,2.0,3.23,1.4,79.3,74.2,50.75,-1.19,50.0,5.81,-0.9,2.89,3.45,1.45,-0.37,-115.33,-0.16,4.76,16.81,-30.17,8.4,8.4,24.0,2222,102,,,,,,,0,1,0,bottom
2017-07-26,491612,2,445060,R,467793,L,13,Single,1,1,170726_233817,b990b075-8f84-4d8d-bca9-5a2cd05689c3,0,0,1,D,In play- no out,FT,4,2.0,3.29,1.43,91.1,84.0,43.3,-0.84,50.0,5.75,-0.29,2.65,-6.82,6.84,3.76,-132.29,-4.33,-12.22,25.28,-19.92,28.8,4.8,24.0,1952,227,,,,467793,,,0,0,0,bottom
2017-07-26,491612,2,445060,R,457706,R,14,Grounded Into DP,4,1,170726_233904,34f89ce2-8695-4972-8ff1-e15747f17b9b,0,0,1,B,Ball,SL,14,2.0,3.34,1.59,81.0,74.9,67.94,-0.92,50.0,5.76,0.68,1.16,1.53,-1.8,3.27,-117.64,-3.23,2.16,21.71,-34.7,4.8,9.6,24.0,,33,467793,,,,,,0,2,0,bottom
2017-07-26,491612,2,445060,R,457706,R,14,Grounded Into DP,4,2,170726_233929,ac761b3c-b1ee-4bc7-9869-31a7cc19073c,1,1,1,F,Foul,FT,13,2.0,3.34,1.42,90.0,82.9,60.23,-0.77,50.0,5.63,-0.55,1.36,-7.19,6.82,2.97,-130.65,-7.13,-12.5,26.07,-20.31,28.8,6.0,24.0,1909,231,467793,,,,,,0,2,0,bottom
2017-07-26,491612,2,445060,R,457706,R,14,Grounded Into DP,4,3,170726_233957,0987d1f1-dc3a-423b-bfb1-ddb60b11f4bc,1,2,1,C,Called Strike,FT,4,2.0,3.32,1.58,90.2,83.8,53.08,-0.66,50.0,5.9,-0.69,2.55,-7.7,6.23,2.55,-131.18,-4.67,-13.65,23.34,-21.13,31.2,6.0,24.0,1776,235,467793,,,,,,0,2,0,bottom
2017-07-26,491612,2,445060,R,457706,R,14,Grounded Into DP,4,4,170726_234040,20f3587c-afd2-4990-a548-bfb1f3bca563,1,2,1,X,In play- out(s),FT,7,2.0,3.34,1.42,88.1,80.1,59.04,-0.83,50.0,5.64,-0.53,1.62,-10.11,6.14,4.07,-127.76,-5.71,-16.6,28.06,-22.1,33.6,7.2,24.0,1706,244,467793,,,,,,0,2,0,bottom
2017-07-26,491612,3,445060,R,543228,R,20,Strikeout,3,1,170726_235645,20ddff9f-e32e-4776-85fb-6976d37b50d1,0,1,0,C,Called Strike,SL,1,2.0,3.34,1.45,81.9,76.2,76.56,-1.07,50.0,6.02,-0.48,3.25,1.46,-1.72,0.95,-119.08,0.78,2.13,19.27,-34.69,3.6,9.6,24.0,2368,33,,,,,,,0,1,0,bottom
2017-07-26,491612,3,445060,R,543228,R,20,Strikeout,3,2,170726_235701,188bda5e-3e19-4584-9136-7b93671db100,0,2,0,F,Foul,SL,2,2.0,3.14,1.32,80.0,74.2,29.0,-1.09,50.0,5.96,-0.16,2.84,1.17,-0.36,1.8,-116.3,-0.12,1.62,19.63,-32.68,3.6,9.6,24.0,2380,51,,,,,,,0,1,0,bottom
2017-07-26,491612,3,445060,R,543228,R,20,Strikeout,3,3,170726_235728,24cbc59c-dba1-4991-a726-736b9483a2b8,0,2,0,S,Swinging Strike,FT,13,2.0,3.14,1.32,91.3,83.5,52.69,-0.65,50.0,5.83,-1.27,2.12,-9.67,6.36,1.66,-132.56,-5.7,-17.17,28.74,-20.87,37.2,6.0,24.0,1928,242,,,,,,,0,1,0,bottom
2017-07-26,491612,3,445060,R,570481,R,21,Single,2,1,170726_235800,e5fd68d6-68c3-430a-a3f5-9795ea90e88a,0,0,1,B,Ball,SL,14,2.0,3.57,1.66,81.5,75.7,80.22,-0.77,50.0,5.93,1.16,2.2,1.05,-0.91,4.22,-118.42,-1.63,1.51,20.26,-33.48,3.6,9.6,24.0,2307,40,,,,570481,,,0,0,0,bottom
2017-07-26,491612,3,445060,R,570481,R,21,Single,2,2,170726_235817,17b8962b-4b0d-4401-9d67-119970cd3b07,1,0,1,D,In play- no out,FT,9,2.0,3.46,1.47,90.9,84.4,51.64,-0.66,50.0,5.75,0.56,1.92,-7.92,5.3,5.91,-132.09,-5.71,-14.21,24.02,-22.67,28.8,6.0,24.0,2086,240,,,,570481,,,0,0,0,bottom
2017-07-26,491612,3,445060,R,605548,L,22,Walk,5,1,170726_235908,533e5b9e-f5e9-4a9d-8958-f4433be55efd,0,1,1,F,Foul,FF,6,2.0,3.73,1.45,91.2,83.4,52.94,-0.66,50.0,5.84,0.44,2.74,-4.05,10.66,4.25,-132.37,-5.58,-7.21,27.57,-13.22,24.0,3.6,24.0,2114,200,570481,,,605548,,,0,1,0,bottom
2017-07-26,491612,3,445060,R,605548,L,22,Walk,5,2,170726_235940,0267cd1b-af2a-4730-bf33-2fb7da11aa1b,0,1,1,B,Ball,FF,12,2.0,3.49,1.63,91.4,84.4,57.97,-0.73,50.0,5.99,0.54,3.67,-3.79,8.67,4.66,-132.89,-2.99,-6.86,25.06,-16.46,19.2,3.6,24.0,1974,203,570481,,,605548,,,0,1,0,bottom
2017-07-26,491612,3,445060,R,605548,L,22,Walk,5,3,170727_000002,bc2e6182-0c5f-4f7e-b443-502390044815,1,1,1,B,Ball,FS,11,2.0,3.48,1.66,80.0,75.0,15.74,-1.19,50.0,5.88,-1.88,2.79,-5.42,0.86,0.05,-116.51,-0.51,-7.62,17.23,-30.97,13.2,9.6,24.0,1268,268,570481,,,605548,,,0,1,0,bottom
2017-07-26,491612,3,445060,R,605548,L,22,Walk,5,4,170727_000032,07d4666a-ff50-4dc7-8b08-5ad31cb7648e,2,1,1,B,Ball,FS,11,2.0,3.44,1.61,80.5,74.9,8.13,-1.22,50.0,5.68,-1.68,2.67,-5.66,0.45,0.65,-117.12,-0.24,-7.97,19.16,-31.54,14.4,9.6,24.0,1346,273,570481,,,605548,,,0,1,0,bottom
2017-07-26,491612,3,445060,R,605548,L,22,Walk,5,5,170727_000110,2d7119cd-9c12-47a5-9f08-f5f125c694ec,3,1,1,B,Ball,FT,13,2.0,3.5,1.71,91.8,85.4,31.38,-0.61,50.0,5.6,-0.22,1.15,-6.63,5.88,3.34,-133.38,-7.76,-12.14,24.1,-21.4,26.4,6.0,24.0,1896,234,570481,,,605548,,,0,1,0,bottom
2017-07-26,491612,3,445060,R,596019,L,23,Single,6,1,170727_000216,443c8c22-53df-4083-a78c-8ed2cb68d661,1,0,2,*B,Ball In Dirt,KC,14,2.0,3.13,1.49,72.7,67.5,70.55,-1.12,50.0,5.84,0.69,0.16,8.3,-6.77,1.51,-105.62,-2.24,9.31,19.14,-39.77,13.2,14.4,24.0,2432,46,605548,,,596019,605548,,0,0,0,bottom
2017-07-26,491612,3,445060,R,596019,L,23,Single,6,2,170727_000342,8a1f2f8e-60f5-4345-918c-adaca179cf82,1,0,2,B,Ball,FT,11,2.0,3.19,1.53,89.5,82.8,53.22,-0.67,50.0,5.75,-1.19,2.41,-8.63,4.37,1.57,-130.08,-3.86,-14.96,24.22,-24.6,30.0,7.2,24.0,1760,248,605548,,,596019,605548,,0,0,0,bottom
2017-07-26,491612,3,445060,R,596019,L,23,Single,6,3,170727_000408,3d1f6c29-9ce6-4747-99d1-ed5d5f5dc788,2,0,2,D,In play- no out,FT,4,2.0,3.12,1.39,90.9,84.4,43.09,-0.72,50.0,5.65,-0.37,2.1,-8.32,5.99,3.76,-132.17,-5.26,-14.94,24.09,-21.42,32.4,6.0,24.0,1747,238,605548,,,596019,605548,,0,0,0,bottom
2017-07-26,491612,3,445060,R,488726,L,24,Groundout,5,1,170727_000551,9ffea7f8-b3e6-4a19-8800-2fcdbb82f4fa,1,0,2,*B,Ball In Dirt,KC,14,2.0,3.44,1.54,74.1,69.2,52.64,-1.35,50.0,5.94,0.17,0.97,6.03,-6.55,1.55,-107.72,-1.23,7.12,17.7,-39.91,10.8,14.4,24.0,2481,39,596019,605548,,,,,0,1,0,bottom
2017-07-26,491612,3,445060,R,488726,L,24,Groundout,5,2,170727_000622,6bf20203-a527-405e-994a-119e92736337,1,0,2,B,Ball,FS,11,2.0,3.41,1.49,80.7,75.0,49.06,-1.27,50.0,5.81,-1.18,3.17,-6.29,2.63,2.13,-117.33,-0.06,-8.91,18.76,-28.44,16.8,8.4,24.0,1075,252,596019,605548,,,,,0,1,0,bottom
2017-07-26,491612,3,445060,R,488726,L,24,Groundout,5,3,170727_000648,d541436f-1f01-4fa2-977e-cb1a732d24ef,2,1,2,C,Called Strike,FT,13,2.0,3.41,1.52,92.0,85.1,70.81,-0.87,50.0,5.63,-0.87,1.53,-8.59,5.13,2.97,-133.65,-6.56,-15.7,26.05,-22.81,32.4,6.0,24.0,1776,245,596019,605548,,,,,0,1,0,bottom
2017-07-26,491612,3,445060,R,488726,L,24,Groundout,5,4,170727_000717,6ab4830b-8413-4e96-8b5d-31551aa44648,2,1,2,B,Ball,FF,11,2.0,3.44,1.52,93.2,85.3,55.34,-0.94,50.0,5.77,-1.13,2.79,-5.47,10.06,1.4,-135.34,-5.45,-10.18,28.63,-13.46,33.6,3.6,24.0,2033,211,596019,605548,,,,,0,1,0,bottom
2017-07-26,491612,3,445060,R,488726,L,24,Groundout,5,5,170727_000747,781691f2-9320-4056-b67e-5a2f17be303e,3,1,2,X,In play- out(s),FF,7,2.0,3.29,1.38,91.6,84.8,45.42,-0.85,50.0,5.63,-0.44,1.73,-3.38,9.73,2.25,-133.1,-7.57,-6.15,24.95,-14.48,20.4,3.6,24.0,1955,200,596019,605548,,,,,0,1,0,bottom
2017-07-26,491612,4,445060,R,429665,R,29,Walk,7,1,170727_002538,57de8920-e55c-4a10-b644-fda2f9f37c85,0,0,0,B,Ball,KC,14,2.0,3.5,1.62,74.8,69.6,88.23,-1.15,50.0,6.07,1.25,1.81,7.48,-5.63,3.07,-108.61,-0.09,8.98,17.99,-38.94,13.2,13.2,24.0,2666,50,,,,429665,,,0,0,0,bottom
2017-07-26,491612,4,445060,R,429665,R,29,Walk,7,2,170727_002551,89796cda-a199-4814-ae36-71a22e769cb4,1,1,0,C,Called Strike,SL,5,2.0,3.48,1.68,81.5,75.9,20.41,-1.06,50.0,5.85,0.1,2.78,1.82,-1.76,2.17,-118.47,0.15,2.62,19.36,-34.71,4.8,9.6,24.0,2464,40,,,,429665,,,0,0,0,bottom
2017-07-26,491612,4,445060,R,429665,R,29,Walk,7,3,170727_002609,487fac88-70fa-4550-8080-52a8fd76a67c,1,1,0,B,Ball,SL,14,2.0,3.55,1.6,82.0,76.4,31.36,-0.84,50.0,5.89,1.44,1.29,1.92,-0.36,4.82,-119.1,-3.94,2.79,20.53,-32.69,6.0,9.6,24.0,2462,58,,,,429665,,,0,0,0,bottom
2017-07-26,491612,4,445060,R,429665,R,29,Walk,7,4,170727_002623,154aef18-c545-4473-98a3-9e9adce31b81,2,1,0,B,Ball,SL,14,2.0,3.53,1.68,80.4,75.4,42.05,-0.96,50.0,5.63,0.96,0.86,1.78,-2.97,3.93,-116.9,-3.28,2.51,18.71,-36.34,4.8,10.8,24.0,2388,29,,,,429665,,,0,0,0,bottom
2017-07-26,491612,4,445060,R,429665,R,29,Walk,7,5,170727_002642,98bd5ab9-8646-47f0-af5f-02f924c318a8,3,2,0,T,Foul Tip,FT,14,2.0,3.36,1.43,90.5,84.6,53.62,-0.58,50.0,5.53,0.36,1.03,-7.55,4.96,5.03,-131.51,-7.34,-13.51,22.27,-23.31,27.6,6.0,24.0,1893,242,,,,429665,,,0,0,0,bottom
2017-07-26,491612,4,445060,R,429665,R,29,Walk,7,6,170727_002659,67ae6b60-bd04-4036-8714-26903a40a9fd,3,2,0,F,Foul,FF,2,2.0,3.36,1.43,91.7,84.7,31.42,-0.57,50.0,5.81,0.09,2.78,-3.3,10.44,2.88,-133.16,-5.51,-6.0,24.86,-13.17,21.6,3.6,24.0,2188,198,,,,429665,,,0,0,0,bottom
2017-07-26,491612,4,445060,R,429665,R,29,Walk,7,7,170727_002734,9af82fca-171e-4913-af03-4e412788e2b6,3,2,0,B,Ball,FF,14,2.0,3.44,1.64,92.0,85.8,47.17,-0.4,50.0,5.56,1.25,0.7,-4.19,9.23,5.85,-133.53,-10.04,-7.72,23.26,-15.17,21.6,3.6,24.0,2121,205,,,,429665,,,0,0,0,bottom
2017-07-26,491612,4,445060,R,608070,L,30,Single,4,1,170727_002808,f9215b89-b439-40bf-808c-85bd21bb3849,0,1,0,C,Called Strike,FT,13,2.0,3.37,1.64,88.9,81.7,73.23,-1.67,50.0,5.39,-1.01,1.69,-9.56,4.97,4.87,-128.97,-4.8,-16.17,25.65,-23.76,31.2,7.2,24.0,1774,247,429665,,,608070,429665,,0,0,0,bottom
2017-07-26,491612,4,445060,R,608070,L,30,Single,4,2,170727_002826,bdc4eff8-f697-47ab-9962-65dd17e0c45b,0,1,0,B,Ball,KC,11,2.0,3.33,1.62,74.3,68.3,33.2,-1.36,50.0,6.18,-1.59,3.89,9.18,-6.44,-3.04,-107.73,4.47,10.83,18.15,-39.77,14.4,14.4,24.0,2441,52,429665,,,608070,429665,,0,0,0,bottom
2017-07-26,491612,4,445060,R,608070,L,30,Single,4,3,170727_002850,7d74b686-c45d-4869-a9bd-cacb5e853f5e,1,2,0,F,Foul,SL,6,2.0,3.23,1.4,80.7,74.6,38.04,-0.95,50.0,5.79,0.7,2.36,3.51,-0.34,2.77,-117.22,-0.93,4.92,20.67,-32.65,9.6,9.6,24.0,2261,72,429665,,,608070,429665,,0,0,0,bottom
2017-07-26,491612,4,445060,R,608070,L,30,Single,4,4,170727_002918,56dcb9f4-a33b-4981-b336-0145f3fd3ede,1,2,0,D,In play- no out,SL,5,2.0,3.23,1.4,79.4,74.6,18.29,-1.12,50.0,5.73,0.08,2.14,1.52,-0.94,2.31,-115.58,-1.01,2.11,16.9,-33.47,3.6,9.6,24.0,2174,47,429665,,,608070,429665,,0,0,0,bottom
2017-07-26,491612,4,445060,R,467793,L,31,Single,3,1,170727_003025,92d45733-e994-494d-a032-6035d2d86924,0,0,0,B,Ball,FS,11,2.0,3.21,1.6,80.8,75.4,73.13,-1.14,50.0,5.81,-1.83,3.0,-5.89,1.4,0.18,-117.59,-0.13,-8.41,18.19,-30.17,15.6,8.4,24.0,1380,263,608070,429665,,467793,608070,,0,1,0,bottom
2017-07-26,491612,4,445060,R,467793,L,31,Single,3,2,170727_003045,741c5c50-06f5-4fec-905e-a86c4a51954d,2,0,0,*B,Ball In Dirt,FS,13,2.0,3.39,1.59,81.0,75.4,18.75,-1.1,50.0,5.48,-0.38,0.64,-8.16,4.01,4.16,-117.63,-5.63,-11.58,19.52,-26.48,21.6,8.4,24.0,1389,251,608070,429665,,467793,608070,,0,1,0,bottom
2017-07-26,491612,4,445060,R,467793,L,31,Single,3,3,170727_003128,ca5006c2-029c-4d0e-95dc-45f8b4dbc56f,2,0,0,X,In play- out(s),FF,1,2.0,3.29,1.43,91.2,84.5,44.39,-0.87,50.0,5.74,-0.35,3.16,-4.15,10.02,2.81,-132.66,-4.14,-7.53,23.96,-14.02,25.2,3.6,24.0,1910,203,608070,429665,,467793,608070,,0,1,0,bottom
2017-07-26,491612,4,445060,R,457706,R,32,Strikeout,5,1,170727_003436,710aef0e-fc6f-4e38-8dd5-1ebbdb26414b,0,1,1,C,Called Strike,SL,8,2.0,3.36,1.56,80.4,74.8,57.99,-1.09,50.0,5.81,0.04,1.81,2.07,0.57,1.99,-116.86,-2.53,2.91,19.32,-31.37,6.0,9.6,24.0,2115,78,467793,608070,,467793,608070,,0,1,0,bottom
2017-07-26,491612,4,445060,R,457706,R,32,Strikeout,5,2,170727_003509,88d4e5e2-c63d-408e-9175-5551dade259e,0,1,1,S,Swinging Strike,FT,3,2.0,3.34,1.42,91.1,83.9,46.22,-0.69,50.0,5.67,0.5,2.73,-8.46,6.32,6.0,-132.31,-3.75,-15.14,25.73,-20.86,33.6,6.0,24.0,1856,236,467793,608070,,467793,608070,,0,1,0,bottom
2017-07-26,491612,4,445060,R,457706,R,32,Strikeout,5,3,170727_003548,6fd36ebe-1c25-4672-bff2-b25dc86aeafa,0,2,1,B,Ball,FF,14,2.0,3.3,1.58,90.7,83.9,22.52,-0.46,50.0,5.82,1.44,2.38,-4.17,8.39,6.37,-131.62,-5.71,-7.43,24.16,-17.25,19.2,4.8,24.0,1875,206,467793,608070,,467793,608070,,0,1,0,bottom
2017-07-26,491612,4,445060,R,457706,R,32,Strikeout,5,4,170727_003608,d85cd8b0-0f1f-4fac-9f9c-ad932bbab8c8,1,2,1,F,Foul,SL,9,2.0,3.34,1.42,81.2,76.1,48.96,-0.87,50.0,5.64,0.57,1.44,2.12,-1.68,2.75,-118.08,-2.5,3.05,18.55,-34.59,6.0,9.6,24.0,2196,43,467793,608070,,467793,608070,,0,1,0,bottom
2017-07-26,491612,4,445060,R,457706,R,32,Strikeout,5,5,170727_003637,88335fee-d695-47d6-b4c4-8c75abcb78b1,1,3,1,C,Called Strike,FT,12,2.0,3.19,1.5,92.4,84.8,59.78,-0.3,50.0,5.82,1.08,2.75,-8.45,5.91,6.56,-134.03,-4.13,-15.46,27.24,-21.36,32.4,6.0,24.0,1758,238,467793,608070,,467793,608070,,0,1,0,bottom
2017-07-26,491612,4,445060,R,543228,R,33,Single,5,1,170727_003733,380f5ccf-93e0-4dc2-815e-46a0d31f484b,0,1,2,F,Foul,SL,8,2.0,3.14,1.32,81.4,75.0,52.86,-0.82,50.0,5.8,-0.07,1.92,1.36,-1.68,1.33,-118.27,-1.68,1.94,22.1,-34.56,3.6,9.6,24.0,2265,29,467793,608070,,543228,,467793,1,0,0,bottom
2017-07-26,491612,4,445060,R,543228,R,33,Single,5,2,170727_003813,8b2ea952-670a-48ea-9b57-717368107a5f,0,2,2,F,Foul,SL,4,2.0,3.14,1.32,80.3,74.4,26.26,-0.94,50.0,5.84,-0.39,2.25,2.09,-1.03,0.65,-116.81,-1.04,2.91,20.31,-33.61,4.8,9.6,24.0,2144,48,467793,608070,,543228,,467793,1,0,0,bottom
2017-07-26,491612,4,445060,R,543228,R,33,Single,5,3,170727_003854,eed3903b-7535-42d3-a9d3-2973c6958666,0,2,2,F,Foul,SL,5,2.0,3.14,1.32,80.2,74.6,19.97,-1.18,50.0,5.77,-0.17,2.15,0.54,-3.14,2.17,-116.71,-0.49,0.75,19.73,-36.54,1.2,10.8,24.0,2202,11,467793,608070,,543228,,467793,1,0,0,bottom
2017-07-26,491612,4,445060,R,543228,R,33,Single,5,4,170727_003938,62d7e5b6-703f-4d74-9209-45a31d21198e,0,2,2,B,Ball,FT,14,2.0,3.14,1.46,93.1,86.4,27.65,-0.38,50.0,5.75,1.65,2.06,-7.59,3.84,8.11,-135.11,-5.25,-14.27,24.93,-24.96,26.4,6.0,24.0,1700,247,467793,608070,,543228,,467793,1,0,0,bottom
2017-07-26,491612,4,445060,R,543228,R,33,Single,5,5,170727_004006,a2712f26-13c7-4f6c-83a2-0774d9a9e264,1,2,2,E,In play- run(s),FT,8,2.0,3.14,1.32,91.3,84.3,38.47,-0.59,50.0,5.64,0.01,1.65,-8.22,6.05,4.39,-132.56,-6.44,-14.77,25.74,-21.3,32.4,6.0,24.0,1736,238,467793,608070,,543228,,467793,1,0,0,bottom
2017-07-26,491612,4,445060,R,570481,R,34,Strikeout,4,1,170727_004107,2814acee-31cc-4e35-a195-b0d29b7a4c1c,0,1,2,F,Foul,SL,14,2.0,3.46,1.47,82.3,76.9,87.4,-0.75,50.0,5.67,0.67,1.26,1.5,-1.36,2.92,-119.64,-3.29,2.2,19.83,-34.17,4.8,9.6,24.0,2154,37,543228,,467793,,,,0,1,-1,bottom
2017-07-26,491612,4,445060,R,570481,R,34,Strikeout,4,2,170727_004138,129ff307-6957-4299-9ac6-a6fb5c409833,0,1,2,S,Swinging Strike,SL,14,2.0,3.46,1.47,80.2,74.1,31.94,-0.79,50.0,5.87,0.02,1.15,-0.39,-1.48,1.99,-116.51,-3.44,-0.54,21.49,-34.22,0.0,10.8,24.0,2111,357,543228,,467793,,,,0,1,-1,bottom
2017-07-26,491612,4,445060,R,570481,R,34,Strikeout,4,3,170727_004200,53e54020-bd0a-41dc-9ab1-73e916a92f02,1,2,2,*B,Ball In Dirt,SL,14,2.0,3.63,1.72,81.0,76.0,16.17,-0.71,50.0,5.5,1.64,0.04,-0.07,-0.62,5.5,-117.71,-5.69,-0.09,18.95,-33.06,1.2,9.6,24.0,2306,16,543228,,467793,,,,0,1,-1,bottom
2017-07-26,491612,4,445060,R,570481,R,34,Strikeout,4,4,170727_004231,ef56e6ec-b03a-4884-ba2c-4ad2d7bcd74f,1,2,2,S,Swinging Strike,SL,14,2.0,3.46,1.47,80.4,75.5,16.68,-0.69,50.0,5.68,1.44,1.04,0.03,-3.24,4.94,-116.96,-2.91,0.04,18.51,-36.73,1.2,10.8,24.0,2158,7,543228,,467793,,,,0,1,-1,bottom
2017-07-26,491612,5,445060,R,605548,L,38,Pop Out,3,1,170727_005153,1922a27a-8e45-49fe-bdfa-6e4d4a280ebc,0,0,0,B,Ball,KC,14,2.0,3.43,1.61,73.0,67.9,65.58,-0.8,50.0,6.03,1.7,1.23,7.06,-6.97,3.33,-106.06,-0.46,8.03,18.2,-40.11,12.0,14.4,24.0,2537,43,,,,,,,0,1,-1,bottom
2017-07-26,491612,5,445060,R,605548,L,38,Pop Out,3,2,170727_005209,53e6d74c-7474-49d5-b38d-f08536fa7216,1,1,0,C,Called Strike,SL,7,2.0,3.43,1.74,79.6,74.1,29.17,-1.27,50.0,5.81,-0.28,2.26,1.9,-0.59,1.71,-115.75,-0.98,2.6,18.98,-32.99,4.8,9.6,24.0,2434,54,,,,,,,0,1,-1,bottom
2017-07-26,491612,5,445060,R,605548,L,38,Pop Out,3,3,170727_005239,0fba479f-57eb-4c30-8ab6-86d34969fcc0,1,1,0,X,In play- out(s),FF,12,2.0,3.81,1.53,90.7,83.3,49.86,-0.47,50.0,5.89,1.0,2.89,-5.53,9.5,5.7,-131.73,-4.89,-9.77,26.32,-15.38,27.6,4.8,24.0,2178,210,,,,,,,0,1,-1,bottom
2017-07-26,491612,5,445060,R,596019,L,39,Groundout,3,1,170727_005317,f986259d-57f3-4761-b96a-1b0e012ecb04,0,0,1,B,Ball,SL,12,2.0,2.85,1.1,79.4,73.8,72.26,-1.01,50.0,5.76,0.72,2.13,1.69,0.57,3.47,-115.32,-1.45,2.3,19.0,-31.4,4.8,9.6,24.0,2434,79,,,,,,,0,1,-1,bottom
2017-07-26,491612,5,445060,R,596019,L,39,Groundout,3,2,170727_005331,683bedcb-b011-4769-90d3-4e2d2f22cccf,1,1,1,F,Foul,FF,4,2.0,3.12,1.39,90.6,83.4,29.97,-0.77,50.0,5.71,-0.27,2.07,-5.35,9.49,3.12,-131.55,-6.52,-9.46,25.74,-15.41,27.6,4.8,24.0,2079,211,,,,,,,0,1,-1,bottom
2017-07-26,491612,5,445060,R,596019,L,39,Groundout,3,3,170727_005404,01a319b5-7503-413f-8446-44a095ad4701,1,1,1,X,In play- out(s),FF,14,2.0,3.12,1.39,90.7,83.5,51.76,-0.56,50.0,5.75,0.74,1.89,-5.72,8.05,5.34,-131.58,-6.6,-10.11,25.61,-17.94,25.2,4.8,24.0,2176,217,,,,,,,0,1,-1,bottom
2017-07-26,491612,5,445060,R,488726,L,40,Pop Out,8,1,170727_005445,b3430862-bd19-4e48-99dc-2f9cce55c930,0,0,2,B,Ball,FS,14,2.0,3.39,1.56,80.8,75.2,90.08,-0.75,50.0,5.64,1.06,0.9,-7.43,3.37,6.45,-117.19,-5.14,-10.47,19.28,-27.43,19.2,8.4,24.0,1323,252,,,,,,,0,1,-1,bottom
2017-07-26,491612,5,445060,R,488726,L,40,Pop Out,8,2,170727_005501,496544d7-e761-491b-bf57-3b7d4702b14e,1,1,2,C,Called Strike,SL,8,2.0,3.41,1.56,81.2,75.2,24.52,-1.21,50.0,5.65,-0.15,1.97,0.56,-1.02,2.31,-118.0,-1.42,0.8,20.8,-33.62,2.4,9.6,24.0,2299,23,,,,,,,0,1,-1,bottom
2017-07-26,491612,5,445060,R,488726,L,40,Pop Out,8,3,170727_005521,2f4cd79d-faab-4780-90ba-3ca694d391d7,1,2,2,F,Foul,FS,13,2.0,3.29,1.38,81.5,76.2,29.68,-1.12,50.0,5.51,-0.04,1.23,-6.53,2.55,4.57,-118.54,-4.06,-9.47,18.62,-28.47,16.8,8.4,24.0,1291,256,,,,,,,0,1,-1,bottom
2017-07-26,491612,5,445060,R,488726,L,40,Pop Out,8,4,170727_005547,eeb6d0ab-d132-4903-9c74-03eda5e55eba,1,2,2,B,Ball,FT,12,2.0,3.44,1.6,91.1,84.0,27.13,-0.77,50.0,5.86,0.09,4.21,-9.2,4.17,5.39,-132.3,0.38,-16.5,24.93,-24.69,32.4,6.0,24.0,1911,247,,,,,,,0,1,-1,bottom
2017-07-26,491612,5,445060,R,488726,L,40,Pop Out,8,5,170727_005628,1bfa08d4-f8fb-487b-872a-70837842fbaf,2,2,2,F,Foul,KC,13,2.0,3.29,1.38,73.9,68.4,63.69,-1.32,50.0,6.01,-1.0,1.87,7.02,-6.43,-1.26,-107.35,0.59,8.19,18.61,-39.68,10.8,14.4,24.0,2529,43,,,,,,,0,1,-1,bottom
2017-07-26,491612,5,445060,R,488726,L,40,Pop Out,8,6,170727_005652,02b59082-0911-442e-a688-5399a2780007,2,2,2,F,Foul,FT,6,2.0,3.29,1.38,91.1,83.9,37.66,-0.59,50.0,5.69,0.37,2.27,-6.12,6.63,4.61,-132.34,-5.07,-10.95,26.06,-20.33,25.2,4.8,24.0,1769,225,,,,,,,0,1,-1,bottom
2017-07-26,491612,5,445060,R,488726,L,40,Pop Out,8,7,170727_005721,5f9fa48b-0535-4993-b5ce-4e0df67f38df,2,2,2,B,Ball,FT,11,2.0,3.41,1.56,91.4,83.9,34.48,-0.89,50.0,5.79,-2.01,3.9,-7.85,3.75,-0.26,-132.83,-0.12,-14.09,27.26,-25.44,28.8,6.0,24.0,1912,248,,,,,,,0,1,-1,bottom
2017-07-26,491612,5,445060,R,488726,L,40,Pop Out,8,8,170727_005749,304c0b15-778a-4afb-b7a0-32e9e9661e47,3,2,2,X,In play- out(s),SL,8,2.0,3.29,1.38,79.3,73.4,34.45,-1.18,50.0,5.57,-0.2,1.75,0.7,0.02,2.01,-115.27,-1.7,0.94,19.95,-32.14,2.4,9.6,24.0,2262,45,,,,,,,0,1,-1,bottom
2017-07-26,491612,6,445060,R,429665,R,44,Lineout,4,1,170727_010455,57f8c9e1-1d22-422c-9d4b-4cc0afa6301e,0,0,0,B,Ball,FT,13,2.0,3.53,1.66,90.3,82.2,51.71,-0.62,50.0,5.57,-0.68,1.18,-10.87,9.21,3.48,-130.89,-8.16,-18.77,28.9,-16.27,44.4,6.0,24.0,2124,234,,,,,,,0,1,-1,bottom
2017-07-26,491612,6,445060,R,429665,R,44,Lineout,4,2,170727_010515,c2d3d13d-335e-4068-aeeb-db51635421a6,1,0,0,B,Ball,SL,14,2.0,3.52,1.64,81.9,76.2,62.89,-0.85,50.0,5.75,1.1,1.63,1.47,-0.44,4.15,-118.96,-2.79,2.12,20.25,-32.81,4.8,9.6,24.0,,53,,,,,,,0,1,-1,bottom
2017-07-26,491612,6,445060,R,429665,R,44,Lineout,4,3,170727_010529,ef399717-1919-40ee-a804-34252101f9e8,2,1,0,C,Called Strike,FF,9,2.0,3.5,1.6,90.7,83.4,53.78,-0.55,50.0,5.58,0.59,1.65,-7.52,9.55,5.52,-131.49,-7.3,-13.27,25.85,-15.32,36.0,4.8,24.0,2031,220,,,,,,,0,1,-1,bottom
2017-07-26,491612,6,445060,R,429665,R,44,Lineout,4,4,170727_010544,f067b59f-ad44-44e9-991d-81b357c5f562,2,1,0,X,In play- out(s),FT,5,2.0,3.36,1.43,91.6,83.8,37.21,-0.53,50.0,5.61,0.21,2.13,-8.75,9.24,4.95,-132.82,-6.17,-15.69,27.62,-15.62,40.8,4.8,24.0,2112,226,,,,,,,0,1,-1,bottom
2017-07-26,491612,6,445060,R,608070,L,45,Groundout,6,1,170727_010613,7202c38a-d5d8-4fa9-8c22-8f16468c4afb,0,1,1,C,Called Strike,FF,7,2.0,3.43,1.66,91.0,83.2,61.16,-0.62,50.0,5.65,-0.52,2.14,-7.03,9.83,2.64,-132.04,-6.33,-12.44,27.68,-14.79,36.0,4.8,24.0,2205,218,,,,,,,0,1,-1,bottom
2017-07-26,491612,6,445060,R,608070,L,45,Groundout,6,2,170727_010625,098c80f0-5fc3-4eac-af3d-b6962f14d518,0,1,1,B,Ball,KC,14,2.0,3.36,1.49,74.6,68.7,33.13,-0.88,50.0,5.85,1.85,0.48,8.41,-6.14,3.5,-108.27,-2.15,9.84,21.3,-39.36,14.4,14.4,24.0,2731,49,,,,,,,0,1,-1,bottom
2017-07-26,491612,6,445060,R,608070,L,45,Groundout,6,3,170727_010647,edd006fb-0371-4702-b258-5d26d8c8e633,1,1,1,S,Swinging Strike,SL,14,2.0,3.23,1.4,78.9,73.6,34.99,-1.06,50.0,5.6,0.05,1.23,4.12,-0.73,1.3,-114.78,-2.67,5.56,18.89,-33.16,9.6,9.6,24.0,2353,67,,,,,,,0,1,-1,bottom
2017-07-26,491612,6,445060,R,608070,L,45,Groundout,6,4,170727_010704,8fa4a483-ea43-4dff-a5b4-82e369482141,1,2,1,B,Ball,SL,14,2.0,3.24,1.58,80.1,74.7,42.59,-0.92,50.0,5.53,0.93,0.64,5.73,-1.83,2.56,-116.39,-3.76,7.93,20.03,-34.71,13.2,10.8,24.0,2427,63,,,,,,,0,1,-1,bottom
2017-07-26,491612,6,445060,R,608070,L,45,Groundout,6,5,170727_010734,8851a685-5806-4273-a191-a80026d98405,2,2,1,B,Ball,SL,11,2.0,3.24,1.6,78.5,73.1,19.44,-1.5,50.0,5.65,-1.33,2.75,4.76,-2.77,-1.02,-114.19,1.32,6.37,18.2,-35.88,9.6,10.8,24.0,2330,53,,,,,,,0,1,-1,bottom
2017-07-26,491612,6,445060,R,608070,L,45,Groundout,6,6,170727_010756,900336ae-ceef-4b56-a36e-054fc250783b,3,2,1,X,In play- out(s),FT,13,2.0,3.23,1.4,91.3,83.8,54.58,-0.93,50.0,5.5,-0.86,2.21,-8.28,7.77,3.01,-132.63,-5.13,-14.82,27.24,-18.28,36.0,6.0,24.0,1972,230,,,,,,,0,1,-1,bottom
2017-07-26,491612,6,445060,R,467793,L,46,Flyout,5,1,170727_010833,3377fe15-3cd3-46da-bfa2-91a6a301c191,0,0,2,B,Ball,SL,14,2.0,3.35,1.57,78.3,72.8,50.51,-1.11,50.0,5.53,0.17,1.05,2.39,-2.09,2.17,-113.82,-2.35,3.16,19.26,-34.94,6.0,10.8,24.0,2342,40,,,,,,,0,1,-1,bottom
2017-07-26,491612,6,445060,R,467793,L,46,Flyout,5,2,170727_010847,6558879b-d73f-4cbf-abe5-d56c2148ae96,1,1,2,C,Called Strike,SL,11,2.0,3.39,1.64,78.3,73.1,45.69,-1.32,50.0,5.72,-0.78,2.84,4.8,-0.8,-0.19,-113.93,0.81,6.42,17.42,-33.25,10.8,9.6,24.0,2389,72,,,,,,,0,1,-1,bottom
2017-07-26,491612,6,445060,R,467793,L,46,Flyout,5,3,170727_010903,fde3f9da-e3ad-406e-a5e4-5b880074eabf,1,1,2,B,Ball,FS,14,2.0,3.39,1.74,80.0,74.5,17.02,-0.98,50.0,5.41,0.23,0.31,-8.63,5.03,5.38,-116.16,-6.3,-11.95,18.95,-25.2,22.8,8.4,24.0,1428,246,,,,,,,0,1,-1,bottom
2017-07-26,491612,6,445060,R,467793,L,46,Flyout,5,4,170727_010933,044d5923-9384-4519-ab4c-3d8a049ad792,2,1,2,S,Swinging Strike,FT,4,2.0,3.29,1.43,91.6,84.5,47.23,-0.74,50.0,5.57,-0.63,2.27,-6.82,5.71,2.63,-132.99,-4.56,-12.33,25.84,-21.84,27.6,6.0,24.0,1885,234,,,,,,,0,1,-1,bottom
2017-07-26,491612,6,445060,R,467793,L,46,Flyout,5,5,170727_010949,203115da-0fc0-44a9-b196-6d1f41e00610,2,2,2,X,In play- out(s),FF,12,2.0,3.29,1.43,93.1,85.1,51.02,-0.69,50.0,5.77,0.3,3.41,-3.94,10.56,4.01,-135.18,-3.95,-7.32,28.56,-12.56,26.4,3.6,24.0,2180,200,,,,,,,0,1,-1,bottom
2017-07-26,491612,7,445060,R,457706,R,52,Single,6,1,170727_012903,efe5b52e-b845-4f27-a9f4-04b27fac204b,0,1,0,C,Called Strike,FF,9,2.0,3.42,1.63,90.1,83.2,61.0,-0.63,50.0,5.7,0.47,2.02,-5.62,9.06,4.75,-130.72,-6.4,-9.84,24.26,-16.29,27.6,4.8,24.0,2157,213,,,,457706,,,0,0,0,bottom
2017-07-26,491612,7,445060,R,457706,R,52,Single,6,2,170727_012919,8efb0c02-a2d5-4ac0-967b-b573c224d82b,0,1,0,B,Ball,SL,14,2.0,3.36,1.54,80.3,75.3,42.87,-0.76,50.0,5.63,0.88,0.81,0.87,-4.51,3.55,-116.78,-2.88,1.22,19.02,-38.49,2.4,10.8,24.0,,13,,,,457706,,,0,0,0,bottom
2017-07-26,491612,7,445060,R,457706,R,52,Single,6,3,170727_012936,6227abff-2436-4e6c-b5a3-70143c500db8,1,1,0,B,Ball,FT,14,2.0,3.36,1.65,89.6,82.7,29.96,-0.5,50.0,5.66,1.47,2.15,-7.15,7.27,7.5,-129.98,-5.26,-12.38,24.12,-19.59,28.8,6.0,24.0,2066,226,,,,457706,,,0,0,0,bottom
2017-07-26,491612,7,445060,R,457706,R,52,Single,6,4,170727_012953,e320c8a6-cf94-4a87-88cd-cb812c41e204,2,1,0,B,Ball,FF,14,2.0,3.36,1.61,89.6,82.2,31.42,-0.44,50.0,5.72,1.66,1.97,-6.31,9.76,7.5,-129.83,-6.65,-10.83,25.73,-15.42,28.8,4.8,24.0,2258,213,,,,457706,,,0,0,0,bottom
2017-07-26,491612,7,445060,R,457706,R,52,Single,6,5,170727_013011,351755d8-029d-4606-9983-6d82afa65a46,3,1,0,S,Swinging Strike,FF,12,2.0,3.34,1.42,90.8,83.2,54.64,-0.8,50.0,5.67,1.15,2.77,-4.1,9.75,6.47,-131.7,-4.71,-7.23,26.65,-14.96,20.4,3.6,24.0,2253,201,,,,457706,,,0,0,0,bottom
2017-07-26,491612,7,445060,R,457706,R,52,Single,6,6,170727_013040,98c0063a-870d-4693-9208-9cb94761a414,3,2,0,D,In play- no out,FT,8,2.0,3.34,1.42,90.9,83.6,36.41,-0.76,50.0,5.52,0.07,1.89,-8.3,5.9,5.0,-131.91,-5.32,-14.72,26.21,-21.71,31.2,6.0,24.0,2104,238,,,,457706,,,0,0,0,bottom
2017-07-26,491612,7,445060,R,543228,R,53,Lineout,5,1,170727_013137,379f3e4c-8528-4bf8-8904-f02a4f4128ca,0,1,0,C,Called Strike,FT,9,2.0,3.25,1.5,89.6,82.3,57.97,-0.57,50.0,5.66,0.69,2.06,-8.75,6.55,6.17,-129.93,-5.21,-15.06,25.61,-20.9,32.4,6.0,24.0,1983,236,457706,,,457706,,,0,1,0,bottom
2017-07-26,491612,7,445060,R,543228,R,53,Lineout,5,2,170727_013159,e115cef7-44cb-4c78-a953-0cd341950fed,1,1,0,*B,Ball In Dirt,SL,14,2.0,3.18,1.46,81.4,75.2,22.02,-0.78,50.0,5.62,1.83,0.39,1.26,1.01,5.69,-118.0,-5.6,1.78,22.03,-30.75,4.8,9.6,24.0,2382,76,457706,,,457706,,,0,1,0,bottom
2017-07-26,491612,7,445060,R,543228,R,53,Lineout,5,3,170727_013301,d4b4fcf5-307b-42cd-9b2e-1ef3272b4352,1,1,0,X,In play- out(s),FT,13,2.0,3.14,1.32,89.5,82.8,65.03,-0.99,50.0,5.58,-0.94,1.56,-8.28,7.04,2.93,-130.0,-6.49,-14.33,24.25,-19.99,33.6,6.0,24.0,1846,234,457706,,,457706,,,0,1,0,bottom
2017-07-26,491612,7,445060,R,570481,R,54,Lineout,10,1,170727_013340,c60d3730-a982-4b47-adb5-7499c63945fa,0,0,1,B,Ball,FT,13,2.0,3.53,1.7,90.6,84.1,53.54,-0.87,50.0,5.52,-0.2,1.33,-8.45,4.97,4.62,-131.58,-6.49,-15.03,24.16,-23.33,30.0,6.0,24.0,1854,245,457706,,,457706,,,0,1,0,bottom
2017-07-26,491612,7,445060,R,570481,R,54,Lineout,10,2,170727_013441,a1c5d4fb-ea00-4a4a-8669-a4900a259a50,1,0,1,S,Swinging Strike,SL,9,2.0,3.46,1.47,81.1,74.8,42.87,-0.82,50.0,5.61,0.51,1.98,0.4,-1.43,2.97,-117.87,-1.12,0.56,21.73,-34.19,1.2,9.6,24.0,2183,18,457706,,,457706,,,0,1,0,bottom
2017-07-26,491612,7,445060,R,570481,R,54,Lineout,10,3,170727_013547,3ba978e4-89f5-4756-ad5f-9814d1a24edf,1,1,1,S,Swinging Strike,SL,14,2.0,3.46,1.47,78.8,73.2,38.48,-0.94,50.0,5.68,0.2,1.2,0.84,-1.62,2.34,-114.53,-2.59,1.13,19.81,-34.33,2.4,10.8,24.0,2178,22,457706,,,457706,,,0,1,0,bottom
2017-07-26,491612,7,445060,R,570481,R,54,Lineout,10,4,170727_013610,2f029ea3-49e0-4def-afe0-3c8d5b9beb45,1,2,1,B,Ball,SL,14,2.0,3.45,1.61,77.9,72.5,32.45,-0.88,50.0,5.52,0.58,-0.3,1.47,-2.36,2.84,-113.18,-5.14,1.91,20.27,-35.24,3.6,10.8,24.0,2226,25,457706,,,457706,,,0,1,0,bottom
2017-07-26,491612,7,445060,R,570481,R,54,Lineout,10,5,170727_013658,7430ed6e-73cf-4b4b-b661-f6d5ebc4d28b,2,2,1,F,Foul,SL,8,2.0,3.46,1.47,79.4,73.6,35.26,-0.96,50.0,5.81,-0.2,1.54,0.55,-1.96,1.55,-115.43,-2.12,0.75,20.19,-34.84,1.2,10.8,24.0,,14,457706,,,457706,,,0,1,0,bottom
2017-07-26,491612,7,445060,R,570481,R,54,Lineout,10,6,170727_013729,a2c13d3f-b202-4911-ab62-b66d1f6bcb15,2,2,1,B,Ball,FT,14,2.0,3.51,1.68,92.4,85.4,71.36,-0.57,50.0,5.6,1.13,1.49,-8.97,6.81,7.63,-133.99,-7.23,-16.51,25.65,-19.64,36.0,6.0,24.0,1927,236,457706,,,457706,,,0,1,0,bottom
2017-07-26,491612,7,445060,R,570481,R,54,Lineout,10,7,170727_013847,bccd24b6-f8fe-449d-b252-79d10c0aa6d3,3,2,1,X,In play- out(s),SL,14,2.0,3.46,1.74,80.5,75.3,24.85,-0.94,50.0,5.6,0.23,0.95,2.26,-0.49,2.02,-117.05,-3.75,3.19,18.82,-32.86,6.0,9.6,24.0,2245,57,457706,,,457706,,,0,1,0,bottom
2017-07-26,491612,7,445060,R,605548,L,55,Double,6,1,170727_013932,55a299c9-a8e4-473d-88a2-fed0c1c9af32,0,0,2,B,Ball,SL,13,2.0,3.38,1.61,79.4,73.5,56.23,-1.26,50.0,5.65,-1.57,1.88,1.78,-0.16,-1.23,-115.33,-1.52,2.42,19.73,-32.39,3.6,9.6,24.0,2266,54,457706,,,,605548,,1,0,0,bottom
2017-07-26,491612,7,445060,R,605548,L,55,Double,6,2,170727_013954,d77428f9-65c5-4fee-b520-c7a64c7cdf73,1,1,2,C,Called Strike,SL,13,2.0,3.24,1.49,79.0,72.9,51.8,-1.28,50.0,5.61,-0.62,1.42,2.41,-2.53,0.79,-114.74,-1.63,3.22,21.13,-35.55,4.8,10.8,24.0,2259,34,457706,,,,605548,,1,0,0,bottom
2017-07-26,491612,7,445060,R,605548,L,55,Double,6,3,170727_014021,924a7383-1ac6-4dc3-b282-511ed99783a1,1,1,2,S,Swinging Strike,FT,11,2.0,3.73,1.45,91.4,83.7,59.45,-0.89,50.0,5.65,-0.73,3.33,-7.89,8.42,3.11,-132.74,-2.86,-14.15,27.11,-17.08,37.2,4.8,24.0,1867,225,457706,,,,605548,,1,0,0,bottom
2017-07-26,491612,7,445060,R,605548,L,55,Double,6,4,170727_014049,ea874959-dab5-4f74-a9fb-36b0e51cf82a,1,2,2,B,Ball,FF,13,2.0,3.48,1.66,91.7,84.2,59.41,-0.75,50.0,5.62,-0.57,1.26,-5.72,9.28,2.41,-133.07,-8.55,-10.29,27.56,-15.47,30.0,4.8,24.0,2143,215,457706,,,,605548,,1,0,0,bottom
2017-07-26,491612,7,445060,R,605548,L,55,Double,6,5,170727_014155,22a7675b-84c6-4dee-b0b5-bbd5404bf033,2,2,2,B,Ball,SL,13,2.0,3.4,1.65,81.8,75.4,15.44,-1.09,50.0,5.56,-0.09,0.65,1.56,0.13,1.88,-118.78,-4.68,2.23,22.73,-31.98,4.8,9.6,24.0,2392,55,457706,,,,605548,,1,0,0,bottom
2017-07-26,491612,7,445060,R,605548,L,55,Double,6,6,170727_014238,6f62c625-8adf-49fc-986a-9af64be2e39c,3,2,2,E,In play- run(s),SL,11,2.0,3.73,1.45,77.4,70.9,44.94,-1.35,50.0,5.61,-0.97,2.77,3.97,2.25,-0.3,-112.3,0.31,5.07,20.37,-29.3,9.6,9.6,24.0,2136,109,457706,,,,605548,,1,0,0,bottom
2017-08-01,491689,1,445060,R,514917,L,0,Single,2,1,170802_020850,01e34dbd-11c6-41b4-b7b8-2a6d76f15f71,0,1,0,C,Called Strike,FF,14,2.0,3.35,1.55,89.2,82.1,59.95,-0.6,50.0,6.02,0.19,1.49,-4.62,10.27,3.57,-129.36,-8.74,-7.89,25.04,-14.64,24.0,4.8,24.0,2160,206,,,,514917,,,0,0,0,top
2017-08-01,491689,1,445060,R,514917,L,0,Single,2,2,170802_020904,2345e507-8847-48b2-b677-286bd711285d,0,1,0,D,In play- no out,FT,11,2.0,3.14,1.34,89.5,82.6,34.28,-0.81,50.0,6.04,-1.29,2.72,-9.35,6.45,1.89,-130.05,-4.47,-16.15,25.02,-21.04,36.0,6.0,24.0,2025,239,,,,514917,,,0,0,0,top
2017-08-01,491689,1,445060,R,520471,L,1,Flyout,5,1,170802_020942,087aff39-28b2-48a3-91f5-06646682862a,0,1,0,C,Called Strike,FT,4,2.0,3.22,1.44,89.4,82.5,50.88,-0.62,50.0,6.0,-0.62,2.26,-8.33,5.86,2.78,-129.87,-5.32,-14.35,25.1,-22.09,31.2,6.0,24.0,2093,240,514917,,,514917,,,0,1,0,top
2017-08-01,491689,1,445060,R,520471,L,1,Flyout,5,2,170802_021002,1409ecda-341f-4039-aaf8-e1278a901f73,0,2,0,F,Foul,KC,9,2.0,3.02,1.27,74.5,68.3,59.61,-0.93,50.0,6.23,0.54,1.36,6.86,-9.87,1.23,-107.99,-0.01,7.97,21.44,-43.65,10.8,15.6,24.0,2699,33,514917,,,514917,,,0,1,0,top
2017-08-01,491689,1,445060,R,520471,L,1,Flyout,5,3,170802_021024,4b496dfd-fbc0-49cd-adaa-6f90e02b56a0,0,2,0,B,Ball,FT,11,2.0,3.14,1.59,88.9,81.1,41.47,-0.81,50.0,6.12,-1.8,3.19,-7.04,6.92,-0.17,-129.13,-3.44,-11.86,27.58,-20.52,28.8,6.0,24.0,2172,231,514917,,,514917,,,0,1,0,top
2017-08-01,491689,1,445060,R,520471,L,1,Flyout,5,4,170802_021046,efdb4059-2f36-4d77-8e1b-97f66f377c06,1,2,0,B,Ball,FT,11,2.0,3.19,1.44,89.5,82.0,44.97,-0.91,50.0,6.07,-2.25,3.23,-9.27,5.27,-0.35,-130.0,-2.78,-15.87,27.04,-23.15,33.6,7.2,24.0,2020,245,514917,,,514917,,,0,1,0,top
2017-08-01,491689,1,445060,R,520471,L,1,Flyout,5,5,170802_021122,b9ed74e5-d811-4c29-9601-0863452847a9,2,2,0,X,In play- out(s),SL,5,2.0,3.02,1.27,79.7,73.2,22.16,-0.91,50.0,6.08,0.1,2.2,2.6,-4.99,1.54,-115.67,-0.31,3.51,22.27,-38.91,6.0,12.0,24.0,2513,25,514917,,,514917,,,0,1,0,top
2017-08-01,491689,1,445060,R,571437,R,2,Field Error,4,1,170802_021154,aeedc2d4-047c-438b-b946-fbd7e994cf15,0,0,1,S,Swinging Strike,SL,14,2.0,3.79,1.62,82.5,76.5,73.77,-0.72,50.0,5.85,1.01,0.63,1.87,-0.36,3.51,-119.8,-5.47,2.73,22.24,-32.69,6.0,9.6,24.0,2301,52,514917,,,571437,,514917,0,0,0,top
2017-08-01,491689,1,445060,R,571437,R,2,Field Error,4,2,170802_021218,0cc0d2a9-0ba8-41f6-a7f5-9c6a22529988,0,1,1,B,Ball,SL,14,2.0,3.99,1.92,80.5,74.1,59.01,-0.77,50.0,5.93,1.17,1.51,2.38,-0.69,3.77,-116.82,-3.02,3.28,22.27,-33.13,6.0,9.6,24.0,2462,56,514917,,,571437,,514917,0,0,0,top
2017-08-01,491689,1,445060,R,571437,R,2,Field Error,4,3,170802_021244,aae2e82d-d972-4f27-b4e0-9ad3b4880abc,1,1,1,B,Ball,FT,13,2.0,3.99,1.97,90.5,82.8,23.74,-0.51,50.0,5.73,-0.02,0.32,-11.71,5.41,5.19,-131.0,-9.57,-20.28,28.48,-22.8,37.2,7.2,24.0,2044,252,514917,,,571437,,514917,0,0,0,top
2017-08-01,491689,1,445060,R,571437,R,2,Field Error,4,4,170802_021321,3655cf2d-1e87-4f23-8f50-ffa7036984ba,2,1,1,D,In play- no out,SL,9,2.0,3.79,1.62,80.4,74.2,38.55,-0.87,50.0,6.0,0.33,2.08,2.49,-1.16,2.01,-116.79,-1.73,3.45,21.48,-33.78,6.0,9.6,24.0,2248,52,514917,,,571437,,514917,0,0,0,top
2017-08-01,491689,1,445060,R,571830,R,3,Single,2,1,170802_021418,f4adbd3d-5e43-4b1b-999b-6aeef9be15be,0,1,1,C,Called Strike,FT,14,2.0,3.39,1.72,89.6,82.9,74.95,-0.37,50.0,5.83,1.07,1.65,-7.92,4.17,6.37,-130.08,-5.94,-13.71,24.65,-24.96,25.2,7.2,24.0,1691,248,571437,,514917,571830,571437,,1,0,0,top
2017-08-01,491689,1,445060,R,571830,R,3,Single,2,2,170802_021443,3a82498e-1a1f-4a6f-aab4-acbf24533013,0,1,1,E,In play- run(s),FT,9,2.0,3.27,1.42,91.6,84.7,53.15,-0.63,50.0,5.78,0.3,1.51,-9.09,5.13,5.58,-132.9,-6.91,-16.43,25.63,-22.9,32.4,6.0,24.0,1905,245,571437,,514917,571830,571437,,1,0,0,top
2017-08-01,491689,1,445060,R,546318,L,4,Pop Out,2,1,170802_021531,85206da8-91d7-4717-91a7-cfad820ce6bc,0,1,1,C,Called Strike,FS,8,2.0,3.2,1.4,81.6,75.6,75.95,-1.05,50.0,5.8,0.2,1.86,-4.79,2.24,4.4,-118.45,-3.09,-6.88,20.43,-28.96,12.0,8.4,24.0,1430,255,571830,571437,,571830,571437,,0,1,-1,top
2017-08-01,491689,1,445060,R,546318,L,4,Pop Out,2,2,170802_021605,a30c1352-5cc5-4b85-bf3a-0c4e6b51fff8,0,1,1,X,In play- out(s),FS,4,2.0,3.19,1.4,80.2,74.6,24.25,-1.06,50.0,6.06,-0.49,2.19,-6.47,-1.19,3.27,-116.6,-1.64,-9.02,19.42,-33.83,14.4,9.6,24.0,1168,288,571830,571437,,571830,571437,,0,1,-1,top
2017-08-01,491689,1,445060,R,596748,R,5,Strikeout,5,1,170802_021648,95415619-896c-41a1-86bb-3d0248d193cf,0,0,2,B,Ball,SL,14,2.0,3.32,1.5,82.4,76.4,64.28,-0.61,50.0,5.94,1.63,1.34,1.03,0.73,4.99,-119.62,-4.32,1.5,21.47,-31.11,3.6,8.4,24.0,2246,72,571830,571437,,,,,0,1,-1,top
2017-08-01,491689,1,445060,R,596748,R,5,Strikeout,5,2,170802_021704,9b2926b5-b4a5-4f6a-947d-a2bc7cd9d09e,1,1,2,C,Called Strike,SL,5,2.0,3.43,1.5,83.0,76.4,14.79,-0.84,50.0,6.01,-0.04,2.51,2.49,-1.0,1.13,-120.56,-1.27,3.68,22.87,-33.66,6.0,9.6,24.0,1179,53,571830,571437,,,,,0,1,-1,top
2017-08-01,491689,1,445060,R,596748,R,5,Strikeout,5,3,170802_021724,46182a9e-7a1e-49f2-9321-3f9ef8f93004,2,1,2,*B,Ball In Dirt,SL,14,2.0,3.42,1.55,82.6,76.4,16.55,-0.64,50.0,5.88,2.03,0.91,1.78,-1.86,5.77,-119.82,-4.41,2.58,22.91,-34.89,6.0,9.6,24.0,2299,38,571830,571437,,,,,0,1,-1,top
2017-08-01,491689,1,445060,R,596748,R,5,Strikeout,5,4,170802_021756,67b9b70f-ba5c-4ec9-8fbe-a6fce0df068c,2,2,2,C,Called Strike,FT,14,2.0,3.43,1.7,91.0,84.4,62.73,-0.48,50.0,5.8,0.94,2.04,-7.51,2.79,6.3,-132.2,-4.72,-13.49,24.4,-27.17,24.0,7.2,24.0,1959,256,571830,571437,,,,,0,1,-1,top
2017-08-01,491689,1,445060,R,596748,R,5,Strikeout,5,5,170802_021819,eb52b332-24f3-4a0a-b4d6-a59740b042f0,2,2,2,S,Swinging Strike,SL,14,2.0,3.16,1.3,81.2,75.4,50.39,-0.76,50.0,5.87,0.77,1.86,3.35,-1.66,2.56,-118.02,-1.99,4.76,20.62,-34.53,8.4,9.6,24.0,2418,53,571830,571437,,,,,0,1,-1,top
2017-08-01,491689,2,445060,R,608384,L,9,Strikeout,3,1,170802_022845,c09eb93a-d999-4721-b8e2-79488ce38f82,0,1,0,C,Called Strike,KC,4,2.0,3.22,1.4,73.9,68.3,66.15,-1.04,50.0,6.35,-0.4,2.6,4.7,-7.14,0.05,-107.26,1.62,5.47,18.46,-40.5,7.2,14.4,24.0,2489,30,,,,,,,0,1,-1,top
2017-08-01,491689,2,445060,R,608384,L,9,Strikeout,3,2,170802_022901,8b5802e2-cfb9-440d-84e6-d3475c9839f0,0,1,0,S,Swinging Strike,FS,13,2.0,3.67,1.4,80.3,74.5,34.57,-0.91,50.0,5.8,-0.2,1.26,-7.99,2.7,4.05,-116.54,-4.34,-11.11,19.75,-28.42,20.4,8.4,24.0,1401,259,,,,,,,0,1,-1,top
2017-08-01,491689,2,445060,R,608384,L,9,Strikeout,3,3,170802_022919,347a9c22-1b3b-4c20-94cb-ace2871d4d9b,0,2,0,S,Swinging Strike,FS,9,2.0,3.67,1.4,80.0,74.1,28.73,-1.0,50.0,5.95,0.24,1.56,-6.87,1.89,4.92,-116.13,-3.69,-9.47,19.91,-29.58,15.6,9.6,24.0,1356,264,,,,,,,0,1,-1,top
2017-08-01,491689,2,445060,R,547957,L,10,Double,5,1,170802_022949,7c951537-05ad-4561-b037-9a44a4506bdc,0,1,1,F,Foul,FF,7,2.0,3.42,1.46,89.6,82.6,70.22,-0.84,50.0,6.02,-0.71,1.83,-4.83,8.02,1.95,-130.13,-7.24,-8.34,25.51,-18.32,21.6,4.8,24.0,2109,215,,,,,547957,,0,0,-1,top
2017-08-01,491689,2,445060,R,547957,L,10,Double,5,2,170802_023013,4702eb73-1ffc-4fcc-a938-9887d58ca248,0,2,1,F,Foul,KC,8,2.0,3.42,1.46,74.2,68.5,44.83,-0.96,50.0,6.32,0.18,1.73,6.39,-8.33,0.67,-107.7,0.13,7.47,19.59,-41.91,9.6,14.4,24.0,2436,35,,,,,547957,,0,0,-1,top
2017-08-01,491689,2,445060,R,547957,L,10,Double,5,3,170802_023031,706d4fe8-3fbd-4960-9ce9-5dbef0635ca1,0,2,1,B,Ball,FT,14,2.0,3.42,1.5,91.6,83.9,27.69,-0.37,50.0,6.05,1.57,2.25,-9.05,6.86,8.19,-132.73,-6.18,-16.21,27.46,-19.9,34.8,6.0,24.0,2015,236,,,,,547957,,0,0,-1,top
2017-08-01,491689,2,445060,R,547957,L,10,Double,5,4,170802_023043,189f16fe-687e-4bdf-a6f4-2bd03f1842f3,1,2,1,B,Ball,FS,13,2.0,3.72,1.7,80.3,75.0,56.57,-1.18,50.0,5.89,-0.91,1.33,-7.9,-0.28,3.0,-116.72,-3.56,-11.06,18.9,-32.57,18.0,9.6,24.0,1409,280,,,,,547957,,0,0,-1,top
2017-08-01,491689,2,445060,R,547957,L,10,Double,5,5,170802_023105,4eba5737-b712-4ab1-930b-2e1756e95f27,2,2,1,D,In play- no out,SL,9,2.0,3.42,1.46,80.5,74.4,35.93,-1.02,50.0,5.97,0.57,2.07,2.24,-2.25,2.99,-116.9,-1.38,3.11,21.13,-35.3,6.0,10.8,24.0,2337,39,,,,,547957,,0,0,-1,top
2017-08-01,491689,2,445060,R,595284,L,11,Lineout,1,1,170802_023201,38c1bf0f-42be-469f-be53-20e404f9d8c7,0,0,1,X,In play- out(s),FT,4,2.0,3.65,1.39,89.0,81.9,52.53,-0.77,50.0,5.9,-0.58,2.22,-8.13,5.55,3.21,-129.24,-4.98,-13.83,25.38,-22.73,28.8,6.0,24.0,1999,240,,547957,,,547957,,0,1,-1,top
2017-08-01,491689,2,445060,R,514917,L,12,Field Error,3,1,170802_023229,095bf560-ac53-4c14-bd2a-3dd552493a5f,0,0,2,B,Ball,FT,13,2.0,3.37,1.49,90.1,83.0,64.93,-0.89,50.0,5.78,-1.26,1.93,-9.23,5.23,2.17,-130.84,-5.53,-16.1,26.05,-23.05,33.6,7.2,24.0,2050,246,,547957,,514917,,547957,0,0,-1,top
2017-08-01,491689,2,445060,R,514917,L,12,Field Error,3,2,170802_023247,91ae8198-041f-4df9-8b76-5e7ab123e302,1,0,2,S,Swinging Strike,FS,7,2.0,3.14,1.34,80.6,74.8,32.25,-1.04,50.0,5.8,-0.51,1.88,-7.65,1.42,3.55,-117.09,-2.61,-10.75,19.68,-30.18,18.0,9.6,24.0,1564,267,,547957,,514917,,547957,0,0,-1,top
2017-08-01,491689,2,445060,R,514917,L,12,Field Error,3,3,170802_023310,b84f37c5-2838-493b-ae2a-23b4c8d8e8e1,1,1,2,D,In play- no out,FS,13,2.0,3.14,1.34,81.0,74.8,45.89,-1.22,50.0,5.75,-0.82,1.6,-9.83,1.2,3.9,-117.62,-3.1,-13.82,21.42,-30.48,22.8,9.6,24.0,1623,269,,547957,,514917,,547957,0,0,-1,top
2017-08-01,491689,2,445060,R,520471,L,13,Forceout,3,1,170802_023357,c8ce8ed9-708f-4052-abd5-0d695cef96f8,1,0,2,*B,Ball In Dirt,KC,14,2.0,3.29,1.54,75.1,69.2,58.15,-0.85,50.0,6.05,1.97,0.95,9.67,-4.77,3.35,-108.92,-2.09,11.49,21.0,-37.84,16.8,13.2,24.0,2684,59,514917,,547957,,,,0,1,-1,top
2017-08-01,491689,2,445060,R,520471,L,13,Forceout,3,2,170802_023428,06b735dc-c849-428e-8cb2-7944751ec1a7,1,0,2,B,Ball,FS,11,2.0,3.19,1.44,80.0,74.8,41.81,-1.05,50.0,5.96,-1.03,2.56,-5.18,-1.42,1.61,-116.41,-0.49,-7.24,17.99,-34.16,12.0,9.6,24.0,1325,293,514917,,547957,,,,0,1,-1,top
2017-08-01,491689,2,445060,R,520471,L,13,Forceout,3,3,170802_023452,7ac28e3a-046c-4388-a992-ca1fcc0e56b9,2,0,2,X,In play- out(s),FT,1,2.0,3.02,1.27,90.4,82.9,51.37,-0.74,50.0,5.84,-0.56,2.57,-8.47,5.5,3.31,-131.27,-4.15,-14.82,27.03,-22.55,31.2,6.0,24.0,1926,241,514917,,547957,,,,0,1,-1,top
2017-08-01,491689,3,445060,R,571437,R,18,Strikeout,5,1,170802_024914,b6623039-8687-4291-9a30-3b7a4038a84f,0,1,0,C,Called Strike,SL,7,2.0,4.05,1.82,80.2,73.4,64.73,-1.07,50.0,6.05,-0.27,2.22,0.75,-1.3,1.61,-116.35,-1.38,1.03,22.7,-33.95,2.4,9.6,24.0,2282,22,,,,,,,0,1,-1,top
2017-08-01,491689,3,445060,R,571437,R,18,Strikeout,5,2,170802_024927,7534ef48-0e10-4ae9-a7d7-8a8019f5c0cf,0,1,0,S,Swinging Strike,SL,14,2.0,3.79,1.62,80.1,73.5,54.04,-0.83,50.0,6.06,0.69,1.6,2.08,-3.27,2.87,-116.22,-2.22,2.83,22.96,-36.62,4.8,10.8,24.0,2282,28,,,,,,,0,1,-1,top
2017-08-01,491689,3,445060,R,571437,R,18,Strikeout,5,3,170802_024941,8de5f251-0301-49e3-9123-2b54686bc106,0,2,0,B,Ball,FT,14,2.0,4.04,1.97,89.8,83.3,29.33,-0.43,50.0,5.82,1.41,0.66,-9.18,5.71,7.84,-130.1,-9.0,-15.94,23.96,-22.26,31.2,6.0,24.0,2021,243,,,,,,,0,1,-1,top
2017-08-01,491689,3,445060,R,571437,R,18,Strikeout,5,4,170802_025000,c65845ba-17af-4b6b-a1b0-5383adf2c589,1,2,0,F,Foul,SL,14,2.0,3.79,1.62,79.5,73.5,40.36,-0.9,50.0,6.0,0.1,1.43,-0.35,-2.98,2.39,-115.48,-2.49,-0.48,21.13,-36.21,0.0,10.8,24.0,2324,359,,,,,,,0,1,-1,top
2017-08-01,491689,3,445060,R,571437,R,18,Strikeout,5,5,170802_025021,5d6d8d30-1ed6-4d54-841b-2a449bde663e,1,3,0,W,Swinging Strike (Blocked),FS,14,2.0,3.79,1.62,80.3,73.9,38.2,-0.82,50.0,5.75,0.99,0.45,-7.68,4.4,6.44,-116.24,-6.46,-10.52,21.54,-26.15,19.2,8.4,24.0,1360,248,,,,,,,0,1,-1,top
2017-08-01,491689,3,445060,R,571830,R,19,Double,4,1,170802_025056,ac0197bd-2282-45de-9c1b-0c28506d79ce,0,1,1,C,Called Strike,SL,2,2.0,3.5,1.67,81.3,74.7,51.0,-1.01,50.0,6.13,0.02,2.91,0.66,-0.54,2.2,-117.98,-0.46,0.93,21.93,-32.94,2.4,9.6,24.0,2392,32,,,,,571830,,0,0,-1,top
2017-08-01,491689,3,445060,R,571830,R,19,Double,4,2,170802_025110,31285aa2-8b62-4b5e-acf9-e9a94ad4684d,0,1,1,B,Ball,SL,14,2.0,3.42,1.67,81.9,75.5,31.74,-0.65,50.0,5.98,1.56,1.4,1.33,-1.61,4.79,-118.88,-3.38,1.9,22.95,-34.48,4.8,9.6,24.0,2383,34,,,,,571830,,0,0,-1,top
2017-08-01,491689,3,445060,R,571830,R,19,Double,4,3,170802_025127,3f3d65f4-7415-46a5-b6fc-92676f3c3f3e,1,1,1,B,Ball,KC,14,2.0,3.37,1.67,75.5,70.2,33.06,-0.68,50.0,6.05,2.45,0.44,6.67,-7.08,4.88,-109.68,-2.69,8.09,20.16,-40.77,12.0,14.4,24.0,2613,41,,,,,571830,,0,0,-1,top
2017-08-01,491689,3,445060,R,571830,R,19,Double,4,4,170802_025155,9d7f83ae-331f-4a14-9215-9a6e36d3bbef,2,1,1,D,In play- no out,FF,5,2.0,3.27,1.42,90.1,82.7,24.8,-0.55,50.0,6.0,-0.08,2.54,-6.19,8.24,3.3,-130.85,-5.5,-10.79,26.25,-17.81,28.8,4.8,24.0,2229,219,,,,,571830,,0,0,-1,top
2017-08-01,491689,3,445060,R,546318,L,20,Groundout,7,1,170802_025246,ef4f4907-4706-4072-954b-240eb921f641,0,1,1,C,Called Strike,FF,7,2.0,3.25,1.55,89.0,81.2,68.51,-0.79,50.0,5.9,-0.5,1.59,-4.23,9.52,2.13,-128.98,-7.79,-7.11,27.3,-16.17,20.4,4.8,24.0,2039,207,,571830,,,,571830,0,1,-1,top
2017-08-01,491689,3,445060,R,546318,L,20,Groundout,7,2,170802_025313,c4408960-eb7a-4013-9659-b7d9f555dea0,0,2,1,F,Foul,FS,14,2.0,3.19,1.4,80.2,73.8,45.14,-0.83,50.0,5.82,0.4,1.16,-7.9,1.37,5.19,-116.28,-4.12,-10.83,21.53,-30.3,18.0,9.6,24.0,1323,269,,571830,,,,571830,0,1,-1,top
2017-08-01,491689,3,445060,R,546318,L,20,Groundout,7,3,170802_025351,db6fc361-7317-4a69-b06a-c6b37a9f83e3,0,2,1,B,Ball,FS,13,2.0,3.21,1.42,79.8,74.2,16.11,-1.19,50.0,5.84,-1.58,1.76,-7.98,-2.01,1.49,-115.99,-1.79,-10.98,19.62,-34.94,16.8,10.8,24.0,1367,291,,571830,,,,571830,0,1,-1,top
2017-08-01,491689,3,445060,R,546318,L,20,Groundout,7,4,170802_025429,7d859941-9f06-4da9-b626-b5f3d87e1a81,1,2,1,F,Foul,FS,11,2.0,3.19,1.4,80.7,74.9,38.71,-1.21,50.0,5.85,-1.02,2.51,-7.41,0.48,2.67,-117.32,-1.01,-10.45,19.61,-31.5,18.0,9.6,24.0,1569,273,,571830,,,,571830,0,1,-1,top
2017-08-01,491689,3,445060,R,546318,L,20,Groundout,7,5,170802_025508,29e662b4-e1be-4130-836d-d64d3565c03d,1,2,1,B,Ball,FT,13,2.0,3.21,1.42,90.1,83.6,68.58,-0.94,50.0,5.78,-1.05,1.49,-9.37,4.9,2.89,-130.88,-6.62,-16.46,24.4,-23.57,32.4,7.2,24.0,1999,248,,571830,,,,571830,0,1,-1,top
2017-08-01,491689,3,445060,R,546318,L,20,Groundout,7,6,170802_025537,fdb6d9e0-8801-4638-869c-7432d0b191ae,2,2,1,F,Foul,SL,13,2.0,3.19,1.4,80.2,75.0,47.65,-1.3,50.0,5.9,-0.32,1.27,1.7,-3.77,1.75,-116.72,-2.65,2.37,19.49,-37.44,3.6,10.8,24.0,2231,21,,571830,,,,571830,0,1,-1,top
2017-08-01,491689,3,445060,R,546318,L,20,Groundout,7,7,170802_025631,34520b57-74ab-42aa-8897-06f35bcbc64a,2,2,1,X,In play- out(s),FF,5,2.0,3.19,1.4,90.3,82.7,23.03,-0.56,50.0,6.0,0.1,2.17,-4.16,8.69,3.12,-131.01,-6.61,-7.24,27.18,-17.04,20.4,4.8,24.0,2064,207,,571830,,,,571830,0,1,-1,top
2017-08-01,491689,3,445060,R,596748,R,21,Strikeout,4,1,170802_025729,d9de96ac-990d-4f01-8811-4f9d13b428d4,0,0,2,B,Ball,FT,14,2.0,3.37,1.5,90.7,83.5,76.76,-0.66,50.0,5.79,0.88,1.13,-9.13,3.64,7.08,-131.43,-7.15,-16.06,26.39,-25.77,28.8,7.2,24.0,1862,255,,,571830,,,,0,1,-1,top
2017-08-01,491689,3,445060,R,596748,R,21,Strikeout,4,2,170802_025749,828e1853-6636-42c5-9cd3-2dab4c2d11a7,1,1,2,C,Called Strike,SL,14,2.0,3.29,1.51,81.3,75.4,62.38,-0.75,50.0,5.92,0.97,1.56,2.4,-1.32,3.31,-118.13,-2.9,3.41,21.0,-34.06,6.0,9.6,24.0,2271,48,,,571830,,,,0,1,-1,top
2017-08-01,491689,3,445060,R,596748,R,21,Strikeout,4,3,170802_025813,7743c2b9-fba3-486c-a70b-049de6700af1,1,1,2,S,Swinging Strike,FS,8,2.0,3.16,1.3,81.0,75.1,24.41,-0.91,50.0,5.81,0.04,1.44,-7.16,2.18,4.37,-117.59,-3.94,-10.11,20.38,-29.09,18.0,8.4,24.0,1429,262,,,571830,,,,0,1,-1,top
2017-08-01,491689,3,445060,R,596748,R,21,Strikeout,4,4,170802_025842,298b1f67-e956-451e-b7f3-ac269da39b4e,1,2,2,S,Swinging Strike,FF,12,2.0,3.16,1.3,92.7,84.7,26.85,-0.4,50.0,6.0,1.99,2.72,-3.62,9.72,7.59,-134.34,-6.0,-6.64,28.4,-14.36,18.0,3.6,24.0,2163,198,,,571830,,,,0,1,-1,top
2017-08-01,491689,4,445060,R,608384,L,27,Single,5,1,170802_031537,ef5f96d0-2891-4447-9fe1-48473bd89dd8,0,0,0,S,Swinging Strike,FS,4,2.0,3.67,1.4,78.9,73.5,80.75,-1.02,50.0,6.08,-0.53,2.64,-4.96,3.07,2.6,-114.63,-1.69,-6.72,17.82,-28.02,13.2,8.4,24.0,1395,245,,,,608384,,,0,0,-1,top
2017-08-01,491689,4,445060,R,608384,L,27,Single,5,2,170802_031553,c8af6bd6-e5e1-4b8a-be01-b9464569189f,0,2,0,F,Foul,FS,14,2.0,3.67,1.4,79.0,73.7,36.86,-0.94,50.0,5.89,0.38,1.0,-5.17,2.9,4.53,-114.72,-4.95,-6.98,18.43,-28.26,12.0,8.4,24.0,1540,251,,,,608384,,,0,0,-1,top
2017-08-01,491689,4,445060,R,608384,L,27,Single,5,3,170802_031619,9456768e-b40c-4fbb-93ff-9b26f36f1ea6,0,2,0,B,Ball,FS,13,2.0,3.27,1.6,79.4,74.1,53.26,-1.2,50.0,5.85,-1.05,1.24,-7.96,1.14,2.73,-115.41,-3.9,-10.89,18.52,-30.61,18.0,9.6,24.0,1459,270,,,,608384,,,0,0,-1,top
2017-08-01,491689,4,445060,R,608384,L,27,Single,5,4,170802_031634,54b8fa62-5dbc-43de-a281-7bdfacc1a6f6,1,2,0,B,Ball,KC,14,2.0,3.22,1.45,74.5,69.3,33.18,-0.92,50.0,5.98,1.48,-0.59,7.03,-8.47,3.16,-108.18,-4.07,8.24,20.59,-42.11,10.8,15.6,24.0,2560,37,,,,608384,,,0,0,-1,top
2017-08-01,491689,4,445060,R,608384,L,27,Single,5,5,170802_031703,4d52bac7-885a-4da7-992f-b2b489f7b5c2,2,2,0,D,In play- no out,FT,9,2.0,3.67,1.4,88.9,82.4,47.97,-0.78,50.0,5.78,0.53,2.16,-6.98,4.93,5.68,-129.1,-4.66,-11.94,23.35,-23.73,24.0,6.0,24.0,2013,238,,,,608384,,,0,0,-1,top
2017-08-01,491689,4,445060,R,547957,L,28,Flyout,5,1,170802_031735,5106e180-aa0f-4b61-bfde-ec252d5decc5,0,1,0,C,Called Strike,FT,9,2.0,3.52,1.5,86.7,80.2,53.49,-1.44,50.0,5.66,0.5,2.01,-8.82,4.1,7.69,-125.77,-3.99,-14.3,22.63,-25.53,26.4,7.2,24.0,1921,249,608384,,,608384,,,0,1,-1,top
2017-08-01,491689,4,445060,R,547957,L,28,Flyout,5,2,170802_031901,6ff76d4e-5513-4709-bb17-d877570e51fd,0,2,0,C,Called Strike,FS,13,2.0,3.46,1.6,80.3,74.3,34.25,-0.96,50.0,5.83,-0.21,1.48,-7.34,3.14,3.94,-116.52,-4.0,-10.18,20.04,-27.82,18.0,8.4,24.0,1552,254,608384,,,608384,,,0,1,-1,top
2017-08-01,491689,4,445060,R,547957,L,28,Flyout,5,3,170802_031932,18bdcc0d-cce9-49ea-a337-f7c3603c878c,0,2,0,X,In play- out(s),FF,12,2.0,3.42,1.46,89.5,81.9,43.41,-0.66,50.0,6.15,0.74,2.45,-4.65,8.97,5.15,-129.83,-6.23,-7.96,26.56,-16.83,21.6,4.8,24.0,2133,208,608384,,,608384,,,0,1,-1,top
2017-08-01,491689,4,445060,R,595284,L,29,Grounded Into DP,5,1,170802_032011,0ef7f659-7662-496f-8e9d-5b1efcd9fae5,0,0,1,S,Swinging Strike,FS,8,2.0,3.59,1.36,80.3,74.6,76.94,-0.94,50.0,5.93,-0.17,1.84,-4.43,3.76,3.11,-116.63,-3.67,-6.18,19.21,-26.93,12.0,8.4,24.0,1317,237,608384,,,,,,0,2,-1,top
2017-08-01,491689,4,445060,R,595284,L,29,Grounded Into DP,5,2,170802_032037,620e9256-8c60-41fc-b0f0-de259a8a0124,0,1,1,B,Ball,FF,14,2.0,3.49,1.66,89.2,82.2,25.09,-0.52,50.0,5.88,0.21,1.02,-6.18,7.03,3.93,-129.29,-8.52,-10.54,25.17,-20.19,24.0,6.0,24.0,2077,226,608384,,,,,,0,2,-1,top
2017-08-01,491689,4,445060,R,595284,L,29,Grounded Into DP,5,3,170802_032138,3f53d45d-49f9-4e88-ab6a-91b3b6e93a21,1,1,1,X,In play- out(s),FS,7,2.0,3.59,1.36,79.6,73.5,50.85,-1.03,50.0,5.73,-0.65,1.41,-7.76,1.36,3.16,-115.55,-3.22,-10.53,20.75,-30.33,18.0,9.6,24.0,1426,268,608384,,,,,,0,2,-1,top
2017-08-01,491689,5,445060,R,514917,L,34,Flyout,4,1,170802_033658,23c479ae-e37c-4e04-88b4-b3783494ece2,0,0,0,B,Ball,KC,14,2.0,3.13,1.34,73.1,67.8,65.02,-1.05,50.0,6.25,1.53,1.27,5.34,-6.36,3.94,-106.07,-1.01,6.07,18.43,-39.41,9.6,14.4,24.0,2518,38,,,,,,,0,1,-1,top
2017-08-01,491689,5,445060,R,514917,L,34,Flyout,4,2,170802_033716,1b382a14-bcfb-4565-bc83-99f9b2caa05a,1,1,0,F,Foul,FS,8,2.0,3.14,1.34,79.0,73.1,30.28,-1.13,50.0,5.93,0.22,1.47,-8.37,2.9,5.55,-114.69,-3.89,-11.23,19.78,-28.28,19.2,9.6,24.0,1487,258,,,,,,,0,1,-1,top
2017-08-01,491689,5,445060,R,514917,L,34,Flyout,4,3,170802_033739,7a0505cd-005e-42a8-939d-5c6157ee1cce,1,2,0,C,Called Strike,FF,8,2.0,3.39,1.49,88.8,81.0,34.99,-0.74,50.0,5.95,0.2,1.86,-4.29,10.02,3.78,-128.67,-7.34,-7.17,27.12,-15.4,20.4,4.8,24.0,2112,204,,,,,,,0,1,-1,top
2017-08-01,491689,5,445060,R,514917,L,34,Flyout,4,4,170802_033805,0583a240-c433-4b6b-89f9-31701997c017,1,2,0,X,In play- out(s),FF,14,2.0,3.14,1.34,88.3,80.8,48.69,-0.82,50.0,5.88,1.03,2.23,-6.62,7.21,6.86,-127.96,-5.24,-11.0,25.66,-20.19,24.0,6.0,24.0,1894,224,,,,,,,0,1,-1,top
2017-08-01,491689,5,445060,R,520471,L,35,Walk,7,1,170802_033829,73bff900-c69e-4c80-bb5a-32fee2667f1f,0,1,1,C,Called Strike,SL,2,2.0,2.82,1.28,76.8,70.2,59.18,-1.28,50.0,6.03,-0.0,2.72,2.24,-1.88,2.17,-111.34,0.61,2.79,20.94,-34.53,4.8,10.8,24.0,2227,42,,,,520471,,,0,0,-1,top
2017-08-01,491689,5,445060,R,520471,L,35,Walk,7,2,170802_033845,555d38a1-decf-461b-9ccd-946fe50e76cd,0,1,1,B,Ball,FT,11,2.0,3.29,1.54,88.3,80.2,29.24,-0.67,50.0,6.19,-0.18,4.11,-6.67,6.81,3.42,-128.16,-1.13,-11.04,27.5,-20.89,26.4,6.0,24.0,2145,226,,,,520471,,,0,0,-1,top
2017-08-01,491689,5,445060,R,520471,L,35,Walk,7,3,170802_033858,2ae44921-a85d-4805-b109-cc957bb39234,1,1,1,B,Ball,FS,11,2.0,3.19,1.49,79.7,73.7,18.51,-1.4,50.0,6.0,-1.45,2.87,-6.93,-0.17,1.97,-115.8,-0.11,-9.49,19.95,-32.41,15.6,9.6,24.0,1408,278,,,,520471,,,0,0,-1,top
2017-08-01,491689,5,445060,R,520471,L,35,Walk,7,4,170802_033912,d8195f79-7100-4ab3-be16-3fc3d32c8089,2,2,1,F,Foul,FF,6,2.0,3.02,1.27,88.4,80.7,32.04,-0.9,50.0,5.88,0.26,1.86,-4.59,10.12,4.43,-128.15,-7.12,-7.63,26.82,-15.37,21.6,4.8,24.0,2096,205,,,,520471,,,0,0,-1,top
2017-08-01,491689,5,445060,R,520471,L,35,Walk,7,5,170802_033935,9e7c1620-d465-4222-9825-986843b4cb6f,2,2,1,B,Ball,FF,11,2.0,3.09,1.44,89.9,82.0,39.32,-0.87,50.0,6.0,-1.31,3.27,-5.32,7.31,0.63,-130.52,-3.22,-9.16,27.67,-19.58,24.0,4.8,24.0,2182,220,,,,520471,,,0,0,-1,top
2017-08-01,491689,5,445060,R,520471,L,35,Walk,7,6,170802_033952,8b3e2ea6-8fc5-4b4f-85e6-3a71bd3c6f42,3,2,1,F,Foul,FT,1,2.0,3.02,1.27,88.4,80.9,58.6,-0.96,50.0,5.93,-0.49,3.02,-8.34,5.58,3.96,-128.39,-2.88,-13.95,26.06,-22.83,28.8,6.0,24.0,1933,240,,,,520471,,,0,0,-1,top
2017-08-01,491689,5,445060,R,520471,L,35,Walk,7,7,170802_034016,3ae14b36-3bfd-40a2-a22c-e20b4ac3ff8d,3,2,1,B,Ball,SL,11,2.0,3.19,1.44,78.8,73.1,26.2,-1.46,50.0,5.92,-1.75,2.78,0.09,-3.79,-0.67,-114.48,1.07,0.12,18.98,-37.26,0.0,10.8,24.0,2205,0,,,,520471,,,0,0,-1,top
2017-08-01,491689,5,445060,R,571437,R,36,Grounded Into DP,2,1,170802_034103,b62d2779-37b3-43a0-91e4-e7367b019a8a,0,0,1,B,Ball,SL,14,2.0,4.09,2.02,81.9,76.1,60.38,-0.77,50.0,5.86,0.46,1.48,3.0,-0.84,1.98,-119.01,-3.25,4.34,20.91,-33.39,7.2,9.6,24.0,,58,520471,,,,,,0,2,-1,top
2017-08-01,491689,5,445060,R,571437,R,36,Grounded Into DP,2,2,170802_034125,daa3cf39-6986-422c-9a25-df1fdd270499,1,0,1,X,In play- out(s),SL,5,2.0,3.79,1.62,81.0,75.2,15.52,-1.09,50.0,5.97,-0.04,2.8,0.69,-2.65,2.23,-117.78,0.29,0.98,19.96,-35.94,2.4,10.8,24.0,2300,15,520471,,,,,,0,2,-1,top
2017-08-01,491689,6,445060,R,571830,R,43,Walk,7,1,170802_035946,cf2d644b-ee21-4dcb-a72f-b620042aa9ee,0,1,0,C,Called Strike,FF,14,2.0,3.42,1.71,89.1,82.2,76.14,-0.58,50.0,6.0,1.18,1.93,-3.67,8.63,5.74,-129.29,-7.03,-6.27,24.51,-17.43,15.6,4.8,24.0,1994,202,,,,571830,,,0,0,1,top
2017-08-01,491689,6,445060,R,571830,R,43,Walk,7,2,170802_040004,c03dc0d0-3c83-49bd-8c21-050b8574c3a2,0,1,0,B,Ball,FT,14,2.0,3.52,1.87,89.8,82.7,31.94,-0.39,50.0,5.91,1.65,1.33,-9.38,7.02,8.4,-130.09,-7.91,-16.2,25.36,-20.06,34.8,6.0,24.0,2121,237,,,,571830,,,0,0,1,top
2017-08-01,491689,6,445060,R,571830,R,43,Walk,7,3,170802_040020,4410809f-9202-4de5-921e-525485068480,1,1,0,B,Ball,FF,14,2.0,3.52,1.77,89.4,82.3,49.21,-0.66,50.0,5.88,1.23,1.04,-3.5,10.07,6.03,-129.57,-9.5,-5.99,25.24,-14.93,16.8,3.6,24.0,2162,198,,,,571830,,,0,0,1,top
2017-08-01,491689,6,445060,R,571830,R,43,Walk,7,4,170802_040034,828fd0c3-4535-4a71-91d7-5e2e563fa0d4,2,2,0,C,Called Strike,SL,14,2.0,3.39,1.63,80.1,74.3,61.15,-1.1,50.0,5.9,0.84,1.44,2.22,-0.45,3.79,-116.32,-3.15,3.06,20.39,-32.79,6.0,9.6,24.0,2383,59,,,,571830,,,0,0,1,top
2017-08-01,491689,6,445060,R,571830,R,43,Walk,7,5,170802_040055,48f99c75-29dc-4c96-87b1-f13924c70d46,2,2,0,F,Foul,FT,8,2.0,3.27,1.42,89.9,82.8,32.7,-0.65,50.0,5.86,-0.09,1.98,-8.86,4.65,4.43,-130.57,-5.35,-15.38,26.01,-24.1,30.0,7.2,24.0,2093,247,,,,571830,,,0,0,1,top
2017-08-01,491689,6,445060,R,571830,R,43,Walk,7,6,170802_040121,e0789c63-1ea9-43c0-9624-f2ef89bf46e7,2,2,0,B,Ball,SL,14,2.0,3.37,1.62,80.1,73.9,22.29,-0.84,50.0,5.93,1.84,0.69,2.34,-1.91,5.44,-116.18,-4.41,3.19,22.58,-34.78,6.0,10.8,24.0,2225,42,,,,571830,,,0,0,1,top
2017-08-01,491689,6,445060,R,571830,R,43,Walk,7,7,170802_040139,6c75e9ea-c061-4438-9638-88b1f6585fb9,3,2,0,B,Ball,SL,11,2.0,3.47,1.67,80.0,74.1,19.19,-1.43,50.0,6.04,-1.83,2.92,2.63,-2.28,-1.72,-116.21,0.48,3.63,19.86,-35.33,6.0,10.8,24.0,,38,,,,571830,,,0,0,1,top
2017-08-01,491689,6,445060,R,546318,L,44,Single,1,1,170802_040220,956e8dec-6f04-4fe0-be0c-9aa82f7d1212,0,0,0,D,In play- no out,FT,7,2.0,3.19,1.4,88.9,81.8,53.61,-0.68,50.0,5.85,-0.43,1.71,-7.59,5.65,3.16,-129.02,-6.13,-12.86,25.44,-22.6,27.6,6.0,24.0,1899,239,571830,,,546318,571830,,0,0,1,top
2017-08-01,491689,6,445060,R,596748,R,45,Flyout,6,1,170802_040409,377d83c0-8553-436b-a0bf-091da31125bd,1,0,0,*B,Ball In Dirt,SL,14,2.0,3.46,1.55,79.8,73.6,55.24,-0.82,50.0,5.95,1.34,0.02,2.88,0.17,4.07,-115.67,-6.52,3.88,22.38,-31.94,7.2,9.6,24.0,2240,65,546318,571830,,546318,571830,,0,1,1,top
2017-08-01,491689,6,445060,R,596748,R,45,Flyout,6,2,170802_040440,838cb635-bf0f-4145-9458-1031bff20e58,1,0,0,B,Ball,FT,14,2.0,3.46,1.6,89.2,82.3,42.2,-0.62,50.0,5.79,1.34,1.31,-6.63,6.35,7.23,-129.24,-7.3,-11.32,24.62,-21.34,24.0,6.0,24.0,1974,230,546318,571830,,546318,571830,,0,1,1,top
2017-08-01,491689,6,445060,R,596748,R,45,Flyout,6,3,170802_040502,55607a0b-8929-4dcc-99ea-794881026bbf,2,1,0,C,Called Strike,FT,14,2.0,3.42,1.5,90.3,83.0,67.1,-0.63,50.0,5.73,0.62,1.41,-7.81,5.3,5.86,-130.96,-6.75,-13.61,26.59,-22.94,27.6,6.0,24.0,1961,241,546318,571830,,546318,571830,,0,1,1,top
2017-08-01,491689,6,445060,R,596748,R,45,Flyout,6,4,170802_040529,9ab5c8db-5fca-421b-b6db-26108aae5946,2,2,0,F,Foul,SL,5,2.0,3.16,1.3,81.2,75.3,25.74,-0.96,50.0,5.89,0.13,1.98,0.33,-0.56,2.44,-117.98,-2.1,0.47,20.36,-32.97,1.2,9.6,24.0,2324,22,546318,571830,,546318,571830,,0,1,1,top
2017-08-01,491689,6,445060,R,596748,R,45,Flyout,6,5,170802_040555,22e79cfe-7e08-4d32-bd3e-d45d8861af4e,2,2,0,F,Foul,SL,14,2.0,3.16,1.3,80.5,75.3,55.86,-0.96,50.0,5.86,1.17,1.41,2.43,-3.83,4.23,-117.06,-2.25,3.41,19.42,-37.56,6.0,10.8,24.0,2300,31,546318,571830,,546318,571830,,0,1,1,top
2017-08-01,491689,6,445060,R,596748,R,45,Flyout,6,6,170802_040636,e10ae41e-9719-4ed7-a0bf-a668523c326d,2,2,0,X,In play- out(s),FF,2,2.0,3.16,1.3,90.5,83.4,33.75,-0.7,50.0,5.92,0.16,2.83,-4.29,6.97,3.69,-131.46,-4.25,-7.59,25.37,-19.87,18.0,4.8,24.0,2128,213,546318,571830,,546318,571830,,0,1,1,top
2017-08-01,491689,6,445060,R,608384,L,46,Flyout,2,1,170802_040727,09418f5f-88e7-4b63-b915-a0089f301127,0,1,1,F,Foul,KC,8,2.0,3.67,1.4,72.7,67.3,66.29,-1.18,50.0,6.1,0.06,1.42,8.24,-6.77,0.35,-105.62,-0.18,9.27,18.53,-39.8,13.2,14.4,24.0,2507,46,546318,571830,,546318,571830,,0,1,1,top
2017-08-01,491689,6,445060,R,608384,L,46,Flyout,2,2,170802_040806,4442419e-73ac-44e8-b576-add94c023c24,0,1,1,X,In play- out(s),FS,13,2.0,3.67,1.4,81.3,76.2,38.78,-1.08,50.0,5.71,-0.71,2.12,-6.2,-0.28,2.77,-118.26,-1.55,-8.97,17.74,-32.58,14.4,9.6,24.0,1318,280,546318,571830,,546318,571830,,0,1,1,top
2017-08-01,491689,6,445060,R,547957,L,47,Strikeout,6,1,170802_040854,fde01ff9-e3dd-4743-a9c0-988c48f6a2a2,0,0,2,B,Ball,FS,11,2.0,3.42,1.5,79.6,74.1,100.0,-1.27,50.0,6.01,-1.1,3.17,-6.8,0.53,2.44,-115.76,0.28,-9.39,18.21,-31.45,15.6,9.6,24.0,1233,271,546318,571830,,,,,0,1,1,top
2017-08-01,491689,6,445060,R,547957,L,47,Strikeout,6,2,170802_040913,cfbed412-1256-4883-8340-5aeb187acb22,1,0,2,S,Swinging Strike,FS,13,2.0,3.42,1.46,79.8,74.7,33.85,-0.97,50.0,5.76,-0.28,1.1,-5.59,1.01,3.27,-116.07,-4.1,-7.77,18.09,-30.78,13.2,9.6,24.0,1360,271,546318,571830,,,,,0,1,1,top
2017-08-01,491689,6,445060,R,547957,L,47,Strikeout,6,3,170802_040932,5e7a7d4b-0bee-437a-a28f-a1cb971feb3b,1,2,2,W,Swinging Strike (Blocked),FS,13,2.0,3.42,1.46,80.2,75.0,14.21,-1.11,50.0,5.66,-0.25,0.6,-8.47,0.31,4.55,-116.5,-4.85,-11.83,18.62,-31.74,19.2,9.6,24.0,1376,276,546318,571830,,,,,0,1,1,top
2017-08-01,491689,6,445060,R,547957,L,47,Strikeout,6,4,170802_040955,026fded9-0884-40f8-a656-312930953182,1,2,2,F,Foul,FS,14,2.0,3.42,1.46,80.3,75.2,32.94,-1.02,50.0,5.65,0.27,1.06,-5.26,-0.95,4.56,-116.7,-3.45,-7.38,18.35,-33.51,10.8,9.6,24.0,1232,292,546318,571830,,,,,0,1,1,top
2017-08-01,491689,6,445060,R,547957,L,47,Strikeout,6,5,170802_041022,edc1d8e6-7390-49e5-a878-cbde20a02812,1,2,2,B,Ball,FF,11,2.0,3.42,1.45,90.5,83.0,36.7,-1.01,50.0,6.08,-1.92,3.74,-3.39,6.87,-1.23,-131.48,-2.23,-5.97,26.39,-20.07,16.8,4.8,24.0,2106,210,546318,571830,,,,,0,1,1,top
2017-08-01,491689,6,445060,R,547957,L,47,Strikeout,6,6,170802_041045,b528e28e-b1a3-472c-8210-a5423c950914,2,2,2,S,Swinging Strike,FS,14,2.0,3.42,1.46,80.2,74.4,53.09,-1.17,50.0,5.73,0.66,1.13,-4.9,0.88,5.69,-116.46,-3.9,-6.78,20.27,-30.96,10.8,9.6,24.0,1328,275,546318,571830,,,,,0,1,1,top
2017-08-06,491761,1,445060,R,595144,L,0,Pop Out,2,1,170806_193814,d3dacb7d-43e8-4106-ab4f-357fee897b19,0,1,0,C,Called Strike,FF,1,2.0,3.26,1.47,90.2,82.7,68.53,-0.94,50.0,6.19,-0.6,3.04,-5.04,8.95,2.58,-130.92,-4.97,-8.79,26.45,-16.57,25.2,4.8,24.0,2110,211,,,,,,,0,1,0,top
2017-08-06,491761,1,445060,R,595144,L,0,Pop Out,2,2,170806_193827,dddbb69c-8bbe-49f0-9caa-1dbd471fb741,0,1,0,X,In play- out(s),FS,8,2.0,3.42,1.64,80.0,74.5,27.22,-1.09,50.0,6.05,-0.06,1.81,-5.82,0.77,4.13,-116.26,-3.04,-8.07,19.01,-31.11,13.2,9.6,24.0,1350,273,,,,,,,0,1,0,top
2017-08-06,491761,1,445060,R,543760,R,1,Double,3,1,170806_193902,e0df6c6d-9580-4f28-8f48-a0ef784b42f5,0,0,1,B,Ball,FF,14,2.0,3.37,1.62,90.5,83.2,76.34,-0.64,50.0,5.95,1.29,1.8,-3.92,10.35,6.32,-131.14,-8.09,-6.88,25.91,-14.03,20.4,3.6,24.0,2233,200,,,,,543760,,0,0,0,top
2017-08-06,491761,1,445060,R,543760,R,1,Double,3,2,170806_193914,d57b26ce-aef0-4e5f-b38c-2d4cd8ff8bb2,1,0,1,B,Ball,FT,14,2.0,3.42,1.52,90.8,83.5,29.98,-0.57,50.0,5.96,1.5,2.2,-9.16,7.54,8.49,-131.49,-6.18,-16.2,25.44,-18.85,36.0,6.0,24.0,2109,233,,,,,543760,,0,0,0,top
2017-08-06,491761,1,445060,R,543760,R,1,Double,3,3,170806_193940,87022062-3b7d-4bcb-91b2-fe2b76007ec1,2,0,1,D,In play- no out,FT,6,2.0,3.28,1.41,90.8,83.5,48.59,-0.56,50.0,6.05,0.51,2.55,-8.72,6.79,5.73,-131.73,-5.26,-15.44,25.96,-20.15,33.6,6.0,24.0,2022,235,,,,,543760,,0,0,0,top
2017-08-06,491761,1,445060,R,476704,L,2,Walk,6,1,170806_194017,107c9916-f7b2-4807-879b-0ceac5a6982e,0,1,1,C,Called Strike,FT,4,2.0,3.47,1.55,90.6,83.4,47.22,-0.93,50.0,5.92,-0.52,2.43,-8.6,5.05,4.0,-131.47,-4.6,-15.18,25.78,-23.26,31.2,6.0,24.0,1949,244,,543760,,476704,543760,,0,0,0,top
2017-08-06,491761,1,445060,R,476704,L,2,Walk,6,2,170806_194037,54f55aaf-1c83-4ade-ae5f-ab548615cf4c,0,2,1,W,Swinging Strike (Blocked),KC,14,2.0,3.17,1.35,76.2,70.9,38.68,-1.28,50.0,5.97,0.37,0.23,5.03,-8.46,2.18,-110.74,-2.78,6.23,20.16,-42.65,8.4,14.4,24.0,2512,28,,543760,,476704,543760,,0,0,0,top
2017-08-06,491761,1,445060,R,476704,L,2,Walk,6,3,170806_194122,e7880e8c-a336-471e-b2b5-b28ebaca8007,0,2,1,B,Ball,KC,11,2.0,3.46,1.51,73.1,67.2,26.41,-1.48,50.0,6.34,-2.47,2.49,7.55,-9.09,-4.11,-106.07,2.13,8.54,19.37,-42.46,10.8,15.6,24.0,2425,34,,543760,,476704,543760,,0,0,0,top
2017-08-06,491761,1,445060,R,476704,L,2,Walk,6,4,170806_194145,5d9aba56-57a2-46f2-9805-1373de41e571,1,2,1,B,Ball,FS,13,2.0,3.56,1.7,80.1,74.2,16.46,-1.33,50.0,5.86,-1.78,2.17,-8.17,1.21,1.4,-116.44,-1.88,-11.32,20.17,-30.5,19.2,9.6,24.0,,268,,543760,,476704,543760,,0,0,0,top
2017-08-06,491761,1,445060,R,476704,L,2,Walk,6,5,170806_194207,50b0cc0a-c8e1-4156-8ccb-732368ced157,2,2,1,B,Ball,SL,11,2.0,3.46,1.6,79.0,73.2,11.34,-1.45,50.0,6.03,-1.62,2.59,0.67,-4.62,-0.58,-114.78,0.6,0.9,19.52,-38.39,1.2,12.0,24.0,2247,6,,543760,,476704,543760,,0,0,0,top
2017-08-06,491761,1,445060,R,476704,L,2,Walk,6,6,170806_194237,d7efb72e-db2f-4910-abd2-167debd027c2,3,2,1,B,Ball,FF,11,2.0,3.61,1.7,90.2,82.8,61.09,-0.97,50.0,6.04,-1.07,3.5,-3.98,6.83,1.07,-131.03,-2.7,-6.97,26.01,-20.22,18.0,4.8,24.0,2136,213,,543760,,476704,543760,,0,0,0,top
2017-08-06,491761,1,445060,R,501981,R,3,Strikeout,5,1,170806_194326,51eb8baf-ea35-4418-ae14-3a4ba00438e5,0,1,1,F,Foul,FT,13,2.0,3.34,1.4,89.8,82.4,56.8,-0.99,50.0,5.86,-0.76,2.23,-10.64,2.58,4.14,-130.52,-4.0,-18.37,27.23,-27.72,31.2,8.4,24.0,1955,262,476704,543760,,476704,543760,,0,1,0,top
2017-08-06,491761,1,445060,R,501981,R,3,Strikeout,5,2,170806_194412,7030b847-95f3-462d-8a4e-4ef0628580f0,0,1,1,S,Swinging Strike,SL,8,2.0,3.34,1.4,80.6,74.5,28.18,-1.08,50.0,6.04,-0.01,1.75,1.52,-1.0,2.03,-117.04,-2.68,2.11,21.17,-33.57,3.6,9.6,24.0,2151,39,476704,543760,,476704,543760,,0,1,0,top
2017-08-06,491761,1,445060,R,501981,R,3,Strikeout,5,3,170806_194437,a2666528-2c1d-470d-a6e0-0d7fa9e1133b,0,2,1,F,Foul,SL,8,2.0,3.34,1.4,79.6,74.2,26.3,-0.83,50.0,6.02,-0.12,1.83,0.5,-3.92,1.48,-115.69,-1.45,0.68,19.0,-37.55,1.2,10.8,24.0,2178,8,476704,543760,,476704,543760,,0,1,0,top
2017-08-06,491761,1,445060,R,501981,R,3,Strikeout,5,4,170806_194510,17cc783b-722c-42cc-9249-78d7bfaeb37f,0,2,1,B,Ball,FF,12,2.0,3.71,1.69,91.9,84.6,18.69,-0.49,50.0,6.07,1.52,2.79,-3.98,8.13,6.68,-133.42,-5.39,-7.24,26.21,-17.38,18.0,4.8,24.0,2100,205,476704,543760,,476704,543760,,0,1,0,top
2017-08-06,491761,1,445060,R,501981,R,3,Strikeout,5,5,170806_194532,1642e421-9354-450c-b960-461d558425b6,1,2,1,S,Swinging Strike,SL,6,2.0,3.34,1.4,80.0,74.6,35.15,-0.84,50.0,5.97,0.6,2.26,2.24,-0.79,2.65,-116.28,-1.36,3.11,18.7,-33.28,6.0,9.6,24.0,2259,56,476704,543760,,476704,543760,,0,1,0,top
2017-08-06,491761,1,445060,R,592387,R,4,Pop Out,3,1,170806_194616,319fd263-d1cc-43f6-8387-f943ef32625d,0,0,2,S,Swinging Strike,SL,14,2.0,3.35,1.44,80.5,75.0,82.44,-0.72,50.0,6.03,0.72,1.66,3.06,-1.58,2.41,-117.16,-2.74,4.3,20.0,-34.39,7.2,9.6,24.0,2261,51,476704,543760,,,,,0,1,0,top
2017-08-06,491761,1,445060,R,592387,R,4,Pop Out,3,2,170806_194639,9261b18c-fbba-4d7c-a820-525b2e09d7ff,0,1,2,B,Ball,FF,14,2.0,3.74,1.78,91.4,84.4,20.99,-0.39,50.0,5.99,1.6,2.55,-6.13,8.94,7.34,-132.74,-6.03,-11.06,25.17,-16.03,30.0,4.8,24.0,2192,214,476704,543760,,,,,0,1,0,top
2017-08-06,491761,1,445060,R,592387,R,4,Pop Out,3,3,170806_194704,011d3be3-0c8e-4f77-9a22-d4c20ab63da6,1,1,2,X,In play- out(s),SL,2,2.0,3.35,1.44,80.1,74.7,22.67,-0.98,50.0,6.16,-0.03,2.9,2.66,-3.25,1.41,-116.49,0.38,3.71,18.77,-36.71,6.0,10.8,24.0,2230,36,476704,543760,,,,,0,1,0,top
2017-08-06,491761,2,445060,R,640461,R,9,Single,2,1,170806_195853,8bdac4df-9e80-48ef-87c3-e650e2f2889b,0,1,0,F,Foul,SL,6,2.0,3.38,1.41,80.4,73.7,60.99,-1.12,50.0,6.12,0.42,2.51,3.27,0.5,2.55,-116.78,-1.47,4.5,22.69,-31.49,8.4,9.6,24.0,2320,81,,,,640461,,,0,0,1,top
2017-08-06,491761,2,445060,R,640461,R,9,Single,2,2,170806_195925,a30902d1-a2b6-47a7-b2bc-2641d64efbc9,0,1,0,D,In play- no out,FF,13,2.0,3.38,1.41,89.7,83.4,45.37,-0.93,50.0,6.05,-0.8,2.34,-3.83,5.1,1.64,-130.41,-5.13,-6.72,23.04,-23.24,14.4,6.0,24.0,2042,222,,,,640461,,,0,0,1,top
2017-08-06,491761,2,445060,R,656305,R,10,Grounded Into DP,1,1,170806_200000,8cb1cb3b-2141-4350-b741-8c29170ac38f,0,0,0,X,In play- out(s),FT,14,2.0,3.56,1.34,90.5,83.8,57.49,-0.4,50.0,5.97,1.02,2.43,-7.36,6.65,6.2,-131.44,-5.33,-13.06,24.08,-20.37,28.8,6.0,24.0,2119,230,640461,,,,,,0,2,1,top
2017-08-06,491761,2,445060,R,622194,L,11,Lineout,4,1,170806_200040,44b4c944-d45f-4eb7-8b39-a3b6bd9bdfd8,0,1,2,C,Called Strike,FF,8,2.0,3.38,1.54,90.7,84.2,50.22,-0.68,50.0,5.96,-0.13,1.9,-5.84,8.39,3.44,-131.8,-7.34,-10.44,23.82,-17.18,27.6,4.8,24.0,2189,217,,,,,,,0,1,1,top
2017-08-06,491761,2,445060,R,622194,L,11,Lineout,4,2,170806_200057,f5ae48f4-539e-4ae7-9d13-59a09e25b4db,0,2,2,C,Called Strike,KC,6,2.0,3.53,1.54,74.7,69.4,38.68,-1.02,50.0,6.31,0.28,2.36,6.65,-7.32,0.94,-108.6,1.07,7.98,18.36,-40.95,10.8,14.4,24.0,2540,40,,,,,,,0,1,1,top
2017-08-06,491761,2,445060,R,622194,L,11,Lineout,4,3,170806_200119,b6abd1d2-90de-4e24-94f1-d1ce67db92fa,0,2,2,F,Foul,FF,7,2.0,3.37,1.39,92.0,84.9,38.99,-0.78,50.0,5.96,-0.31,1.8,-3.94,8.49,2.61,-133.48,-7.85,-7.19,25.81,-16.69,20.4,4.8,24.0,2129,207,,,,,,,0,1,1,top
2017-08-06,491761,2,445060,R,622194,L,11,Lineout,4,4,170806_200143,84b9baa4-ff86-4903-8f61-869fa2b3a6e3,0,2,2,X,In play- out(s),FS,5,2.0,3.37,1.39,82.0,76.4,19.94,-1.05,50.0,5.89,0.2,2.31,-5.03,1.7,4.52,-119.18,-2.23,-7.35,19.38,-29.69,12.0,8.4,24.0,1257,259,,,,,,,0,1,1,top
2017-08-06,491761,3,445060,R,592192,R,16,Groundout,2,1,170806_201539,fc9d5d03-e313-4cb6-9659-762f9ff49c45,0,0,0,B,Ball,FF,12,2.0,3.51,1.46,91.2,83.8,64.42,-0.54,50.0,6.07,1.23,2.55,-4.38,8.64,6.13,-132.27,-6.0,-7.82,26.36,-16.76,20.4,4.8,24.0,2094,206,,,,,,,0,1,1,top
2017-08-06,491761,3,445060,R,592192,R,16,Groundout,2,2,170806_201600,a6086ce9-d848-4da0-b744-2bb9cabff564,1,0,0,X,In play- out(s),FT,8,2.0,3.17,1.27,90.8,83.6,33.69,-0.67,50.0,5.9,0.03,1.81,-8.32,6.13,4.65,-131.8,-6.61,-14.74,26.17,-21.31,31.2,6.0,24.0,2103,238,,,,,,,0,1,1,top
2017-08-06,491761,3,445060,R,595144,L,17,Double,7,1,170806_201635,5013dc0f-e259-41e9-b69c-ec02a3fd7a34,0,0,1,B,Ball,FT,14,2.0,3.36,1.47,91.7,84.7,75.39,-0.68,50.0,5.85,1.21,1.35,-8.29,6.69,7.82,-132.97,-8.07,-15.0,25.77,-20.08,32.4,6.0,24.0,2072,235,,,,,595144,,0,0,1,top
2017-08-06,491761,3,445060,R,595144,L,17,Double,7,2,170806_201649,776bb0d9-2414-417e-8159-f46a78b39b30,1,1,1,C,Called Strike,FS,5,2.0,3.32,1.53,80.9,75.6,14.05,-0.96,50.0,5.92,0.09,2.27,-6.01,0.82,4.3,-117.54,-1.92,-8.59,17.94,-31.0,14.4,9.6,24.0,1430,270,,,,,595144,,0,0,1,top
2017-08-06,491761,3,445060,R,595144,L,17,Double,7,3,170806_201710,e74a6802-646b-4f5f-859c-34b3b3311c2e,1,1,1,B,Ball,FF,14,2.0,3.41,1.58,90.8,84.1,37.16,-0.69,50.0,5.84,1.79,1.32,-3.44,8.0,7.65,-131.62,-8.38,-6.12,24.33,-17.95,14.4,4.8,24.0,2150,202,,,,,595144,,0,0,1,top
2017-08-06,491761,3,445060,R,595144,L,17,Double,7,4,170806_201725,0348192e-cd6e-4cbf-a7c9-f9977b469cf3,2,2,1,F,Foul,FT,6,2.0,3.56,1.34,91.1,84.0,45.84,-0.98,50.0,5.74,0.59,2.48,-7.34,4.41,6.61,-132.24,-3.91,-13.13,25.52,-24.29,25.2,6.0,24.0,2152,242,,,,,595144,,0,0,1,top
2017-08-06,491761,3,445060,R,595144,L,17,Double,7,5,170806_201756,62a171f8-d895-4b4a-a9bc-76c014438a39,2,2,1,F,Foul,SL,4,2.0,3.56,1.34,80.3,74.8,42.75,-1.25,50.0,6.02,-0.63,2.21,1.77,-5.75,0.9,-116.79,-0.13,2.48,19.6,-40.21,3.6,12.0,24.0,2362,16,,,,,595144,,0,0,1,top
2017-08-06,491761,3,445060,R,595144,L,17,Double,7,6,170806_201817,8ee83bd6-b818-40bf-968d-b1b8e212312b,2,2,1,F,Foul,SL,14,2.0,3.56,1.34,81.0,75.9,59.86,-0.99,50.0,6.0,0.92,1.31,1.16,-1.41,4.11,-117.73,-3.66,1.65,18.84,-34.19,3.6,9.6,24.0,2275,33,,,,,595144,,0,0,1,top
2017-08-06,491761,3,445060,R,595144,L,17,Double,7,7,170806_201845,621041d1-b641-4e24-bde2-df9067bdafd2,2,2,1,D,In play- no out,FS,7,2.0,3.56,1.34,81.2,75.9,47.23,-1.01,50.0,5.72,-0.64,1.38,-5.24,0.52,2.48,-118.07,-3.49,-7.52,18.92,-31.43,13.2,9.6,24.0,1180,276,,,,,595144,,0,0,1,top
2017-08-06,491761,3,445060,R,543760,R,18,Strikeout,6,1,170806_201933,58f1ad0d-8961-4101-97a9-ec9889a013fa,1,0,1,*B,Ball In Dirt,SL,14,2.0,3.32,1.52,82.0,75.6,72.41,-0.83,50.0,5.88,1.24,0.97,0.91,-2.22,4.59,-119.0,-4.0,1.3,23.16,-35.35,3.6,10.8,24.0,,23,,595144,,,595144,,0,1,1,top
2017-08-06,491761,3,445060,R,543760,R,18,Strikeout,6,2,170806_201955,f6000937-0b14-489e-a0cf-eea40e240281,1,1,1,F,Foul,SL,3,2.0,3.28,1.41,81.9,76.2,36.2,-0.93,50.0,6.01,0.47,2.77,1.5,-2.04,2.86,-119.04,-0.23,2.18,19.81,-35.14,4.8,9.6,24.0,2305,33,,595144,,,595144,,0,1,1,top
2017-08-06,491761,3,445060,R,543760,R,18,Strikeout,6,3,170806_202016,3d73bcaf-1f7d-4491-ada7-ae4f1ce83c62,1,1,1,B,Ball,FT,11,2.0,3.61,1.86,90.8,83.5,35.75,-1.15,50.0,5.92,-2.06,3.39,-11.47,2.43,1.53,-131.94,-1.25,-20.32,26.72,-27.87,36.0,8.4,24.0,2095,261,,595144,,,595144,,0,1,1,top
2017-08-06,491761,3,445060,R,543760,R,18,Strikeout,6,4,170806_202039,9c80fde5-6f37-45f9-b523-b4468bf394b0,2,2,1,F,Foul,SL,8,2.0,3.28,1.41,81.3,75.2,36.86,-0.98,50.0,5.93,0.19,1.64,0.72,-4.96,2.51,-118.07,-1.59,1.01,21.96,-39.19,2.4,10.8,24.0,2308,10,,595144,,,595144,,0,1,1,top
2017-08-06,491761,3,445060,R,543760,R,18,Strikeout,6,5,170806_202112,345cdfcf-ca29-4ca5-9ff6-b7b0ac15a944,2,2,1,F,Foul,FS,9,2.0,3.28,1.41,81.2,75.3,43.77,-0.79,50.0,5.79,0.65,1.63,-4.66,1.85,4.79,-117.9,-3.39,-6.63,20.19,-29.54,10.8,8.4,24.0,1268,259,,595144,,,595144,,0,1,1,top
2017-08-06,491761,3,445060,R,543760,R,18,Strikeout,6,6,170806_202137,76a4f95d-56ba-4c59-a33f-b582de548da8,2,2,1,S,Swinging Strike,SL,1,2.0,3.28,1.41,78.8,72.1,35.88,-0.93,50.0,6.13,-0.36,3.08,-0.2,-4.57,1.34,-114.3,1.59,-0.27,21.68,-38.21,0.0,12.0,24.0,2122,359,,595144,,,595144,,0,1,1,top
2017-08-06,491761,3,445060,R,476704,L,19,Walk,6,1,170806_202224,c12866b0-0412-420e-8852-1ad97ca47fbc,0,0,2,B,Ball,FS,11,2.0,3.46,1.56,81.4,75.7,91.28,-1.14,50.0,5.94,-0.95,2.55,-5.39,-1.64,2.09,-118.3,-0.61,-7.74,19.76,-34.52,12.0,9.6,24.0,1343,295,,595144,,476704,595144,,0,0,1,top
2017-08-06,491761,3,445060,R,476704,L,19,Walk,6,2,170806_202256,d2c95727-b3dc-4646-9234-7323f576e11f,1,0,2,B,Ball,FS,13,2.0,3.51,1.65,81.2,75.6,16.85,-1.36,50.0,5.79,-1.31,1.97,-8.09,-2.51,2.59,-118.06,-1.33,-11.56,19.83,-35.76,16.8,10.8,24.0,1269,293,,595144,,476704,595144,,0,0,1,top
2017-08-06,491761,3,445060,R,476704,L,19,Walk,6,3,170806_202321,0ca31ca4-86d3-4c2b-be79-9470f63604d4,2,1,2,F,Foul,FT,4,2.0,3.17,1.35,91.8,85.0,35.43,-0.89,50.0,5.65,-0.27,2.15,-7.27,4.95,4.13,-133.37,-4.9,-13.26,25.21,-23.15,27.6,6.0,24.0,2005,240,,595144,,476704,595144,,0,0,1,top
2017-08-06,491761,3,445060,R,476704,L,19,Walk,6,4,170806_202350,92da0b2e-66d7-41da-b90f-ce017156d89c,2,1,2,B,Ball,FF,11,2.0,3.46,1.6,91.2,83.8,32.06,-0.69,50.0,6.17,-0.32,5.51,-3.35,6.28,2.12,-132.5,2.26,-6.01,25.62,-20.9,15.6,4.8,24.0,2109,207,,595144,,476704,595144,,0,0,1,top
2017-08-06,491761,3,445060,R,476704,L,19,Walk,6,5,170806_202416,b1cc9dea-dc84-44f6-9829-afa76111a2bf,3,2,2,F,Foul,FS,11,2.0,3.17,1.35,80.8,74.7,44.21,-1.16,50.0,5.86,-1.17,2.49,-5.91,1.66,1.76,-117.32,-1.42,-8.32,20.24,-29.84,14.4,8.4,24.0,1381,262,,595144,,476704,595144,,0,0,1,top
2017-08-06,491761,3,445060,R,476704,L,19,Walk,6,6,170806_202458,ec9a7c10-7e5a-452a-9b4a-b82bc52f1f60,3,2,2,B,Ball,FT,11,2.0,3.56,1.7,91.8,84.0,65.42,-0.71,50.0,5.95,-0.66,3.65,-9.39,3.75,3.34,-133.36,-1.24,-16.95,27.97,-25.4,32.4,7.2,24.0,1917,252,,595144,,476704,595144,,0,0,1,top
2017-08-06,491761,3,445060,R,501981,R,20,Strikeout,6,1,170806_202537,a0b97049-2b2b-42d1-ac64-8cc3a389d7b9,0,0,2,B,Ball,SL,14,2.0,3.76,1.6,81.5,75.5,64.15,-0.63,50.0,5.93,1.91,1.46,0.15,-3.06,5.9,-118.31,-2.65,0.22,21.49,-36.54,1.2,10.8,24.0,2329,12,476704,595144,,,,,0,1,1,top
2017-08-06,491761,3,445060,R,501981,R,20,Strikeout,6,2,170806_202559,541fef13-bad1-489b-a021-80f383fc2983,1,0,2,S,Swinging Strike,FT,1,2.0,3.34,1.4,91.5,84.1,39.77,-0.8,50.0,5.79,-0.3,2.74,-8.27,4.25,4.13,-132.85,-3.37,-14.89,26.6,-24.53,28.8,6.0,24.0,1932,247,476704,595144,,,,,0,1,1,top
2017-08-06,491761,3,445060,R,501981,R,20,Strikeout,6,3,170806_202626,42c4419f-bce8-451d-8214-6b13d1cfdb8e,1,2,2,F,Foul,SL,5,2.0,3.34,1.4,80.8,74.7,28.25,-1.0,50.0,5.99,0.16,2.68,3.13,-4.01,1.73,-117.42,0.43,4.39,21.14,-37.8,7.2,10.8,24.0,2318,35,476704,595144,,,,,0,1,1,top
2017-08-06,491761,3,445060,R,501981,R,20,Strikeout,6,4,170806_202700,dc141411-fe0f-4108-a1e5-299f5a602d10,1,2,2,B,Ball,SL,14,2.0,3.8,1.69,80.8,75.2,60.8,-0.79,50.0,5.86,0.96,1.28,3.29,-4.87,3.06,-117.53,-2.27,4.63,20.89,-39.03,7.2,12.0,24.0,2314,31,476704,595144,,,,,0,1,1,top
2017-08-06,491761,3,445060,R,501981,R,20,Strikeout,6,5,170806_202759,db614193-7631-4292-bb7d-4d454862d67a,2,2,2,F,Foul,FS,13,2.0,3.34,1.4,81.2,76.0,32.23,-1.14,50.0,5.75,-0.16,1.35,-5.91,0.13,4.1,-118.05,-3.51,-8.48,18.73,-31.98,13.2,9.6,24.0,1194,279,476704,595144,,,,,0,1,1,top
2017-08-06,491761,3,445060,R,501981,R,20,Strikeout,6,6,170806_202826,f7dab387-a9ce-4ad9-aceb-8faf782fcdd4,2,2,2,S,Swinging Strike,FF,12,2.0,3.34,1.4,93.8,86.6,61.33,-0.6,50.0,5.99,0.69,3.51,-2.29,9.6,4.29,-136.28,-4.15,-4.37,25.99,-13.87,13.2,3.6,24.0,2181,192,476704,595144,,,,,0,1,1,top
2017-08-06,491761,4,445060,R,592387,R,25,Strikeout,6,1,170806_203909,da44277a-b9b5-40fc-9aa1-905ca37f1a80,0,0,0,B,Ball,SL,11,2.0,3.64,1.54,80.4,74.5,83.0,-1.1,50.0,6.17,-0.9,3.1,2.0,-2.05,-0.13,-116.88,0.45,2.8,19.95,-35.03,4.8,9.6,24.0,2342,35,,,,,,,0,1,2,top
2017-08-06,491761,4,445060,R,592387,R,25,Strikeout,6,2,170806_203926,214caefd-8a6c-498e-b443-348c8ef8cf44,1,0,0,B,Ball,SL,14,2.0,3.66,1.56,81.3,76.0,41.57,-0.96,50.0,6.16,1.22,2.55,2.89,-2.14,4.24,-118.19,-0.99,4.16,18.89,-35.25,7.2,9.6,24.0,2362,48,,,,,,,0,1,2,top
2017-08-06,491761,4,445060,R,592387,R,25,Strikeout,6,3,170806_203941,184ad868-f453-4976-8626-f2d6091fc6bc,2,1,0,C,Called Strike,FF,3,2.0,3.63,1.54,91.6,84.4,52.26,-0.7,50.0,5.93,0.61,3.44,-2.83,7.99,4.44,-133.12,-3.24,-5.13,25.89,-17.68,13.2,4.8,24.0,2167,198,,,,,,,0,1,2,top
2017-08-06,491761,4,445060,R,592387,R,25,Strikeout,6,4,170806_203959,4fe1a552-e826-43a5-b5cf-1c54762010fd,2,2,0,C,Called Strike,FT,9,2.0,3.73,1.64,91.2,84.0,65.29,-0.67,50.0,5.76,0.7,1.7,-8.77,3.72,6.57,-132.24,-5.75,-15.64,26.25,-25.54,28.8,7.2,24.0,1985,253,,,,,,,0,1,2,top
2017-08-06,491761,4,445060,R,592387,R,25,Strikeout,6,5,170806_204019,b51f7c4c-4e79-4bde-afb1-611b2ac75d3a,2,2,0,F,Foul,FF,6,2.0,3.35,1.44,92.2,85.0,42.85,-0.59,50.0,5.91,0.51,2.63,-4.14,7.84,4.34,-133.94,-5.37,-7.6,26.2,-17.78,20.4,4.8,24.0,2112,208,,,,,,,0,1,2,top
2017-08-06,491761,4,445060,R,592387,R,25,Strikeout,6,6,170806_204043,eacd3a33-3a01-4e4e-9fa8-512280fc5db8,2,3,0,W,Swinging Strike (Blocked),KC,14,2.0,3.35,1.44,75.4,70.0,53.68,-0.84,50.0,6.05,1.29,0.69,6.98,-6.95,2.63,-109.55,-2.19,8.46,20.01,-40.59,12.0,14.4,24.0,2631,42,,,,,,,0,1,2,top
2017-08-06,491761,4,445060,R,640461,R,26,Double,3,1,170806_204114,ff003892-0048-44d0-9b85-4a8982d83770,0,0,1,B,Ball,SL,14,2.0,3.55,1.62,81.0,75.7,89.76,-0.7,50.0,5.92,1.01,1.68,1.84,-1.33,3.45,-117.76,-2.64,2.63,19.04,-34.07,4.8,9.6,24.0,2262,44,,,,,640461,,0,0,2,top
2017-08-06,491761,4,445060,R,640461,R,26,Double,3,2,170806_204128,4e10112a-dad1-4491-a5e5-b79755b8795e,1,0,1,B,Ball,FF,12,2.0,3.55,1.52,91.5,84.3,19.26,-0.66,50.0,6.09,0.06,4.16,-4.83,7.46,3.54,-132.92,-1.56,-8.74,25.37,-18.68,22.8,4.8,24.0,2209,213,,,,,640461,,0,0,2,top
2017-08-06,491761,4,445060,R,640461,R,26,Double,3,3,170806_204149,28c475cb-2d46-44ea-af0b-b554a4da3439,2,0,1,D,In play- no out,FT,4,2.0,3.38,1.41,90.5,84.0,36.95,-0.58,50.0,5.86,-0.3,2.48,-8.29,3.11,3.53,-131.65,-3.75,-14.75,24.37,-26.65,27.6,7.2,24.0,1911,254,,,,,640461,,0,0,2,top
2017-08-06,491761,4,445060,R,656305,R,27,Double,4,1,170806_204236,146c0268-85c0-4fa1-98ef-6a6529ff057a,0,1,1,C,Called Strike,SL,5,2.0,3.61,1.67,80.0,74.7,49.69,-0.93,50.0,6.05,0.04,2.85,1.88,-0.94,1.67,-116.38,-0.18,2.62,18.14,-33.48,4.8,9.6,24.0,2174,51,,640461,,,656305,,1,0,2,top
2017-08-06,491761,4,445060,R,656305,R,27,Double,4,2,170806_204258,a60c6f9b-b427-4599-a7e8-41219bb99f88,0,1,1,S,Swinging Strike,SL,14,2.0,3.56,1.34,80.4,75.0,53.31,-0.96,50.0,5.91,0.72,1.42,3.01,-1.59,2.98,-116.85,-3.0,4.21,19.46,-34.4,7.2,9.6,24.0,2339,51,,640461,,,656305,,1,0,2,top
2017-08-06,491761,4,445060,R,656305,R,27,Double,4,3,170806_204318,4270aca8-fc04-4987-9c9a-81052aa0382a,0,2,1,B,Ball,SL,14,2.0,3.56,1.63,80.4,75.0,60.29,-0.7,50.0,5.89,1.23,1.46,2.18,-1.89,3.83,-116.91,-2.76,3.05,19.57,-34.83,6.0,10.8,24.0,2397,42,,640461,,,656305,,1,0,2,top
2017-08-06,491761,4,445060,R,656305,R,27,Double,4,4,170806_204341,1b45898f-ee8e-4e70-b7a1-8e29a758f782,1,2,1,E,In play- run(s),SL,9,2.0,3.56,1.34,80.2,74.9,30.66,-0.78,50.0,5.91,0.3,1.95,3.03,-2.85,1.58,-116.66,-1.36,4.23,19.05,-36.16,7.2,10.8,24.0,2464,40,,640461,,,656305,,1,0,2,top
2017-08-06,491761,4,445060,R,622194,L,28,Walk,5,1,170806_204425,8844df58-6c14-4297-a66d-42316a67d28f,0,0,1,B,Ball,FT,13,2.0,3.66,1.79,88.8,81.8,32.01,-1.57,50.0,5.49,-1.8,2.51,-11.06,-0.24,3.07,-129.06,-1.21,-18.75,25.62,-32.58,28.8,8.4,24.0,1771,275,,656305,,622194,656305,,0,0,1,top
2017-08-06,491761,4,445060,R,622194,L,28,Walk,5,2,170806_204442,66e0e5d4-e9ea-40a3-b2fb-f92942489cb7,1,0,1,B,Ball,FT,13,2.0,3.56,1.6,91.2,84.1,56.41,-0.88,50.0,5.89,-1.13,2.55,-6.95,5.06,1.71,-132.59,-4.39,-12.47,26.33,-23.1,26.4,6.0,24.0,2068,239,,656305,,622194,656305,,0,0,1,top
2017-08-06,491761,4,445060,R,622194,L,28,Walk,5,3,170806_204501,8a2f73a4-13e7-48f4-ae0e-2e57808a8f93,2,0,1,B,Ball,FS,13,2.0,3.52,1.55,81.3,75.2,9.36,-1.19,50.0,5.77,-1.45,2.47,-8.85,1.46,2.08,-118.12,-1.32,-12.61,20.63,-30.1,21.6,9.6,24.0,1360,266,,656305,,622194,656305,,0,0,1,top
2017-08-06,491761,4,445060,R,622194,L,28,Walk,5,4,170806_204522,0398bc28-862b-47a1-a1df-ce9bd230c387,3,1,1,C,Called Strike,FF,11,2.0,3.24,1.49,91.0,83.5,56.96,-0.89,50.0,5.84,-0.73,3.09,-4.43,7.29,1.91,-132.21,-3.51,-7.88,26.9,-19.21,20.4,4.8,24.0,2125,214,,656305,,622194,656305,,0,0,1,top
2017-08-06,491761,4,445060,R,622194,L,28,Walk,5,5,170806_204541,054d79ac-29d6-4fe0-91ca-e9e62d153587,3,1,1,B,Ball,FS,11,2.0,3.56,1.69,81.1,75.0,31.28,-1.12,50.0,6.0,-1.41,3.79,-5.09,1.87,0.88,-117.86,1.14,-7.26,19.73,-29.51,13.2,8.4,24.0,1413,256,,656305,,622194,656305,,0,0,1,top
2017-08-06,491761,4,445060,R,592192,R,29,Home Run,4,1,170806_204658,16ad6b4d-e51c-4d49-b00a-637c9fd2a89c,0,0,1,B,Ball,FT,14,2.0,3.89,1.46,91.2,83.7,69.35,-0.42,50.0,5.73,1.13,1.8,-8.53,6.64,6.95,-132.23,-6.38,-15.17,26.87,-20.36,32.4,6.0,24.0,2073,235,622194,656305,,,,,3,0,1,top
2017-08-06,491761,4,445060,R,592192,R,29,Home Run,4,2,170806_204724,5e9392cb-706f-4888-85f2-7dbc79284e71,1,0,1,B,Ball,FF,14,2.0,3.41,1.56,90.8,83.4,64.35,-0.51,50.0,5.81,1.09,1.71,-7.19,8.81,6.62,-131.68,-7.5,-12.7,26.37,-16.61,32.4,4.8,24.0,2079,221,622194,656305,,,,,3,0,1,top
2017-08-06,491761,4,445060,R,592192,R,29,Home Run,4,3,170806_204754,18edaa04-d87c-489f-8e49-7d866fac560c,2,1,1,C,Called Strike,FT,3,2.0,3.41,1.37,92.3,84.8,59.39,-0.49,50.0,5.91,0.61,3.18,-7.52,6.4,5.5,-133.99,-3.37,-13.78,26.81,-20.45,31.2,6.0,24.0,1976,232,622194,656305,,,,,3,0,1,top
2017-08-06,491761,4,445060,R,592192,R,29,Home Run,4,4,170806_204834,f646c526-1aab-414c-bb65-20beee2be113,2,1,1,E,In play- run(s),FT,5,2.0,3.17,1.27,91.7,84.3,40.13,-0.67,50.0,5.81,0.22,2.51,-8.11,5.75,5.11,-133.13,-4.55,-14.66,26.74,-21.78,31.2,6.0,24.0,2014,238,622194,656305,,,,,3,0,1,top
2017-08-06,491761,4,445060,R,595144,L,30,Single,6,1,170806_204916,28f9b2ae-510e-45c9-918f-54d154f5005c,0,1,1,C,Called Strike,FT,11,2.0,3.41,1.58,90.4,83.7,62.23,-1.03,50.0,5.89,-0.79,2.89,-7.8,3.25,3.29,-131.41,-2.77,-13.83,24.23,-26.41,26.4,7.2,24.0,1884,252,,,,595144,,,0,0,-2,top
2017-08-06,491761,4,445060,R,595144,L,30,Single,6,2,170806_204928,732e3211-ccab-40f2-acc3-a417311b9bda,0,1,1,S,Swinging Strike,FS,13,2.0,3.65,1.39,81.0,75.8,28.3,-0.96,50.0,5.87,-0.01,1.22,-4.78,-0.26,3.68,-117.72,-3.92,-6.83,18.64,-32.55,10.8,9.6,24.0,1352,287,,,,595144,,,0,0,-2,top
2017-08-06,491761,4,445060,R,595144,L,30,Single,6,3,170806_204944,0dc864ed-7403-4344-bf74-d83be17655ab,0,2,1,F,Foul,KC,8,2.0,3.65,1.39,74.2,69.0,40.29,-1.06,50.0,6.12,0.08,1.8,6.26,-8.35,0.71,-107.85,0.64,7.39,18.34,-42.03,9.6,14.4,24.0,2535,34,,,,595144,,,0,0,-2,top
2017-08-06,491761,4,445060,R,595144,L,30,Single,6,4,170806_205004,c0dac7dd-1443-497f-a27b-f7f031b8945a,0,2,1,B,Ball,FF,12,2.0,3.27,1.73,90.8,84.4,28.36,-0.51,50.0,6.03,1.32,2.97,-2.24,8.9,5.57,-131.96,-4.97,-4.03,22.86,-16.17,10.8,3.6,24.0,1994,192,,,,595144,,,0,0,-2,top
2017-08-06,491761,4,445060,R,595144,L,30,Single,6,5,170806_205021,b5bbd2e7-fbd3-4b24-a390-d07c71519c63,1,2,1,B,Ball,FT,11,2.0,3.36,1.68,91.5,84.8,37.16,-0.73,50.0,6.06,-0.35,3.78,-7.3,3.05,3.51,-133.05,-0.99,-13.29,24.26,-26.62,25.2,6.0,24.0,1937,251,,,,595144,,,0,0,-2,top
2017-08-06,491761,4,445060,R,595144,L,30,Single,6,6,170806_205042,2d080eb0-4b05-483b-86dc-7140791e8d13,2,2,1,D,In play- no out,FS,4,2.0,3.65,1.39,80.8,75.6,25.11,-1.04,50.0,5.91,-0.34,2.17,-6.01,1.98,3.47,-117.48,-2.49,-8.58,17.88,-29.34,15.6,8.4,24.0,,259,,,,595144,,,0,0,-2,top
2017-08-06,491761,4,445060,R,543760,R,31,Single,4,1,170806_205158,832d0f33-3570-4c4a-91d1-bc02f42ca5c8,0,0,1,B,Ball,FF,11,2.0,3.32,1.42,89.2,82.2,59.21,-0.54,50.0,6.04,-0.69,3.84,-4.0,6.96,0.94,-129.63,-1.73,-6.87,24.48,-20.21,18.0,4.8,24.0,2025,212,595144,,,543760,595144,,0,0,-2,top
2017-08-06,491761,4,445060,R,543760,R,31,Single,4,2,170806_205228,af2f05fd-1660-4994-a699-dd08fc7dfa4a,1,0,1,D,In play- no out,SL,12,2.0,3.28,1.41,80.4,75.1,42.42,-0.8,50.0,5.97,0.73,2.61,0.97,-1.9,3.27,-116.96,-0.32,1.37,18.64,-34.85,2.4,9.6,24.0,2211,27,595144,,,543760,595144,,0,0,-2,top
2017-08-06,491761,4,445060,R,476704,L,32,Pop Out,3,1,170806_205316,f0c12f78-4df9-49e7-a3aa-f583180e514e,0,0,1,B,Ball,FT,11,2.0,3.56,1.7,89.9,82.3,74.87,-0.8,50.0,6.04,-1.21,3.66,-5.68,5.96,0.85,-130.63,-1.92,-9.84,26.88,-21.85,24.0,6.0,24.0,1866,228,543760,595144,,543760,595144,,0,1,-2,top
2017-08-06,491761,4,445060,R,476704,L,32,Pop Out,3,2,170806_205337,4892cef0-a94e-4a08-ac27-5b18e37ff0be,1,0,1,S,Swinging Strike,FS,7,2.0,3.17,1.35,81.1,75.0,38.38,-0.99,50.0,5.65,-0.42,1.4,-7.74,1.72,3.7,-117.76,-3.52,-10.94,21.04,-29.74,19.2,9.6,24.0,,266,543760,595144,,543760,595144,,0,1,-2,top
2017-08-06,491761,4,445060,R,476704,L,32,Pop Out,3,3,170806_205409,b54cd9e7-b601-4c49-8e42-efe2c774851b,1,1,1,X,In play- out(s),FF,12,2.0,3.17,1.35,90.4,82.9,57.25,-0.52,50.0,5.97,0.79,2.93,-4.54,8.41,4.94,-131.18,-4.54,-7.95,26.43,-17.44,20.4,4.8,24.0,1853,208,543760,595144,,543760,595144,,0,1,-2,top
2017-08-06,491761,4,445060,R,501981,R,33,Strikeout,5,1,170806_205443,c37147c7-d20c-4729-88e9-15b1705a314d,0,0,2,S,Swinging Strike,SL,3,2.0,3.34,1.4,80.9,74.5,78.0,-0.79,50.0,6.06,0.61,3.08,2.12,-2.74,2.6,-117.45,0.84,2.98,21.4,-36.02,6.0,10.8,24.0,2224,35,543760,595144,,,,,0,1,-2,top
2017-08-06,491761,4,445060,R,501981,R,33,Strikeout,5,2,170806_205504,3a6118e7-aeaf-43ce-b829-89dac4315f0c,0,1,2,B,Ball,FF,12,2.0,3.71,1.6,92.0,84.3,64.0,-0.49,50.0,6.01,0.8,3.84,-4.69,6.87,5.01,-133.61,-2.01,-8.52,27.33,-19.69,20.4,4.8,24.0,1949,214,543760,595144,,,,,0,1,-2,top
2017-08-06,491761,4,445060,R,501981,R,33,Strikeout,5,3,170806_205531,4a967de6-5d2d-4f63-931c-5dc13b5702a6,1,2,2,F,Foul,FF,12,2.0,3.34,1.4,91.7,84.1,48.94,-0.5,50.0,5.85,0.31,3.67,-4.87,7.38,3.79,-133.29,-2.18,-8.81,27.05,-18.82,22.8,4.8,24.0,2080,214,543760,595144,,,,,0,1,-2,top
2017-08-06,491761,4,445060,R,501981,R,33,Strikeout,5,4,170806_205554,ac93da57-a6d0-4afc-883a-9031ca9687e8,1,2,2,B,Ball,SL,14,2.0,3.8,1.69,79.6,73.7,16.71,-0.55,50.0,5.87,1.42,1.22,0.94,-2.01,4.24,-115.7,-3.01,1.28,21.12,-34.91,3.6,10.8,24.0,2280,25,543760,595144,,,,,0,1,-2,top
2017-08-06,491761,4,445060,R,501981,R,33,Strikeout,5,5,170806_205618,14207779-2ec3-45db-a99c-723680615258,2,3,2,C,Called Strike,FT,3,2.0,3.8,1.74,91.7,84.2,58.56,-0.37,50.0,6.02,0.69,3.47,-8.64,5.75,5.77,-133.13,-2.58,-15.61,26.6,-21.78,33.6,6.0,24.0,2046,239,543760,595144,,,,,0,1,-2,top
2017-08-06,491761,5,445060,R,592387,R,43,Double,3,1,170806_212128,934374b6-0e22-48bd-89d8-33d7e49987c9,0,1,0,C,Called Strike,FF,2,2.0,3.77,1.68,88.9,81.8,52.41,-0.6,50.0,5.99,0.18,3.38,-4.62,9.38,3.53,-129.12,-3.52,-7.87,24.56,-16.19,22.8,4.8,24.0,2147,207,,,,,592387,,0,0,2,top
2017-08-06,491761,5,445060,R,592387,R,43,Double,3,2,170806_212143,49ebfbfe-e396-43f1-a3f2-7a94d0d4007a,0,1,0,B,Ball,SL,14,2.0,3.83,1.68,80.0,74.4,16.9,-0.93,50.0,5.82,1.37,0.87,3.18,-0.2,4.34,-116.17,-4.33,4.38,20.39,-32.44,8.4,9.6,24.0,,68,,,,,592387,,0,0,2,top
2017-08-06,491761,5,445060,R,592387,R,43,Double,3,3,170806_212207,57777030-e975-4955-a41e-c8fa6e4862ac,1,1,0,D,In play- no out,SL,1,2.0,3.35,1.44,79.7,74.4,42.44,-0.98,50.0,6.08,-0.64,2.84,-0.25,-2.62,0.85,-115.98,0.3,-0.34,18.21,-35.8,0.0,10.8,24.0,2266,357,,,,,592387,,0,0,2,top
2017-08-11,491827,1,445060,R,516416,R,3,Groundout,4,1,170812_021538,55e25b3f-26ca-4535-8cc3-f1cac0774e4a,0,1,0,F,Foul,FF,12,2.0,3.2,1.38,90.9,83.1,69.34,-0.79,50.0,5.82,0.79,2.65,-5.6,10.63,6.02,-131.75,-5.68,-9.88,26.96,-13.42,31.2,3.6,24.0,2169,207,,,,,,,0,1,0,bottom
2017-08-11,491827,1,445060,R,516416,R,3,Groundout,4,2,170812_021554,72ef1193-7c6d-452d-90c8-d8e90c1eab41,0,1,0,B,Ball,FF,14,2.0,3.53,1.67,91.7,83.3,19.71,-0.44,50.0,5.97,2.05,2.58,-6.11,10.43,8.59,-132.75,-6.27,-10.87,29.42,-13.63,31.2,3.6,24.0,2291,209,,,,,,,0,1,0,bottom
2017-08-11,491827,1,445060,R,516416,R,3,Groundout,4,3,170812_021608,4678014a-1781-4afb-b6f2-c35e4dcc8399,1,2,0,C,Called Strike,SL,8,2.0,3.53,1.63,81.2,73.9,27.26,-1.07,50.0,5.99,0.01,1.78,1.64,-0.93,2.01,-117.74,-2.51,2.28,24.67,-33.47,4.8,9.6,24.0,2260,40,,,,,,,0,1,0,bottom
2017-08-11,491827,1,445060,R,516416,R,3,Groundout,4,4,170812_021626,2e5a4f61-3df3-48e6-8205-7fe60fcd365b,1,2,0,X,In play- out(s),SL,9,2.0,3.2,1.38,81.7,75.2,40.68,-0.97,50.0,5.85,0.41,1.52,0.65,-1.17,3.03,-118.65,-2.92,0.93,22.75,-33.84,2.4,9.6,24.0,2483,24,,,,,,,0,1,0,bottom
2017-08-11,491827,1,445060,R,475174,L,4,Strikeout,5,1,170812_021712,d95a5d4b-ced4-47f4-8516-daddbdb6fd02,0,1,1,F,Foul,FF,5,2.0,3.19,1.34,90.7,82.3,43.85,-0.8,50.0,5.85,0.16,2.42,-4.13,10.85,3.88,-131.48,-6.31,-7.18,29.44,-13.29,22.8,3.6,24.0,2189,201,,,,,,,0,1,0,bottom
2017-08-11,491827,1,445060,R,475174,L,4,Strikeout,5,2,170812_021731,22c2ea3c-738f-4980-9de6-e8c3cd3c0af0,0,1,1,B,Ball,KC,14,2.0,3.64,1.48,74.5,68.5,69.95,-1.14,50.0,6.0,0.71,1.23,8.14,-5.3,1.69,-108.14,-1.11,9.53,20.79,-38.38,14.4,13.2,24.0,2608,52,,,,,,,0,1,0,bottom
2017-08-11,491827,1,445060,R,475174,L,4,Strikeout,5,3,170812_021752,483d7ef2-0cbb-41ec-bb27-b6798f62c51a,1,2,1,F,Foul,FS,9,2.0,3.19,1.34,81.2,74.7,29.04,-0.93,50.0,5.79,0.4,1.88,-6.44,4.33,5.05,-117.8,-3.52,-9.09,21.45,-26.07,16.8,8.4,24.0,1212,241,,,,,,,0,1,0,bottom
2017-08-11,491827,1,445060,R,475174,L,4,Strikeout,5,4,170812_021816,523673df-bbce-4e2f-be0e-6f42edcee2df,1,2,1,B,Ball,FF,14,2.0,3.69,1.53,92.0,83.6,48.56,-0.65,50.0,5.95,1.01,2.52,-4.04,9.57,5.74,-133.28,-6.18,-7.24,29.52,-15.01,20.4,3.6,24.0,2011,202,,,,,,,0,1,0,bottom
2017-08-11,491827,1,445060,R,475174,L,4,Strikeout,5,5,170812_021840,06da8f65-5811-4fbe-843a-f4a8a7165599,2,3,1,C,Called Strike,FF,9,2.0,3.64,1.51,92.8,84.6,54.14,-0.91,50.0,5.62,0.63,1.77,-6.74,8.63,6.43,-134.57,-7.12,-12.33,29.74,-16.39,31.2,4.8,24.0,2007,220,,,,,,,0,1,0,bottom
2017-08-11,491827,1,445060,R,429664,L,5,Lineout,1,1,170812_021917,d2f091b8-7a11-4a1c-be6f-7ed2d9252c29,0,0,2,X,In play- out(s),KC,13,2.0,3.61,1.56,73.7,67.0,78.46,-1.17,50.0,6.13,-0.89,2.5,8.55,-6.8,-1.73,-106.88,1.91,9.72,21.32,-39.91,13.2,14.4,24.0,2553,47,,,,,,,0,1,0,bottom
2017-08-11,491827,2,445060,R,443558,R,10,Home Run,4,1,170812_023016,61e39c1d-f4ac-43ef-b0e3-c666cf2b597d,0,0,0,B,Ball,SL,14,2.0,3.93,1.69,82.2,75.7,60.9,-0.75,50.0,5.95,1.41,1.76,1.48,1.42,4.63,-119.28,-3.49,2.13,22.47,-30.13,4.8,8.4,24.0,2358,92,,,,,,,1,0,1,bottom
2017-08-11,491827,2,445060,R,443558,R,10,Home Run,4,2,170812_023030,cf79f621-aa40-422f-91b5-5dd962727ddb,1,0,0,B,Ball,FF,14,2.0,3.95,1.73,91.1,82.9,33.46,-0.76,50.0,5.74,1.34,1.81,-6.4,12.39,7.64,-131.73,-8.21,-11.25,27.97,-10.4,38.4,3.6,24.0,2250,207,,,,,,,1,0,1,bottom
2017-08-11,491827,2,445060,R,443558,R,10,Home Run,4,3,170812_023044,335492e4-e6e9-466c-906a-a974dbca60d1,2,0,0,B,Ball,FT,14,2.0,3.99,1.8,92.2,84.3,53.37,-0.56,50.0,5.67,1.18,0.93,-8.54,8.2,7.51,-133.42,-9.19,-15.4,28.52,-17.39,36.0,4.8,24.0,2050,230,,,,,,,1,0,1,bottom
2017-08-11,491827,2,445060,R,443558,R,10,Home Run,4,4,170812_023120,c4e6a807-4fb5-426a-a148-775775c75579,3,0,0,E,In play- run(s),FF,8,2.0,3.53,1.55,91.9,83.9,33.96,-0.86,50.0,5.72,0.1,2.02,-4.3,11.58,4.0,-133.32,-7.59,-7.74,28.41,-11.31,27.6,3.6,24.0,2173,200,,,,,,,1,0,1,bottom
2017-08-11,491827,2,445060,R,572122,L,11,Groundout,4,1,170812_023204,8e8a3ec1-87b0-429a-93a2-fd71ad9d003f,0,0,0,S,Swinging Strike,FS,13,2.0,3.22,1.29,80.7,74.3,84.88,-1.28,50.0,5.77,-0.18,1.26,-7.02,4.83,4.66,-117.06,-4.93,-9.77,21.52,-25.46,19.2,8.4,24.0,1486,242,,,,,,,0,1,0,bottom
2017-08-11,491827,2,445060,R,572122,L,11,Groundout,4,2,170812_023225,55e46fec-7600-4f23-9d55-b5511889f49c,0,2,0,C,Called Strike,FT,5,2.0,3.44,1.45,91.3,83.4,32.11,-0.81,50.0,5.77,-0.23,2.44,-9.15,7.42,4.63,-132.55,-5.08,-16.28,28.35,-18.98,37.2,6.0,24.0,2132,234,,,,,,,0,1,0,bottom
2017-08-11,491827,2,445060,R,572122,L,11,Groundout,4,3,170812_023235,19be7b96-89d0-43c3-98ae-e0d85ba4168f,0,2,0,B,Ball,FS,13,2.0,3.41,1.44,81.6,75.2,55.67,-1.36,50.0,5.76,-0.82,1.17,-6.11,3.82,3.11,-118.38,-5.01,-8.71,21.86,-26.73,16.8,8.4,24.0,1472,247,,,,,,,0,1,0,bottom
2017-08-11,491827,2,445060,R,572122,L,11,Groundout,4,4,170812_023255,a5441077-ae65-4b66-8567-392101d6913a,1,2,0,X,In play- out(s),FS,13,2.0,3.22,1.29,82.3,75.3,37.01,-0.98,50.0,5.82,-0.41,1.28,-8.36,3.03,3.89,-119.42,-4.76,-12.02,24.05,-27.81,21.6,8.4,24.0,1478,258,,,,,,,0,1,0,bottom
2017-08-11,491827,2,445060,R,592325,L,12,Strikeout,5,1,170812_023330,d6e2e171-3598-4df4-843b-f04ae63aac2a,0,0,1,B,Ball,FF,11,2.0,3.33,1.43,90.5,82.7,69.33,-0.82,50.0,5.77,-0.44,3.43,-6.34,7.93,3.14,-131.39,-2.53,-11.1,27.39,-18.28,28.8,4.8,24.0,2044,220,,,,,,,0,1,0,bottom
2017-08-11,491827,2,445060,R,592325,L,12,Strikeout,5,2,170812_023345,b76d1ad2-c9b3-4af1-a0e0-2c2733b26b3b,1,0,1,B,Ball,FS,11,2.0,3.39,1.49,80.3,74.1,12.81,-1.11,50.0,5.79,-1.46,2.49,-8.04,5.05,1.59,-116.63,-2.18,-11.16,20.37,-25.17,22.8,8.4,24.0,1470,243,,,,,,,0,1,0,bottom
2017-08-11,491827,2,445060,R,592325,L,12,Strikeout,5,3,170812_023401,cc078478-0eb3-4bb4-b524-75fe36f734a7,2,0,1,S,Swinging Strike,FT,11,2.0,3.31,1.42,90.8,82.8,32.78,-1.17,50.0,5.79,-1.3,2.85,-9.18,8.15,2.76,-131.74,-4.21,-16.12,28.28,-17.87,39.6,6.0,24.0,1991,232,,,,,,,0,1,0,bottom
2017-08-11,491827,2,445060,R,592325,L,12,Strikeout,5,4,170812_023424,b6d8e65b-d887-4ab8-9016-f0775d354c90,2,2,1,F,Foul,FF,12,2.0,3.31,1.42,92.5,83.8,56.5,-0.65,50.0,5.84,0.88,2.65,-6.4,11.53,6.23,-133.93,-6.29,-11.57,30.26,-11.34,38.4,3.6,24.0,2156,209,,,,,,,0,1,0,bottom
2017-08-11,491827,2,445060,R,592325,L,12,Strikeout,5,5,170812_023446,be89712f-16ed-41c0-b039-bca9fd490e4c,2,2,1,S,Swinging Strike,FS,8,2.0,3.31,1.42,81.4,75.2,23.46,-0.99,50.0,5.6,0.09,1.89,-6.19,3.82,4.43,-118.23,-2.99,-8.83,20.79,-26.73,16.8,8.4,24.0,1271,244,,,,,,,0,1,0,bottom
2017-08-11,491827,2,445060,R,502481,L,13,Pop Out,2,1,170812_023521,f43fb418-039a-43fe-a494-7eb84ed03617,0,0,2,B,Ball,KC,11,2.0,3.6,1.55,72.0,65.5,80.62,-1.3,50.0,6.22,-0.92,2.8,9.99,-5.09,-1.88,-104.33,2.2,10.85,19.9,-37.7,15.6,14.4,24.0,2443,58,,,,,,,0,1,0,bottom
2017-08-11,491827,2,445060,R,502481,L,13,Pop Out,2,2,170812_023536,7331ba52-bcf8-4d01-a82b-6bba0ad68457,1,0,2,X,In play- out(s),FT,2,2.0,3.28,1.45,91.6,83.2,37.64,-0.97,50.0,5.8,0.2,2.72,-8.34,9.86,5.89,-132.84,-5.26,-14.83,29.75,-14.64,40.8,4.8,24.0,2066,221,,,,,,,0,1,0,bottom
2017-08-11,491827,3,445060,R,572287,R,17,Strikeout,4,1,170812_024424,76273aff-eb69-46b2-9aec-c3d8c2d8a6cf,0,0,0,B,Ball,FT,12,2.0,3.78,1.55,91.4,82.9,39.09,-0.32,50.0,5.99,1.57,3.36,-9.56,8.05,8.17,-132.35,-3.44,-16.9,29.08,-17.94,39.6,6.0,24.0,2176,231,,,,,,,0,1,0,bottom
2017-08-11,491827,3,445060,R,572287,R,17,Strikeout,4,2,170812_024439,c777e9d8-465a-42a4-a7b7-4a7894f2575c,1,1,0,F,Foul,SL,4,2.0,3.21,1.31,80.0,73.0,27.68,-1.01,50.0,5.96,-0.27,2.33,2.83,-0.85,0.86,-116.07,-1.0,3.83,23.24,-33.32,7.2,9.6,24.0,2373,57,,,,,,,0,1,0,bottom
2017-08-11,491827,3,445060,R,572287,R,17,Strikeout,4,3,170812_024458,fe706101-8601-4fee-bb54-35d3cbefa852,1,1,0,S,Swinging Strike,KC,8,2.0,3.21,1.31,74.9,68.2,44.51,-1.11,50.0,6.0,-0.04,1.31,7.64,-7.46,0.16,-108.66,-0.36,8.95,22.65,-40.91,12.0,14.4,24.0,2532,41,,,,,,,0,1,0,bottom
2017-08-11,491827,3,445060,R,572287,R,17,Strikeout,4,4,170812_024521,557261f4-698f-4345-8a6b-b8876e5d8ac4,1,2,0,S,Swinging Strike,SL,14,2.0,3.21,1.31,82.8,76.0,25.99,-0.83,50.0,5.75,1.32,1.54,1.32,2.07,4.68,-120.1,-3.85,1.93,23.43,-29.16,4.8,8.4,24.0,2444,110,,,,,,,0,1,0,bottom
2017-08-11,491827,3,445060,R,547982,L,18,Groundout,6,1,170812_024558,71e7a3f0-8a15-45ed-a2f6-bb55dd822aed,0,0,1,B,Ball,KC,14,2.0,3.56,1.56,74.4,67.9,75.23,-1.12,50.0,5.97,1.15,0.57,7.77,-3.42,2.67,-107.83,-2.85,8.97,22.2,-36.12,14.4,13.2,24.0,2555,58,,,,,,,0,1,0,bottom
2017-08-11,491827,3,445060,R,547982,L,18,Groundout,6,2,170812_024622,dcb90580-2bf5-4a4e-8106-adc53fc781c1,1,1,1,F,Foul,FF,3,2.0,3.28,1.41,90.7,82.1,42.78,-0.86,50.0,5.8,0.26,3.19,-3.72,10.64,4.16,-131.53,-4.11,-6.47,29.91,-13.69,20.4,3.6,24.0,2098,198,,,,,,,0,1,0,bottom
2017-08-11,491827,3,445060,R,547982,L,18,Groundout,6,3,170812_024642,54d3175d-7a59-4f3b-bd89-3c10d99fa9e2,1,1,1,B,Ball,FS,13,2.0,3.75,1.57,81.9,74.8,49.95,-1.11,50.0,5.79,-1.28,2.0,-6.3,5.2,1.54,-118.76,-3.59,-8.98,23.29,-24.76,19.2,7.2,24.0,1270,238,,,,,,,0,1,0,bottom
2017-08-11,491827,3,445060,R,547982,L,18,Groundout,6,4,170812_024659,1232793e-752f-4519-bde3-4be273f8e6e8,2,1,1,S,Swinging Strike,FS,14,2.0,3.28,1.41,81.2,74.5,34.89,-1.03,50.0,5.62,0.28,1.19,-8.75,1.74,5.69,-117.78,-3.9,-12.27,22.69,-29.73,20.4,9.6,24.0,1392,267,,,,,,,0,1,0,bottom
2017-08-11,491827,3,445060,R,547982,L,18,Groundout,6,5,170812_024719,09fb07a0-c7e8-42e0-8616-27e2a69dbf15,2,2,1,F,Foul,FF,5,2.0,3.28,1.41,92.7,83.7,27.73,-0.74,50.0,5.81,0.18,2.55,-5.09,10.8,4.16,-134.29,-6.22,-9.2,31.65,-12.64,30.0,3.6,24.0,2095,206,,,,,,,0,1,0,bottom
2017-08-11,491827,3,445060,R,547982,L,18,Groundout,6,6,170812_024743,29ff9219-d487-4296-b17a-7050f3b88749,2,2,1,X,In play- out(s),SL,5,2.0,3.28,1.41,80.1,73.8,20.09,-1.12,50.0,5.85,0.13,2.18,2.87,0.22,2.01,-116.33,-1.49,3.95,21.34,-31.88,7.2,9.6,24.0,,75,,,,,,,0,1,0,bottom
2017-08-11,491827,3,445060,R,516416,R,19,Double,2,1,170812_024818,0e2a22a4-acef-4aa4-9e7b-47d5c945bc47,0,0,2,B,Ball,KC,13,2.0,3.43,1.56,72.9,66.0,84.62,-1.06,50.0,6.15,-1.24,1.95,8.29,-5.98,-2.58,-105.58,0.71,9.16,21.58,-38.78,13.2,14.4,24.0,2393,47,,,,,516416,,0,0,0,bottom
2017-08-11,491827,3,445060,R,516416,R,19,Double,2,2,170812_024837,5bcdaef0-6d3d-4724-8fa2-c5b1e9c1007d,1,0,2,D,In play- no out,SL,2,2.0,3.2,1.38,82.1,74.9,25.96,-1.13,50.0,5.91,-0.11,2.77,2.22,2.97,1.71,-119.1,-1.42,3.18,23.87,-27.93,7.2,8.4,24.0,2053,128,,,,,516416,,0,0,0,bottom
2017-08-11,491827,3,445060,R,475174,L,20,Groundout,1,1,170812_024932,048432c4-91cb-48f9-aef7-3abe3433bb29,0,0,2,X,In play- out(s),FS,11,2.0,3.19,1.34,81.2,74.0,95.09,-1.11,50.0,5.89,-0.97,2.51,-5.56,5.01,1.98,-117.77,-2.42,-7.77,23.34,-25.16,15.6,7.2,24.0,1307,234,,516416,,,,,0,1,0,bottom
2017-08-11,491827,4,445060,R,429664,L,26,Groundout,3,1,170812_030210,91e444e1-6e19-400f-853d-580ed95086e7,0,0,0,B,Ball,FT,13,2.0,3.92,1.7,89.7,81.9,28.77,-1.02,50.0,5.78,-1.35,2.77,-8.25,5.79,1.9,-130.33,-3.41,-14.16,27.86,-22.24,31.2,6.0,24.0,1985,240,,,,,,,0,1,0,bottom
2017-08-11,491827,4,445060,R,429664,L,26,Groundout,3,2,170812_030222,1b46e2ea-cc09-4c21-b065-2a2f9ba8ad37,1,0,0,B,Ball,FS,14,2.0,3.98,1.72,81.7,74.6,36.85,-0.87,50.0,5.6,1.12,1.04,-5.48,8.33,6.28,-118.25,-6.28,-7.75,22.97,-20.41,16.8,6.0,24.0,1590,215,,,,,,,0,1,0,bottom
2017-08-11,491827,4,445060,R,429664,L,26,Groundout,3,3,170812_030248,409ef1a5-f8c4-4c62-a78d-565fff907792,2,0,0,X,In play- out(s),FT,13,2.0,3.61,1.56,89.7,81.5,65.33,-1.52,50.0,5.48,-0.94,1.89,-10.28,7.74,4.91,-130.1,-5.48,-17.51,28.8,-18.98,39.6,6.0,24.0,2061,236,,,,,,,0,1,0,bottom
2017-08-11,491827,4,445060,R,443558,R,27,Double,5,1,170812_030325,8c3fda3e-1453-441f-9a15-e99a2d2885c5,0,1,1,F,Foul,FF,14,2.0,3.53,1.55,92.6,83.9,71.34,-0.64,50.0,5.73,0.86,2.17,-5.52,9.99,5.85,-134.17,-6.71,-9.99,31.1,-14.1,28.8,3.6,24.0,2254,209,,,,,443558,,0,0,0,bottom
2017-08-11,491827,4,445060,R,443558,R,27,Double,5,2,170812_030338,f94025eb-f3a8-4729-a6ea-fcee0bb86039,0,1,1,B,Ball,FS,14,2.0,3.9,1.76,82.1,75.6,39.95,-0.99,50.0,5.56,1.18,0.1,-6.47,3.6,7.08,-118.87,-7.08,-9.28,22.45,-27.01,15.6,8.4,24.0,1356,251,,,,,443558,,0,0,0,bottom
2017-08-11,491827,4,445060,R,443558,R,27,Double,5,3,170812_030355,5134162c-380f-4e73-b7e9-d4bf1cf8251d,1,1,1,S,Swinging Strike,SL,14,2.0,3.53,1.55,82.0,74.6,52.83,-1.07,50.0,5.87,0.71,1.48,1.46,-2.76,3.7,-118.96,-2.53,2.06,25.9,-36.07,4.8,10.8,24.0,2330,26,,,,,443558,,0,0,0,bottom
2017-08-11,491827,4,445060,R,443558,R,27,Double,5,4,170812_030411,ac85f20d-fe95-4039-9f24-466c58eedb56,1,2,1,B,Ball,FT,14,2.0,3.93,1.7,92.4,83.8,25.79,-0.4,50.0,5.84,1.3,2.65,-9.12,9.06,7.59,-133.81,-5.42,-16.45,30.25,-15.82,40.8,4.8,24.0,2188,227,,,,,443558,,0,0,0,bottom
2017-08-11,491827,4,445060,R,443558,R,27,Double,5,5,170812_030427,7f0aac57-6eee-4993-ac4d-b4b8d9924caf,2,2,1,D,In play- no out,KC,5,2.0,3.53,1.55,74.5,67.4,29.29,-1.16,50.0,6.18,-0.08,2.57,8.38,-5.79,-0.01,-107.95,1.56,9.68,22.39,-38.86,14.4,14.4,24.0,2568,51,,,,,443558,,0,0,0,bottom
2017-08-11,491827,4,445060,R,572122,L,28,Groundout,8,1,170812_030539,82de9b09-c784-46da-aa31-7521bdbf3999,0,0,1,S,Swinging Strike,KC,8,2.0,3.22,1.29,74.6,67.4,62.79,-1.14,50.0,6.03,-0.2,1.76,9.27,-7.34,-0.55,-108.11,0.62,10.68,23.52,-40.63,14.4,14.4,24.0,2486,47,,443558,,,,443558,0,1,0,bottom
2017-08-11,491827,4,445060,R,572122,L,28,Groundout,8,2,170812_030607,844f1730-ebff-4a15-9e77-f59c54a0e504,0,2,1,F,Foul,FS,9,2.0,3.22,1.29,81.6,74.4,33.74,-0.88,50.0,5.62,0.29,1.36,-7.88,1.68,5.1,-118.21,-3.51,-11.08,23.86,-29.81,18.0,9.6,24.0,1449,267,,443558,,,,443558,0,1,0,bottom
2017-08-11,491827,4,445060,R,572122,L,28,Groundout,8,3,170812_030643,42439f53-ac7d-46f1-a8b1-cb386f2b7054,0,2,1,B,Ball,FT,11,2.0,3.43,1.42,91.3,82.4,24.78,-1.16,50.0,5.8,-1.57,2.47,-10.0,7.06,2.3,-132.39,-4.84,-17.5,31.87,-19.82,38.4,6.0,24.0,2042,240,,443558,,,,443558,0,1,0,bottom
2017-08-11,491827,4,445060,R,572122,L,28,Groundout,8,4,170812_030706,ac53fdd2-c5a8-4f5e-bd62-88c7c56a7752,2,2,1,*B,Ball In Dirt,KC,14,2.0,3.39,1.43,75.2,68.5,33.16,-1.13,50.0,5.83,1.8,0.27,8.44,-6.59,3.9,-108.94,-2.47,9.89,23.71,-39.89,14.4,14.4,24.0,2624,48,,443558,,,,443558,0,1,0,bottom
2017-08-11,491827,4,445060,R,572122,L,28,Groundout,8,5,170812_030741,aa916696-96a9-41a1-b5d8-66f2cb042538,2,2,1,F,Foul,FS,13,2.0,3.22,1.29,81.3,74.5,41.23,-1.24,50.0,5.57,-0.41,1.17,-5.76,1.67,3.67,-117.97,-3.82,-8.09,23.23,-29.83,13.2,9.6,24.0,1390,266,,443558,,,,443558,0,1,0,bottom
2017-08-11,491827,4,445060,R,572122,L,28,Groundout,8,6,170812_030810,f67e04c0-8de3-44ee-a695-2ce5d5fdaafb,2,2,1,B,Ball,FF,11,2.0,3.41,1.42,91.7,82.6,23.08,-1.02,50.0,6.01,-1.5,4.05,-6.0,8.61,0.79,-132.99,-1.88,-10.62,31.7,-16.93,31.2,4.8,24.0,2098,218,,443558,,,,443558,0,1,0,bottom
2017-08-11,491827,4,445060,R,572122,L,28,Groundout,8,7,170812_030840,b4fbe655-8fe6-4f05-a55d-0801147a2893,3,2,1,X,In play- out(s),FS,8,2.0,3.22,1.29,81.6,74.3,30.04,-1.01,50.0,5.68,-0.1,1.42,-8.45,4.0,4.67,-118.27,-4.22,-11.88,24.1,-26.54,21.6,8.4,24.0,1432,252,,443558,,,,443558,0,1,0,bottom
2017-08-11,491827,4,445060,R,592325,L,29,Pop Out,1,1,170812_030931,b718e114-3bcc-497f-b986-445c2bc755a6,0,0,2,X,In play- out(s),FS,4,2.0,3.31,1.42,82.1,74.0,78.71,-1.24,50.0,5.79,-0.5,2.34,-6.39,5.71,3.66,-118.88,-2.88,-9.0,26.06,-24.12,18.0,7.2,24.0,1332,233,,,443558,,,,0,1,0,bottom
2017-08-11,491827,5,445060,R,502481,L,35,Single,4,1,170812_032551,a8b1edcb-ccce-42c4-b2fc-59afe7261326,0,1,0,F,Foul,SL,7,2.0,3.28,1.45,77.3,70.7,67.34,-1.56,50.0,5.79,-0.35,1.79,2.13,-2.81,2.07,-112.14,-0.73,2.69,21.91,-35.72,4.8,12.0,24.0,2285,32,,,,502481,,,0,0,0,bottom
2017-08-11,491827,5,445060,R,502481,L,35,Single,4,2,170812_032611,27bb2c0f-7b43-4402-9034-6d6b456f6df0,0,1,0,B,Ball,KC,13,2.0,3.69,1.6,72.9,66.6,35.06,-1.54,50.0,6.23,-2.06,2.11,6.92,-6.73,-2.94,-105.7,1.0,7.72,20.31,-39.68,10.8,14.4,24.0,2551,39,,,,502481,,,0,0,0,bottom
2017-08-11,491827,5,445060,R,502481,L,35,Single,4,3,170812_032624,d845c80e-0238-4213-8ae9-e4a8954a0415,1,1,0,S,Swinging Strike,FS,13,2.0,3.28,1.45,78.9,72.7,12.68,-1.0,50.0,5.77,-0.13,0.62,-7.7,3.29,4.22,-114.43,-5.48,-10.22,20.96,-27.81,18.0,9.6,24.0,1407,256,,,,502481,,,0,0,0,bottom
2017-08-11,491827,5,445060,R,502481,L,35,Single,4,4,170812_032655,77eecbdb-fd8f-4fef-a5fa-3b4ee84d0530,1,2,0,D,In play- no out,FT,1,2.0,3.28,1.45,91.8,83.1,46.98,-0.83,50.0,5.8,-0.47,2.73,-9.09,9.68,4.04,-133.08,-5.18,-16.19,30.54,-14.95,43.2,4.8,24.0,2091,226,,,,502481,,,0,0,0,bottom
2017-08-11,491827,5,445060,R,572287,R,36,Home Run,6,1,170812_032726,17dab8f2-9f07-4e0e-b89c-d565d8114113,0,0,0,B,Ball,FT,11,2.0,3.65,1.55,90.5,81.9,66.95,-0.61,50.0,5.82,-0.61,3.69,-8.78,7.93,2.95,-131.32,-1.94,-15.21,29.81,-18.43,37.2,6.0,24.0,2083,230,502481,,,,,,2,0,0,bottom
2017-08-11,491827,5,445060,R,572287,R,36,Home Run,6,2,170812_032753,200fd433-411e-434e-9191-c82d6f61637c,2,0,0,*B,Ball In Dirt,SL,14,2.0,3.71,1.68,80.3,74.1,44.54,-0.89,50.0,5.73,1.28,0.85,1.1,-0.4,4.67,-116.57,-4.11,1.51,22.05,-32.72,3.6,9.6,24.0,2340,44,502481,,,,,,2,0,0,bottom
2017-08-11,491827,5,445060,R,572287,R,36,Home Run,6,3,170812_032821,207c0d11-8c51-4246-83b0-05722cbabb1e,2,1,0,C,Called Strike,FT,8,2.0,3.71,1.54,91.0,83.1,39.09,-0.54,50.0,5.66,0.13,1.9,-7.67,7.52,4.33,-131.94,-6.15,-13.52,28.07,-18.92,32.4,6.0,24.0,2036,229,502481,,,,,,2,0,0,bottom
2017-08-11,491827,5,445060,R,572287,R,36,Home Run,6,4,170812_032939,82f880f9-0b8c-43d6-a57f-0e95d7e3ce7f,2,1,0,E,In play- run(s),SL,6,2.0,3.21,1.31,80.7,73.2,31.97,-0.97,50.0,5.88,0.37,2.39,0.26,0.4,3.0,-116.99,-1.13,0.36,24.63,-31.62,1.2,9.6,24.0,2121,46,502481,,,,,,2,0,0,bottom
2017-08-11,491827,5,445060,R,547982,L,37,Groundout,2,1,170812_033034,11a2905a-0646-4f36-b3a4-0d933a9b6b13,0,0,0,S,Swinging Strike,FS,13,2.0,3.28,1.41,81.5,74.4,92.3,-1.37,50.0,5.82,-0.75,2.04,-6.28,4.97,3.36,-118.17,-3.41,-8.85,23.42,-25.17,18.0,8.4,24.0,1350,238,,,,,,,0,1,-2,bottom
2017-08-11,491827,5,445060,R,547982,L,37,Groundout,2,2,170812_033056,7414f68e-8c14-4baa-a9ad-1d0ff3085d87,0,1,0,X,In play- out(s),SL,8,2.0,3.28,1.41,82.9,75.3,30.18,-1.14,50.0,5.8,0.15,1.51,0.49,2.02,2.88,-120.16,-3.92,0.71,26.04,-29.26,2.4,8.4,24.0,2297,120,,,,,,,0,1,-2,bottom
2017-08-11,491827,5,445060,R,516416,R,38,Walk,5,1,170812_033128,87919ed6-0ea2-40fd-be42-43dd6d9f06e2,0,0,1,B,Ball,FF,11,2.0,3.2,1.48,91.4,82.7,61.22,-0.8,50.0,5.81,-0.21,3.59,-4.71,9.55,3.13,-132.47,-2.85,-8.3,30.16,-15.32,25.2,3.6,24.0,1923,207,,,,516416,,,0,0,-2,bottom
2017-08-11,491827,5,445060,R,516416,R,38,Walk,5,2,170812_033144,554d6442-6acf-406d-a679-c40eb26269a1,1,1,1,F,Foul,SL,14,2.0,3.2,1.38,81.1,74.5,40.62,-1.0,50.0,5.77,0.27,1.06,0.83,-1.49,2.68,-117.72,-3.56,1.16,23.24,-34.25,2.4,9.6,24.0,2202,23,,,,516416,,,0,0,-2,bottom
2017-08-11,491827,5,445060,R,516416,R,38,Walk,5,3,170812_033206,74293ed7-d027-4be6-9733-eb369b1b897b,1,1,1,B,Ball,FS,13,2.0,3.54,1.58,81.6,75.5,11.24,-1.16,50.0,5.62,-0.08,0.58,-5.04,1.27,4.08,-118.48,-5.33,-7.19,21.84,-30.36,12.0,9.6,24.0,1304,272,,,,516416,,,0,0,-2,bottom
2017-08-11,491827,5,445060,R,516416,R,38,Walk,5,4,170812_033230,63c6081b-4ff0-4106-b17b-d7823e6a2e2d,2,1,1,B,Ball,FT,13,2.0,3.59,1.62,90.0,81.3,34.87,-1.18,50.0,5.59,-1.47,1.98,-8.02,7.86,1.93,-130.5,-5.59,-13.65,30.78,-18.8,33.6,6.0,24.0,1901,231,,,,516416,,,0,0,-2,bottom
2017-08-11,491827,5,445060,R,516416,R,38,Walk,5,5,170812_033251,7463acef-381e-4c4a-b799-a4ce13f07dc4,3,1,1,B,Ball,FT,13,2.0,3.51,1.55,91.8,83.0,48.6,-0.64,50.0,5.62,-0.1,1.52,-7.7,8.61,4.02,-132.97,-7.45,-13.62,31.6,-16.93,34.8,4.8,24.0,2072,226,,,,516416,,,0,0,-2,bottom
2017-08-11,491827,5,445060,R,475174,L,39,Double Play,2,1,170812_033331,75d7725c-ca8f-49fb-a832-f68bac81250f,0,0,1,S,Swinging Strike,KC,8,2.0,3.19,1.34,74.9,68.1,65.89,-1.06,50.0,5.96,0.18,1.57,5.4,-5.74,1.15,-108.63,-0.19,6.32,22.61,-38.9,9.6,13.2,24.0,2391,38,516416,,,,,,0,2,-2,bottom
2017-08-11,491827,5,445060,R,475174,L,39,Double Play,2,2,170812_033357,ad509141-f4a0-4fd1-92cc-890f9a3bdc23,0,1,1,X,In play- out(s),FF,12,2.0,3.19,1.34,90.1,81.0,55.71,-0.53,50.0,5.8,0.94,2.68,-3.38,10.74,4.89,-130.54,-5.26,-5.74,31.48,-13.94,16.8,3.6,24.0,2002,196,516416,,,,,,0,2,-2,bottom
2017-08-11,491827,6,445060,R,429664,L,44,Double,1,1,170812_034530,5ccea5bd-a235-4413-b9fc-ebc905fd1846,0,0,0,D,In play- no out,FS,8,2.0,3.61,1.56,81.0,74.2,77.46,-1.17,50.0,5.71,-0.19,2.0,-7.52,5.56,4.56,-117.51,-3.34,-10.51,22.35,-24.4,21.6,7.2,24.0,1578,238,,,,,429664,,0,0,-2,bottom
2017-08-11,491827,6,445060,R,443558,R,45,Double,7,1,170812_034649,7506d75f-1809-42d3-a1c4-546355d99241,0,1,0,C,Called Strike,FT,14,2.0,3.59,1.71,90.8,82.6,60.72,-0.66,50.0,5.6,0.42,1.65,-9.33,8.1,5.95,-131.49,-6.78,-16.28,28.66,-18.03,37.2,6.0,24.0,2047,232,,429664,,,443558,,1,0,-2,bottom
2017-08-11,491827,6,445060,R,443558,R,45,Double,7,2,170812_034707,4358bd9d-7dd4-44ab-8650-7ec97e7bc51a,0,2,0,W,Swinging Strike (Blocked),FS,14,2.0,3.53,1.55,81.2,74.4,14.5,-0.93,50.0,5.58,0.18,0.81,-7.67,3.56,4.89,-117.69,-5.23,-10.73,22.83,-27.19,19.2,8.4,24.0,1503,254,,429664,,,443558,,1,0,-2,bottom
2017-08-11,491827,6,445060,R,443558,R,45,Double,7,3,170812_034730,73e887b1-ff99-4d81-ad85-f9b0dc074611,0,2,0,F,Foul,FT,7,2.0,3.53,1.55,90.1,82.5,58.47,-1.29,50.0,5.62,-0.67,1.88,-8.86,6.24,4.57,-130.81,-5.52,-15.37,27.25,-21.34,32.4,6.0,24.0,2008,239,,429664,,,443558,,1,0,-2,bottom
2017-08-11,491827,6,445060,R,443558,R,45,Double,7,4,170812_034904,a562ca0d-807d-4117-9597-beeb15173eaa,0,2,0,B,Ball,FS,13,2.0,3.9,1.67,79.1,72.2,37.26,-1.21,50.0,5.57,-1.01,1.12,-5.93,3.05,2.19,-114.69,-3.83,-7.85,22.57,-28.14,14.4,9.6,24.0,1356,254,,429664,,,443558,,1,0,-2,bottom
2017-08-11,491827,6,445060,R,443558,R,45,Double,7,5,170812_034925,040902c7-0f95-4583-ae89-2dfb11888d6f,1,2,0,B,Ball,FS,13,2.0,3.96,1.7,81.0,73.6,17.95,-1.37,50.0,5.59,-2.39,2.03,-5.85,5.41,-0.61,-117.39,-2.87,-8.09,23.82,-24.69,18.0,7.2,24.0,1299,236,,429664,,,443558,,1,0,-2,bottom
2017-08-11,491827,6,445060,R,443558,R,45,Double,7,6,170812_034957,07632472-1041-4a25-ac3b-89a23dbd3d81,3,2,0,*B,Ball In Dirt,SL,14,2.0,3.91,1.73,80.2,73.0,37.9,-0.98,50.0,5.65,1.24,0.38,1.67,2.53,4.57,-116.11,-5.7,2.24,24.68,-28.77,6.0,9.6,24.0,2224,106,,429664,,,443558,,1,0,-2,bottom
2017-08-11,491827,6,445060,R,443558,R,45,Double,7,7,170812_035037,0ebdd378-f1b5-4531-8633-75519b7c25d0,3,2,0,E,In play- run(s),FF,6,2.0,3.53,1.55,92.8,83.6,43.96,-0.69,50.0,5.77,0.62,2.85,-5.62,9.74,5.4,-134.41,-4.94,-10.15,32.42,-14.57,30.0,3.6,24.0,2138,210,,429664,,,443558,,1,0,-2,bottom
2017-08-16,491896,1,445060,R,435062,R,3,Groundout,5,1,170816_171308,eeb80274-07b8-4c94-ad0c-4dd62c1a962f,0,1,0,C,Called Strike,FF,3,2.0,3.24,1.47,90.9,83.3,59.97,-0.74,50.0,6.31,0.28,3.14,-6.2,11.51,4.75,-131.92,-6.02,-10.98,26.61,-11.77,37.2,3.6,24.0,2142,209,,,,,,,0,1,0,bottom
2017-08-16,491896,1,445060,R,435062,R,3,Groundout,5,2,170816_171320,ac9c7264-c137-4a2d-8e21-2ed78b06ead8,0,1,0,B,Ball,SL,11,2.0,3.33,1.5,80.3,74.2,41.51,-1.24,50.0,6.56,-1.09,3.9,3.84,0.01,-0.81,-116.65,0.83,5.34,20.09,-32.17,9.6,9.6,24.0,2430,79,,,,,,,0,1,0,bottom
2017-08-16,491896,1,445060,R,435062,R,3,Groundout,5,3,170816_171335,6d907e02-acfc-4028-acd8-fbea4598623c,1,1,0,B,Ball,SL,11,2.0,3.3,1.47,78.7,74.0,42.83,-1.26,50.0,6.25,-0.72,2.7,1.35,-0.94,0.84,-114.53,-0.79,1.83,16.31,-33.46,3.6,9.6,24.0,2456,40,,,,,,,0,1,0,bottom
2017-08-16,491896,1,445060,R,435062,R,3,Groundout,5,4,170816_171351,c48df84d-d940-456e-88ec-7d48a679ebe8,2,2,0,F,Foul,FT,5,2.0,3.17,1.21,90.8,83.2,23.71,-0.73,50.0,6.12,0.0,2.21,-8.68,10.24,4.85,-131.74,-7.48,-15.3,27.03,-14.11,42.0,4.8,24.0,2097,222,,,,,,,0,1,0,bottom
2017-08-16,491896,1,445060,R,435062,R,3,Groundout,5,5,170816_171415,8eaf1b77-0c37-484a-88d6-c822567d9a67,2,2,0,X,In play- out(s),FF,12,2.0,3.17,1.21,92.2,85.5,49.87,-0.62,50.0,6.2,1.15,2.19,-6.53,10.63,6.95,-133.75,-8.3,-12.04,24.04,-12.57,37.2,3.6,24.0,2117,212,,,,,,,0,1,0,bottom
2017-08-16,491896,1,445060,R,594694,L,4,Single,6,1,170816_171450,2de462a2-2063-48b6-9653-23d8a1d28246,0,0,1,B,Ball,FT,11,2.0,3.1,1.51,91.5,84.1,51.28,-0.83,50.0,6.21,-0.14,3.51,-9.8,7.09,5.19,-132.9,-3.43,-17.68,26.25,-19.39,39.6,6.0,24.0,2065,236,,,,594694,,,0,0,0,bottom
2017-08-16,491896,1,445060,R,594694,L,4,Single,6,2,170816_171506,7b7b4725-75ff-48f1-b396-10ad5056df4b,1,1,1,F,Foul,FT,11,2.0,2.89,1.12,90.2,83.1,50.38,-0.85,50.0,6.29,-0.09,3.08,-10.4,7.41,5.5,-131.03,-4.64,-18.25,25.23,-19.16,40.8,6.0,24.0,2009,237,,,,594694,,,0,0,0,bottom
2017-08-16,491896,1,445060,R,594694,L,4,Single,6,3,170816_171539,bfb67418-73fe-4aab-acc4-71c1613b3bc9,1,1,1,S,Swinging Strike,FS,5,2.0,2.89,1.12,81.4,75.4,12.39,-1.06,50.0,6.2,-0.11,1.98,-9.11,3.94,5.02,-118.16,-4.22,-13.01,20.4,-26.55,24.0,8.4,24.0,1261,252,,,,594694,,,0,0,0,bottom
2017-08-16,491896,1,445060,R,594694,L,4,Single,6,4,170816_171558,7f59665b-181f-4fc2-b39f-fbe2a1c3d47e,1,2,1,B,Ball,FS,13,2.0,3.1,1.48,79.6,74.2,38.1,-1.24,50.0,6.2,-1.16,2.08,-6.57,3.49,2.15,-115.77,-3.53,-9.06,18.45,-27.36,16.8,8.4,24.0,1192,249,,,,594694,,,0,0,0,bottom
2017-08-16,491896,1,445060,R,594694,L,4,Single,6,5,170816_171614,5cfdd6df-6ed9-4263-82fd-797a559fa415,2,2,1,F,Foul,FF,11,2.0,2.89,1.12,90.4,83.6,18.7,-0.76,50.0,6.33,-0.02,3.65,-5.04,8.97,3.63,-131.51,-3.9,-8.94,24.36,-16.25,26.4,4.8,24.0,2030,210,,,,594694,,,0,0,0,bottom
2017-08-16,491896,1,445060,R,594694,L,4,Single,6,6,170816_171634,8b4d2ab4-03c0-45ed-9b9a-50001d3a43f8,2,2,1,D,In play- no out,FS,5,2.0,2.89,1.12,81.9,75.6,18.33,-1.12,50.0,6.14,0.05,1.76,-8.76,2.42,5.44,-118.84,-4.18,-12.61,21.45,-28.7,21.6,8.4,24.0,1249,262,,,,594694,,,0,0,0,bottom
2017-08-16,491896,1,445060,R,502517,L,5,Groundout,11,1,170816_171720,d4b9d8a5-c70c-44ff-87ec-46d291aaff27,0,1,1,F,Foul,FT,2,2.0,3.08,1.32,90.2,82.5,43.87,-0.69,50.0,6.17,0.03,2.95,-8.34,10.77,4.69,-130.87,-5.73,-14.5,26.97,-13.45,43.2,4.8,24.0,1891,219,594694,,,,,594694,0,1,0,bottom
2017-08-16,491896,1,445060,R,502517,L,5,Groundout,11,2,170816_171746,8e8d8680-dd1c-4606-b677-5d1ed405c732,0,2,1,F,Foul,FT,11,2.0,3.08,1.32,90.0,82.6,41.3,-0.84,50.0,6.2,-1.52,2.92,-9.06,7.76,1.28,-130.77,-4.87,-15.75,26.57,-18.68,38.4,6.0,24.0,1851,233,594694,,,,,594694,0,1,0,bottom
2017-08-16,491896,1,445060,R,502517,L,5,Groundout,11,3,170816_171814,d7724b4b-5adf-40d6-8057-28d6c33bf431,0,2,1,B,Ball,FS,11,2.0,3.46,1.63,80.3,74.2,26.99,-1.15,50.0,6.2,-1.78,3.78,-3.93,5.19,-0.27,-116.66,-0.21,-5.49,19.43,-24.94,12.0,7.2,24.0,1263,222,594694,,,,,594694,0,1,0,bottom
2017-08-16,491896,1,445060,R,502517,L,5,Groundout,11,4,170816_171835,98fa4779-9789-4186-851b-9b335d7cd73f,1,2,1,F,Foul,SL,6,2.0,3.08,1.32,77.7,71.6,25.15,-1.09,50.0,6.21,0.28,1.92,3.07,1.74,2.16,-112.79,-2.84,3.96,20.27,-29.93,8.4,9.6,24.0,2171,97,594694,,,,,594694,0,1,0,bottom
2017-08-16,491896,1,445060,R,502517,L,5,Groundout,11,5,170816_171909,f84a6c1f-58ff-4938-b42a-919b4d9ec072,1,2,1,F,Foul,FF,12,2.0,3.08,1.32,91.4,84.4,58.37,-0.68,50.0,6.19,0.76,2.98,-4.08,8.96,5.19,-132.8,-5.44,-7.37,25.21,-15.97,20.4,3.6,24.0,1991,204,594694,,,,,594694,0,1,0,bottom
2017-08-16,491896,1,445060,R,502517,L,5,Groundout,11,6,170816_171955,023b97f5-88fd-420e-b41e-f7edeb9c81f8,1,2,1,B,Ball,KC,11,2.0,3.43,1.63,72.7,67.3,45.05,-1.48,50.0,6.56,-2.4,3.75,7.96,-4.2,-4.1,-105.58,2.97,9.05,16.69,-36.95,13.2,13.2,24.0,2416,57,594694,,,,,594694,0,1,0,bottom
2017-08-16,491896,1,445060,R,502517,L,5,Groundout,11,7,170816_172034,dde252b1-351e-4f79-b36b-3216ae37a77f,3,2,1,*B,Ball In Dirt,FS,14,2.0,3.46,1.58,82.3,76.9,28.06,-0.92,50.0,5.95,0.58,0.92,-7.64,4.92,5.92,-119.49,-6.7,-11.24,19.16,-24.93,21.6,7.2,24.0,1317,243,594694,,,,,594694,0,1,0,bottom
2017-08-16,491896,1,445060,R,502517,L,5,Groundout,11,8,170816_172103,21a795e7-bcd5-446e-b9fe-77750e2b36c4,3,2,1,F,Foul,FF,2,2.0,3.08,1.32,91.8,85.0,36.41,-0.9,50.0,6.19,-0.09,3.01,-5.77,10.38,4.14,-133.47,-5.95,-10.55,24.74,-13.18,34.8,3.6,24.0,2003,210,594694,,,,,594694,0,1,0,bottom
2017-08-16,491896,1,445060,R,502517,L,5,Groundout,11,9,170816_172137,9630f55a-8f8c-4421-a266-5c3f6deb3e5a,3,2,1,F,Foul,FF,11,2.0,3.08,1.32,92.5,85.1,62.41,-1.04,50.0,6.11,-0.97,2.9,-7.65,8.89,2.82,-134.55,-5.58,-14.11,27.32,-15.76,38.4,4.8,24.0,1810,223,594694,,,,,594694,0,1,0,bottom
2017-08-16,491896,1,445060,R,502517,L,5,Groundout,11,10,170816_172207,e42a889a-be11-4fe3-a61c-4503c589cf8a,3,2,1,X,In play- out(s),FT,2,2.0,3.08,1.32,93.1,85.9,40.79,-0.66,50.0,6.12,0.09,2.85,-9.21,8.18,5.24,-135.29,-5.64,-17.26,26.33,-16.84,42.0,4.8,24.0,1871,231,594694,,,,,594694,0,1,0,bottom
2017-08-16,491896,1,445060,R,475582,R,6,Home Run,2,1,170816_172251,d6df05b4-96cf-495c-bc2b-fa0fe87ac2a9,0,0,2,B,Ball,SL,14,2.0,3.49,1.67,81.7,76.1,83.38,-0.88,50.0,6.2,0.75,1.86,-0.65,-0.51,4.04,-118.76,-3.26,-0.95,19.99,-32.91,1.2,9.6,24.0,2341,353,,,594694,,,,2,0,0,bottom
2017-08-16,491896,1,445060,R,475582,R,6,Home Run,2,2,170816_172311,eac331ed-8da0-428e-9661-04429375b23e,1,0,2,E,In play- run(s),FT,2,2.0,3.33,1.41,93.2,85.6,37.0,-0.58,50.0,6.15,0.19,2.77,-9.18,8.91,5.28,-135.29,-6.15,-17.12,27.76,-15.55,43.2,4.8,24.0,2139,228,,,594694,,,,2,0,0,bottom
2017-08-16,491896,1,445060,R,452252,L,7,Single,3,1,170816_172403,be2df593-4b24-4017-aec8-124259745ff7,0,1,2,C,Called Strike,FT,13,2.0,3.57,1.82,92.2,84.9,64.58,-0.93,50.0,6.12,-0.76,2.15,-9.6,6.3,3.77,-133.91,-6.62,-17.53,27.32,-20.67,37.2,6.0,24.0,1638,241,,,,452252,,,0,0,-2,bottom
2017-08-16,491896,1,445060,R,452252,L,7,Single,3,2,170816_172416,65aa1e01-83ab-4825-839e-a90fe083fe2b,0,1,2,B,Ball,FS,11,2.0,3.45,1.67,81.5,75.2,52.56,-1.26,50.0,6.21,-1.15,3.42,-4.81,2.97,1.74,-118.46,-0.6,-6.89,20.84,-27.92,13.2,8.4,24.0,1220,245,,,,452252,,,0,0,-2,bottom
2017-08-16,491896,1,445060,R,452252,L,7,Single,3,3,170816_172429,73365e63-7b9b-4f02-8436-f5390fdbf9f7,1,1,2,D,In play- no out,FS,2,2.0,3.28,1.33,81.1,75.1,19.34,-1.13,50.0,6.21,0.06,2.98,-5.55,2.43,4.47,-117.84,-1.4,-7.89,20.03,-28.72,14.4,8.4,24.0,1215,252,,,,452252,,,0,0,-2,bottom
2017-08-16,491896,1,445060,R,543685,R,8,Pop Out,5,1,170816_172529,68c6225b-ecae-4e70-b9a1-c09b5189daa4,0,1,2,C,Called Strike,FF,14,2.0,3.39,1.62,91.5,83.7,65.65,-0.34,50.0,6.14,0.71,2.2,-8.0,10.95,5.47,-132.63,-7.92,-14.3,27.58,-12.61,43.2,4.8,24.0,2098,218,452252,,,,,,0,1,-2,bottom
2017-08-16,491896,1,445060,R,543685,R,8,Pop Out,5,2,170816_172548,d77ca906-4009-4dc7-b995-4f99aba352f7,0,2,2,C,Called Strike,SL,5,2.0,3.44,1.71,80.4,74.4,18.5,-0.94,50.0,6.24,-0.14,2.53,5.08,0.89,0.33,-116.91,-1.91,7.09,20.54,-30.94,13.2,9.6,24.0,2185,88,452252,,,,,,0,1,-2,bottom
2017-08-16,491896,1,445060,R,543685,R,8,Pop Out,5,3,170816_172612,f4678fde-e3cb-4df8-93c2-7eaf4db9db42,1,2,2,*B,Ball In Dirt,SL,14,2.0,3.36,1.68,80.1,74.3,16.09,-0.56,50.0,6.04,1.47,0.86,-0.18,-0.11,4.73,-116.35,-4.9,-0.25,20.96,-32.33,1.2,9.6,24.0,2304,16,452252,,,,,,0,1,-2,bottom
2017-08-16,491896,1,445060,R,543685,R,8,Pop Out,5,4,170816_172641,a9cc99b3-4f15-4d42-8cee-b524c907d529,1,2,2,F,Foul,FT,13,2.0,3.15,1.25,91.2,84.8,61.43,-0.99,50.0,5.96,-0.91,1.71,-6.64,6.83,2.49,-132.57,-7.44,-12.02,23.95,-19.82,28.8,4.8,24.0,1894,229,452252,,,,,,0,1,-2,bottom
2017-08-16,491896,1,445060,R,543685,R,8,Pop Out,5,5,170816_172708,b7a1365c-18ac-463e-a825-ff6b8d1e21ee,1,2,2,X,In play- out(s),FS,2,2.0,3.15,1.25,81.7,75.0,25.76,-0.86,50.0,6.15,-0.12,2.94,-9.23,7.31,4.56,-118.63,-2.92,-13.22,21.7,-21.71,28.8,7.2,24.0,1127,234,452252,,,,,,0,1,-2,bottom
2017-08-16,491896,2,445060,R,572191,R,13,Groundout,1,1,170816_173841,4cf6a46a-f2cf-47e8-9aa5-0887da7db249,0,0,0,X,In play- out(s),FT,12,2.0,3.1,1.19,89.5,81.8,70.75,-0.72,50.0,6.27,0.77,3.03,-9.42,11.85,6.96,-129.81,-5.99,-16.12,26.33,-11.88,48.0,4.8,24.0,2186,219,,,,,,,0,1,-2,bottom
2017-08-16,491896,2,445060,R,446653,L,14,Groundout,2,1,170816_173921,ad4de97b-c0b8-49dc-9f93-83478bc9a5ed,0,0,1,B,Ball,FF,9,2.0,3.54,1.79,89.8,82.3,67.68,-0.65,50.0,6.2,0.51,1.89,-6.48,11.26,5.15,-130.18,-8.6,-11.15,26.38,-12.77,34.8,3.6,24.0,2135,211,,,,,,,0,1,-2,bottom
2017-08-16,491896,2,445060,R,446653,L,14,Groundout,2,2,170816_173934,722f72a9-55bd-456e-afd3-ff76ec77c591,1,0,1,X,In play- out(s),FT,5,2.0,3.26,1.33,90.4,82.7,30.48,-0.87,50.0,6.03,-0.04,2.09,-11.4,9.2,5.98,-131.03,-7.09,-19.87,27.12,-16.15,46.8,6.0,24.0,2030,234,,,,,,,0,1,-2,bottom
2017-08-16,491896,2,445060,R,543699,R,15,Strikeout,6,1,170816_174007,f809f5e2-abab-4049-a18a-c4a944ac9ceb,0,1,2,C,Called Strike,FF,6,2.0,3.64,1.81,91.3,84.1,55.68,-0.66,50.0,6.19,0.53,2.83,-7.45,10.37,5.66,-132.56,-6.26,-13.4,25.43,-13.52,39.6,4.8,24.0,2194,217,,,,,,,0,1,-2,bottom
2017-08-16,491896,2,445060,R,543699,R,15,Strikeout,6,2,170816_174019,649ba9b1-aba5-4e4e-91c0-c89a5a30ca36,0,1,2,B,Ball,FT,14,2.0,3.67,1.87,91.7,84.9,43.62,-0.32,50.0,6.1,2.03,1.46,-9.44,8.05,9.46,-132.76,-8.9,-17.1,24.5,-17.59,38.4,6.0,24.0,2149,232,,,,,,,0,1,-2,bottom
2017-08-16,491896,2,445060,R,543699,R,15,Strikeout,6,3,170816_174032,91eda6f7-a9b5-4a11-ab34-95cc31642246,1,2,2,C,Called Strike,SL,9,2.0,3.64,1.84,79.8,73.6,37.08,-0.93,50.0,6.22,0.33,2.27,0.87,1.0,2.62,-115.85,-2.31,1.19,20.78,-30.82,2.4,9.6,24.0,2349,83,,,,,,,0,1,-2,bottom
2017-08-16,491896,2,445060,R,543699,R,15,Strikeout,6,4,170816_174046,9ea669ac-00b4-4882-ae0c-b8f07e24982b,1,2,2,B,Ball,SL,14,2.0,3.64,1.81,81.8,75.8,24.13,-0.63,50.0,6.19,2.01,2.09,0.89,1.13,5.93,-118.79,-3.17,1.28,21.23,-30.55,3.6,8.4,24.0,2461,88,,,,,,,0,1,-2,bottom
2017-08-16,491896,2,445060,R,543699,R,15,Strikeout,6,5,170816_174102,2cf00c66-5024-450e-8df4-76aa678fb49a,2,2,2,B,Ball,FF,14,2.0,3.55,1.78,91.3,84.8,20.17,-0.27,50.0,6.16,1.93,2.51,-4.54,8.07,7.36,-132.57,-6.28,-8.22,23.63,-17.57,20.4,4.8,24.0,2020,209,,,,,,,0,1,-2,bottom
2017-08-16,491896,2,445060,R,543699,R,15,Strikeout,6,6,170816_174117,8ad8ed73-e636-4110-858e-ec67ed2608b2,3,2,2,S,Swinging Strike,FT,5,2.0,3.24,1.35,90.6,83.3,33.76,-0.87,50.0,5.96,0.22,2.34,-9.84,7.95,6.17,-131.47,-5.92,-17.35,26.0,-18.16,39.6,6.0,24.0,2053,234,,,,,,,0,1,-2,bottom
2017-08-16,491896,3,445060,R,435062,R,19,Groundout,4,1,170816_175132,cbad6856-b097-4df9-b78d-7234bce77036,0,1,0,F,Foul,SL,4,2.0,3.17,1.21,79.2,72.7,55.75,-1.2,50.0,6.34,-0.29,2.26,-0.26,0.29,2.13,-114.99,-2.24,-0.34,21.85,-31.78,0.0,9.6,24.0,2211,3,,,,,,,0,1,-2,bottom
2017-08-16,491896,3,445060,R,435062,R,19,Groundout,4,2,170816_175150,381f651b-939e-4e47-99fc-c328b85f2838,0,2,0,F,Foul,SL,13,2.0,3.17,1.21,78.6,72.2,50.65,-1.12,50.0,6.4,-0.82,1.59,0.64,-1.54,0.49,-114.17,-3.19,0.84,22.22,-34.19,1.2,10.8,24.0,2190,13,,,,,,,0,1,-2,bottom
2017-08-16,491896,3,445060,R,435062,R,19,Groundout,4,3,170816_175212,129f25d9-f49a-4bd7-9006-58a01dfd1e2f,0,2,0,B,Ball,KC,11,2.0,3.21,1.46,71.8,65.9,49.65,-1.06,50.0,6.74,-0.68,3.86,9.4,-5.02,-1.73,-104.19,3.25,10.29,18.17,-37.67,15.6,14.4,24.0,2321,58,,,,,,,0,1,-2,bottom
2017-08-16,491896,3,445060,R,435062,R,19,Groundout,4,4,170816_175230,4bead6db-4a83-41a6-a186-83080b15f495,1,2,0,X,In play- out(s),FF,12,2.0,3.17,1.21,90.6,83.6,41.24,-0.53,50.0,6.39,0.67,3.65,-4.75,10.37,4.75,-131.64,-4.52,-8.44,24.77,-13.75,27.6,3.6,24.0,1881,204,,,,,,,0,1,-2,bottom
2017-08-16,491896,3,445060,R,594694,L,20,Single,6,1,170816_175302,c2f7352b-fb15-4ee2-92f6-c688aaf44c41,0,1,1,C,Called Strike,FT,3,2.0,3.07,1.47,89.6,82.8,55.12,-0.96,50.0,6.05,0.42,2.88,-9.87,6.14,6.88,-130.14,-4.04,-17.14,24.08,-21.51,36.0,6.0,24.0,2008,241,,,,594694,,,0,0,-2,bottom
2017-08-16,491896,3,445060,R,594694,L,20,Single,6,2,170816_175316,599f02e8-ced6-4b41-a2bc-72185df650e5,0,1,1,S,Swinging Strike,KC,9,2.0,2.89,1.12,73.0,68.0,60.51,-1.15,50.0,6.39,0.6,1.26,4.64,-4.37,2.39,-106.05,-1.89,5.31,17.59,-37.17,8.4,13.2,24.0,2382,41,,,,594694,,,0,0,-2,bottom
2017-08-16,491896,3,445060,R,594694,L,20,Single,6,3,170816_175335,49806bbe-7de8-426a-a618-db61d5d057f0,0,2,1,B,Ball,KC,13,2.0,3.05,1.45,72.1,66.2,30.77,-1.36,50.0,6.39,-1.52,2.03,9.91,-2.95,-2.98,-104.64,-0.39,10.9,18.89,-35.42,16.8,13.2,24.0,2449,66,,,,594694,,,0,0,-2,bottom
2017-08-16,491896,3,445060,R,594694,L,20,Single,6,4,170816_175348,72a59d49-9f59-4037-80c3-870295c3a5c0,1,2,1,B,Ball,FS,14,2.0,3.13,1.48,80.9,75.3,27.17,-1.18,50.0,6.01,0.56,0.53,-6.08,3.51,5.89,-117.4,-6.89,-8.58,20.0,-27.23,15.6,8.4,24.0,1338,250,,,,594694,,,0,0,-2,bottom
2017-08-16,491896,3,445060,R,594694,L,20,Single,6,5,170816_175408,90894c56-1ad2-4661-9fec-1ed868d5f2c0,2,2,1,B,Ball,FT,12,2.0,3.1,1.57,91.7,84.9,65.4,-0.64,50.0,6.17,1.16,2.95,-7.77,7.47,7.45,-133.07,-5.0,-14.16,24.2,-18.56,33.6,4.8,24.0,1888,227,,,,594694,,,0,0,-2,bottom
2017-08-16,491896,3,445060,R,594694,L,20,Single,6,6,170816_175426,df038a60-41e7-4213-94a7-dddcad0771e1,3,2,1,D,In play- no out,FT,1,2.0,2.89,1.12,91.6,85.0,59.13,-1.02,50.0,6.01,-0.45,2.87,-9.88,5.43,4.92,-133.22,-4.11,-18.04,24.33,-22.26,37.2,6.0,24.0,1895,244,,,,594694,,,0,0,-2,bottom
2017-08-16,491896,3,445060,R,502517,L,21,Strikeout,7,1,170816_175528,4c01a7fa-51bb-4325-b406-012e82db00f5,0,0,1,S,Swinging Strike,FS,4,2.0,3.08,1.32,81.1,75.3,73.12,-1.07,50.0,6.05,-0.33,2.16,-6.13,2.87,3.6,-117.77,-3.09,-8.73,19.62,-28.1,15.6,8.4,24.0,1168,252,594694,,,594694,,,0,1,-2,bottom
2017-08-16,491896,3,445060,R,502517,L,21,Strikeout,7,2,170816_175551,4b198b6d-f044-4636-93d7-13ec507bf348,0,2,1,F,Foul,FF,11,2.0,3.08,1.32,91.4,84.0,40.86,-0.77,50.0,6.24,-0.67,3.82,-2.04,9.75,0.96,-132.82,-3.59,-3.68,26.09,-14.6,13.2,3.6,24.0,1853,192,594694,,,594694,,,0,1,-2,bottom
2017-08-16,491896,3,445060,R,502517,L,21,Strikeout,7,3,170816_175618,ce0bdddc-83fe-41eb-9c56-74b5a9245386,0,2,1,B,Ball,FF,14,2.0,3.52,1.72,91.3,85.1,32.1,-0.4,50.0,6.03,1.63,1.94,-4.8,8.61,7.01,-132.53,-7.66,-8.72,22.47,-16.53,22.8,4.8,24.0,1811,209,594694,,,594694,,,0,1,-2,bottom
2017-08-16,491896,3,445060,R,502517,L,21,Strikeout,7,4,170816_175732,a25fce6c-b082-4532-9ad1-98b25cf0a4c7,1,2,1,S,Swinging Strike,FS,11,2.0,3.08,1.32,80.9,75.0,45.56,-1.12,50.0,6.01,-0.75,2.61,-3.19,5.8,1.82,-117.59,-2.79,-4.53,19.61,-23.94,9.6,7.2,24.0,1016,212,594694,,,594694,,,0,1,-2,bottom
2017-08-16,491896,3,445060,R,475582,R,22,Walk,4,1,170816_175816,f914241e-f3e5-426b-9292-f488fe4095db,0,0,2,B,Ball,SL,14,2.0,3.63,1.81,81.5,74.4,60.14,-0.86,50.0,6.13,0.46,1.29,-0.96,1.17,3.35,-118.12,-4.67,-1.34,24.41,-30.54,1.2,9.6,24.0,2168,312,594694,,,475582,594694,,0,0,-2,bottom
2017-08-16,491896,3,445060,R,475582,R,22,Walk,4,2,170816_175836,43fd15fb-88ed-4059-a5e2-a58427541a51,1,0,2,B,Ball,SL,14,2.0,3.69,1.87,82.9,76.3,52.92,-0.82,50.0,6.0,0.65,1.46,0.8,1.41,3.23,-120.38,-4.44,1.17,23.45,-30.11,3.6,8.4,24.0,2158,90,594694,,,475582,594694,,0,0,-2,bottom
2017-08-16,491896,3,445060,R,475582,R,22,Walk,4,3,170816_175859,c33bf7b6-0908-41a0-8f1a-3f6b83a048a7,2,0,2,B,Ball,FT,14,2.0,3.52,1.75,92.7,85.3,65.21,-0.47,50.0,5.96,1.18,1.91,-8.85,8.31,7.46,-134.44,-7.62,-16.32,27.09,-16.85,39.6,4.8,24.0,2039,229,594694,,,475582,594694,,0,0,-2,bottom
2017-08-16,491896,3,445060,R,475582,R,22,Walk,4,4,170816_175922,d6ff211d-951c-4ba6-9269-95890a17a5dd,3,0,2,B,Ball,FT,14,2.0,3.63,1.84,92.5,86.0,55.37,-0.78,50.0,5.89,0.27,1.47,-9.81,4.58,6.23,-134.43,-7.36,-18.22,25.02,-23.67,34.8,6.0,24.0,1937,250,594694,,,475582,594694,,0,0,-2,bottom
2017-08-16,491896,3,445060,R,452252,L,23,Flyout,6,1,170816_180011,75a19f3f-822c-4709-a689-8e72354c3326,1,0,2,*B,Ball In Dirt,FS,13,2.0,3.56,1.7,81.4,75.9,63.34,-1.03,50.0,5.98,-0.06,0.88,-8.5,3.92,4.87,-118.23,-6.31,-12.2,19.59,-26.55,22.8,8.4,24.0,1307,252,475582,594694,,,,,0,1,-2,bottom
2017-08-16,491896,3,445060,R,452252,L,23,Flyout,6,2,170816_180039,4219457b-1346-438f-8c37-c17da58ab5e1,1,1,2,C,Called Strike,FF,2,2.0,3.6,1.67,91.3,83.9,32.45,-0.75,50.0,6.2,0.14,3.18,-4.76,9.38,3.96,-132.64,-5.01,-8.54,26.42,-15.34,25.2,3.6,24.0,1988,207,475582,594694,,,,,0,1,-2,bottom
2017-08-16,491896,3,445060,R,452252,L,23,Flyout,6,3,170816_180102,c2894559-fff5-49ff-beb7-b088dbbe48cf,1,1,2,B,Ball,FS,13,2.0,3.45,1.7,81.3,75.6,23.51,-1.21,50.0,5.94,-1.53,1.95,-3.64,1.88,0.37,-118.27,-3.09,-5.23,19.83,-29.47,9.6,8.4,24.0,1234,257,475582,594694,,,,,0,1,-2,bottom
2017-08-16,491896,3,445060,R,452252,L,23,Flyout,6,4,170816_180142,9e735d2c-702f-482c-bbb4-9b602ba6fdf6,2,2,2,F,Foul,FT,2,2.0,3.28,1.33,92.1,84.9,41.08,-0.85,50.0,6.0,-0.03,3.21,-9.94,8.1,5.6,-133.81,-4.14,-18.21,25.92,-17.33,43.2,6.0,24.0,1926,232,475582,594694,,,,,0,1,-2,bottom
2017-08-16,491896,3,445060,R,452252,L,23,Flyout,6,5,170816_180212,ebb8db58-c135-4f4e-ad3c-a097ff7441fb,2,2,2,F,Foul,FF,13,2.0,3.28,1.33,92.2,85.6,54.12,-0.74,50.0,6.06,-0.96,2.11,-4.79,6.78,1.08,-134.06,-6.83,-8.85,24.91,-19.66,22.8,4.8,24.0,1911,220,475582,594694,,,,,0,1,-2,bottom
2017-08-16,491896,3,445060,R,452252,L,23,Flyout,6,6,170816_180251,ffbc1d46-4246-4d65-8315-67eed9e73db5,2,2,2,X,In play- out(s),SL,8,2.0,3.28,1.33,79.2,73.8,28.54,-1.07,50.0,6.01,0.13,1.64,-0.82,-1.32,2.98,-115.17,-2.53,-1.11,19.24,-33.96,1.2,10.8,24.0,2152,348,475582,594694,,,,,0,1,-2,bottom
2017-08-16,491896,4,445060,R,543685,R,28,Double,2,1,170816_181500,24674f39-be00-4209-9754-3d27129f9f39,0,0,0,B,Ball,SL,14,2.0,3.3,1.56,80.5,73.5,82.78,-1.02,50.0,6.2,1.12,1.95,0.9,4.42,4.65,-116.68,-4.09,1.23,23.33,-26.13,4.8,8.4,24.0,2343,151,,,,,543685,,0,0,-2,bottom
2017-08-16,491896,4,445060,R,543685,R,28,Double,2,2,170816_181517,b0585005-5faa-4e02-ba67-19131978e0ac,1,0,0,D,In play- no out,FT,4,2.0,3.15,1.25,90.0,82.3,48.02,-0.76,50.0,6.12,-0.7,2.25,-8.85,9.44,3.12,-130.62,-6.93,-15.29,27.35,-15.86,40.8,4.8,24.0,2081,226,,,,,543685,,0,0,-2,bottom
2017-08-16,491896,4,445060,R,572191,R,29,Walk,6,1,170816_181607,114a2c03-4bc8-40f0-9083-bf4fb4ba9ae3,0,0,0,B,Ball,FT,12,2.0,3.56,1.63,89.5,82.7,65.62,-0.41,50.0,6.27,1.07,3.08,-8.53,8.96,6.68,-129.94,-5.01,-14.79,23.7,-16.64,38.4,4.8,24.0,2166,225,,543685,,572191,543685,,0,0,-2,bottom
2017-08-16,491896,4,445060,R,572191,R,29,Walk,6,2,170816_181627,6b875817-d3c6-4d54-aecb-1fc99f7ede6b,1,0,0,B,Ball,SL,14,2.0,3.59,1.72,81.1,74.6,31.4,-0.77,50.0,6.2,1.38,1.87,-0.37,3.31,5.11,-117.64,-4.12,-0.52,22.08,-27.53,1.2,8.4,24.0,2375,170,,543685,,572191,543685,,0,0,-2,bottom
2017-08-16,491896,4,445060,R,572191,R,29,Walk,6,3,170816_181652,b612664f-02dc-4f13-86f6-6375a0c281fb,2,1,0,F,Foul,FF,12,2.0,3.1,1.19,90.6,83.3,41.87,-0.45,50.0,6.28,0.72,3.71,-5.05,11.71,4.76,-131.6,-4.51,-8.93,25.5,-11.45,33.6,3.6,24.0,2211,203,,543685,,572191,543685,,0,0,-2,bottom
2017-08-16,491896,4,445060,R,572191,R,29,Walk,6,4,170816_181724,2381e758-83d0-405e-ba30-1c95a13b26b7,2,1,0,S,Swinging Strike,SL,9,2.0,3.1,1.19,82.4,76.2,41.62,-1.13,50.0,6.1,0.53,1.52,-0.08,-0.59,3.96,-119.65,-3.86,-0.12,22.09,-33.04,1.2,9.6,24.0,2228,12,,543685,,572191,543685,,0,0,-2,bottom
2017-08-16,491896,4,445060,R,572191,R,29,Walk,6,5,170816_181753,64008d8d-d31d-470f-a7bd-13b7dcf2347e,3,2,0,*B,Ball In Dirt,SL,14,2.0,3.56,1.57,80.6,73.9,16.31,-0.55,50.0,6.19,1.53,1.1,0.63,-1.2,4.6,-116.89,-4.36,0.87,23.67,-33.81,2.4,10.8,24.0,2311,26,,543685,,572191,543685,,0,0,-2,bottom
2017-08-16,491896,4,445060,R,572191,R,29,Walk,6,6,170816_181823,e1c1a442-943f-443e-8cc2-330f856f22d8,3,2,0,B,Ball,SL,14,2.0,3.5,1.51,80.0,74.4,60.73,-0.8,50.0,6.08,1.0,1.21,-1.29,1.26,4.53,-116.25,-4.62,-1.78,19.83,-30.43,2.4,9.6,24.0,2318,275,,543685,,572191,543685,,0,0,-2,bottom
2017-08-16,491896,4,445060,R,446653,L,30,Lineout,1,1,170816_181913,c36972e6-262b-4e7e-ab4b-536ca7b94844,0,0,0,X,In play- out(s),FT,4,2.0,3.26,1.33,90.4,83.2,51.36,-0.75,50.0,6.06,-0.56,2.07,-8.88,8.0,3.49,-131.28,-6.89,-15.59,26.24,-18.14,37.2,6.0,24.0,1996,232,572191,543685,,572191,543685,,0,1,-2,bottom
2017-08-16,491896,4,445060,R,543699,R,31,Strikeout,5,1,170816_182039,45a5e42f-4006-47bf-935a-669d7827a393,0,1,1,L,Foul Bunt,FF,3,2.0,3.24,1.35,88.7,81.6,54.72,-0.8,50.0,6.17,0.36,2.66,-6.08,11.02,4.98,-128.71,-6.3,-10.29,24.52,-13.52,32.4,3.6,24.0,1952,209,572191,543685,,572191,543685,,0,1,-2,bottom
2017-08-16,491896,4,445060,R,543699,R,31,Strikeout,5,2,170816_182110,5a27cef6-a493-466c-a0df-d076e77fb29a,0,1,1,B,Ball,FT,14,2.0,3.47,1.64,90.7,84.0,33.75,-0.93,50.0,6.0,0.25,1.07,-7.2,7.66,5.52,-131.61,-9.31,-12.78,24.98,-18.58,30.0,4.8,24.0,1811,227,572191,543685,,572191,543685,,0,1,-2,bottom
2017-08-16,491896,4,445060,R,543699,R,31,Strikeout,5,3,170816_182133,7e9d2294-6352-44fa-b196-fe5fd488937f,1,2,1,F,Foul,FF,12,2.0,3.24,1.35,90.6,83.5,60.08,-0.94,50.0,6.17,0.61,3.28,-6.46,9.6,6.24,-131.52,-4.64,-11.45,24.65,-15.14,32.4,4.8,24.0,1915,214,572191,543685,,572191,543685,,0,1,-2,bottom
2017-08-16,491896,4,445060,R,543699,R,31,Strikeout,5,4,170816_182159,8e676a4a-47ef-4432-99a7-aa639c9dbf2e,1,2,1,B,Ball,SL,14,2.0,3.38,1.64,78.1,72.8,55.08,-1.07,50.0,6.04,0.7,1.26,1.17,0.95,3.64,-113.43,-3.89,1.55,18.34,-30.92,3.6,9.6,24.0,2232,80,572191,543685,,572191,543685,,0,1,-2,bottom
2017-08-16,491896,4,445060,R,543699,R,31,Strikeout,5,5,170816_182220,a5441b96-a018-4830-82d8-89f2be6bf500,2,3,1,C,Called Strike,FF,9,2.0,3.38,1.64,91.8,84.8,42.42,-0.86,50.0,6.0,0.52,2.13,-5.83,10.6,5.66,-133.22,-7.8,-10.62,25.3,-12.88,33.6,3.6,24.0,1943,209,572191,543685,,572191,543685,,0,1,-2,bottom
2017-08-16,491896,4,445060,R,435062,R,32,Walk,6,1,170816_182259,9c15db32-4154-4b44-a813-b5242ceb3263,1,0,2,*B,Ball In Dirt,SL,14,2.0,3.21,1.38,81.4,75.3,91.17,-0.67,50.0,6.05,1.18,0.97,-1.52,-1.89,4.8,-118.25,-4.4,-2.16,22.22,-34.86,2.4,9.6,24.0,,344,572191,543685,,435062,572191,543685,0,0,-2,bottom
2017-08-16,491896,4,445060,R,435062,R,32,Walk,6,2,170816_182321,37cf0683-f33d-4c1a-a418-46f65d651e56,1,1,2,F,Foul,SL,5,2.0,3.17,1.21,81.9,75.7,18.29,-0.96,50.0,6.05,0.07,1.98,-0.92,-1.44,2.7,-119.03,-2.3,-1.32,21.91,-34.25,1.2,9.6,24.0,2297,346,572191,543685,,435062,572191,543685,0,0,-2,bottom
2017-08-16,491896,4,445060,R,435062,R,32,Walk,6,3,170816_182348,842dfc7d-31a4-4fbb-8ffe-5f34606430a9,1,1,2,B,Ball,FF,12,2.0,3.27,1.41,92.5,85.5,24.78,-0.39,50.0,6.12,1.53,2.75,-6.02,9.34,7.21,-134.28,-6.19,-11.15,25.1,-14.87,31.2,3.6,24.0,2050,213,572191,543685,,435062,572191,543685,0,0,-2,bottom
2017-08-16,491896,4,445060,R,435062,R,32,Walk,6,4,170816_182410,81a21835-54d8-46cd-b2ed-8143dc9b3948,2,2,2,C,Called Strike,FT,6,2.0,3.27,1.41,93.0,85.8,49.52,-0.59,50.0,5.92,0.69,2.31,-10.79,7.15,7.19,-135.0,-6.16,-20.11,26.51,-18.84,43.2,6.0,24.0,1959,239,572191,543685,,435062,572191,543685,0,0,-2,bottom
2017-08-16,491896,4,445060,R,435062,R,32,Walk,6,5,170816_182442,77827959-8daf-4051-a8c9-669998ececde,3,2,2,*B,Ball In Dirt,FS,14,2.0,3.22,1.33,81.7,75.7,36.68,-0.94,50.0,5.78,1.14,0.45,-8.51,3.76,7.46,-118.4,-6.81,-12.17,20.86,-26.8,21.6,8.4,24.0,1295,253,572191,543685,,435062,572191,543685,0,0,-2,bottom
2017-08-16,491896,4,445060,R,435062,R,32,Walk,6,6,170816_182525,dea94ab3-a1bb-4611-8530-0b6e3ad99c4b,4,2,2,*B,Ball In Dirt,FT,14,2.0,3.21,1.41,93.4,86.1,47.33,-0.38,50.0,5.85,0.67,0.63,-12.26,8.12,7.09,-135.33,-10.84,-22.92,27.37,-16.99,48.0,6.0,24.0,2181,241,572191,543685,,435062,572191,543685,0,0,-2,bottom
2017-08-16,491896,4,445060,R,594694,L,33,Strikeout,4,1,170816_182608,4a7cdf17-0089-4763-adc5-49c86d3f8b70,0,1,2,F,Foul,FS,8,2.0,2.89,1.12,81.5,75.4,71.5,-0.92,50.0,6.01,0.09,1.63,-8.49,3.8,4.96,-118.36,-4.57,-12.13,20.93,-26.74,22.8,8.4,24.0,1324,252,435062,572191,543685,,,,0,1,-2,bottom
2017-08-16,491896,4,445060,R,594694,L,33,Strikeout,4,2,170816_182631,4646b12e-53ac-4b42-8bdd-5f83ab3bd757,1,1,2,*B,Ball In Dirt,FS,14,2.0,3.08,1.45,81.8,76.1,34.11,-0.95,50.0,5.88,1.14,0.26,-8.35,4.05,7.48,-118.59,-7.61,-12.02,20.3,-26.35,21.6,8.4,24.0,1354,251,435062,572191,543685,,,,0,1,-2,bottom
2017-08-16,491896,4,445060,R,594694,L,33,Strikeout,4,3,170816_182658,08320f34-8288-478d-9034-8e77eccbe731,1,1,2,S,Swinging Strike,KC,6,2.0,2.89,1.12,73.6,67.9,41.18,-1.01,50.0,6.34,0.34,1.82,6.6,-4.87,1.04,-107.01,-0.56,7.61,19.37,-37.8,12.0,13.2,24.0,2554,48,435062,572191,543685,,,,0,1,-2,bottom
2017-08-16,491896,4,445060,R,594694,L,33,Strikeout,4,4,170816_182725,1c187932-0159-4772-b037-5dddb360bb9f,1,3,2,W,Swinging Strike (Blocked),KC,14,2.0,2.89,1.12,74.3,69.3,71.5,-0.99,50.0,6.28,0.95,1.16,6.16,-4.25,2.43,-108.15,-2.23,7.33,18.24,-37.22,12.0,13.2,24.0,2489,50,435062,572191,543685,,,,0,1,-2,bottom
2017-08-16,491896,5,445060,R,502517,L,38,Groundout,2,1,170816_183622,950f9d67-28f7-4e60-8a40-92600c8813f3,0,0,0,B,Ball,FS,14,2.0,3.43,1.58,78.1,72.3,100.0,-1.01,50.0,6.13,0.83,1.2,-9.0,4.7,6.75,-113.27,-5.26,-11.79,19.14,-26.02,21.6,8.4,24.0,1372,248,,,,,,,0,1,-1,bottom
2017-08-16,491896,5,445060,R,502517,L,38,Groundout,2,2,170816_183639,72b259cf-b0c8-4654-8990-8ffc25bbf51f,1,0,0,X,In play- out(s),FF,12,2.0,3.08,1.32,89.4,83.0,46.07,-0.81,50.0,6.37,0.28,3.43,-5.64,9.71,4.7,-129.99,-4.67,-9.82,22.56,-15.25,28.8,4.8,24.0,1973,210,,,,,,,0,1,-1,bottom
2017-08-16,491896,5,445060,R,475582,R,39,Groundout,3,1,170816_183718,06be58c4-2844-4fc1-9ca3-a15604d9ea87,0,1,1,C,Called Strike,FF,12,2.0,3.8,1.82,91.1,84.2,73.15,-0.54,50.0,6.24,1.01,3.3,-4.74,11.57,5.68,-132.39,-5.57,-8.53,24.59,-11.35,31.2,3.6,24.0,2050,201,,,,,,,0,1,-1,bottom
2017-08-16,491896,5,445060,R,475582,R,39,Groundout,3,2,170816_183732,46240839-51cb-4d67-b4b5-10194818d826,0,1,1,B,Ball,KC,11,2.0,3.52,1.78,70.7,65.1,33.33,-1.34,50.0,6.71,-2.07,4.54,10.01,-7.59,-4.12,-102.4,5.55,10.67,16.16,-40.28,14.4,15.6,24.0,2559,50,,,,,,,0,1,-1,bottom
2017-08-16,491896,5,445060,R,475582,R,39,Groundout,3,3,170816_183755,5fd8af37-5cca-4d50-9ca6-039737edcb44,1,1,1,X,In play- out(s),SL,5,2.0,3.33,1.41,81.0,75.3,20.2,-0.99,50.0,6.12,0.07,2.09,-0.3,1.05,2.56,-117.75,-2.85,-0.43,19.89,-30.69,0.0,8.4,24.0,,180,,,,,,,0,1,-1,bottom
2017-08-16,491896,5,445060,R,452252,L,40,Flyout,1,1,170816_183834,92d58217-543e-445d-90bb-e75d917a144d,0,0,2,X,In play- out(s),FT,5,2.0,3.28,1.33,89.5,82.7,35.71,-1.01,50.0,6.05,-0.14,2.15,-8.91,8.09,5.24,-129.92,-6.54,-15.41,24.19,-18.18,37.2,6.0,24.0,2036,230,,,,,,,0,1,-1,bottom
2017-08-16,491896,6,445060,R,543685,R,46,Groundout,8,1,170816_185139,dcd1fd06-6d8d-46c3-a38c-05f03a7c36a1,0,0,0,B,Ball,FT,14,2.0,3.32,1.64,89.1,82.5,61.0,-0.61,50.0,6.18,1.12,2.26,-6.95,7.97,6.77,-129.37,-6.46,-11.93,23.51,-18.49,28.8,4.8,24.0,2064,223,,,,,,,0,1,1,bottom
2017-08-16,491896,6,445060,R,543685,R,46,Groundout,8,2,170816_185152,a4e77e1a-9910-4f3b-86d8-5a887ed629ad,1,0,0,B,Ball,SL,14,2.0,3.3,1.65,79.7,73.4,65.58,-0.84,50.0,6.19,1.11,1.45,-0.9,3.02,4.74,-115.68,-4.68,-1.22,21.47,-28.08,1.2,8.4,24.0,2224,189,,,,,,,0,1,1,bottom
2017-08-16,491896,6,445060,R,543685,R,46,Groundout,8,3,170816_185210,e43cb74b-b983-4f5d-ad91-35450b18d549,2,1,0,C,Called Strike,FF,5,2.0,3.33,1.62,91.4,83.9,23.38,-0.71,50.0,6.05,0.02,2.19,-7.96,9.34,4.62,-132.68,-7.16,-14.25,27.21,-15.46,38.4,4.8,24.0,2040,223,,,,,,,0,1,1,bottom
2017-08-16,491896,6,445060,R,543685,R,46,Groundout,8,4,170816_185227,6680fd70-5809-47cd-89d4-549e195cf342,2,2,0,C,Called Strike,FF,14,2.0,3.33,1.71,90.7,83.4,53.55,-0.6,50.0,6.11,0.94,2.3,-5.44,12.32,5.87,-131.56,-7.94,-9.62,25.5,-10.38,36.0,3.6,24.0,2174,204,,,,,,,0,1,1,bottom
2017-08-16,491896,6,445060,R,543685,R,46,Groundout,8,5,170816_185248,6364f452-529c-4516-9ead-adbc53fca2d6,2,2,0,B,Ball,FS,14,2.0,3.33,1.62,80.5,74.5,39.73,-0.88,50.0,5.91,1.27,0.36,-9.28,6.67,7.76,-116.52,-7.85,-12.88,20.11,-22.92,25.2,8.4,24.0,1390,239,,,,,,,0,1,1,bottom
2017-08-16,491896,6,445060,R,543685,R,46,Groundout,8,6,170816_185313,e19289b5-69d5-49b6-ac92-437be92008df,3,2,0,F,Foul,FF,5,2.0,3.15,1.25,91.7,84.8,22.9,-0.59,50.0,6.09,-0.1,2.28,-6.67,10.32,3.6,-133.25,-7.53,-12.16,25.06,-13.37,38.4,3.6,24.0,2004,215,,,,,,,0,1,1,bottom
2017-08-16,491896,6,445060,R,543685,R,46,Groundout,8,7,170816_185343,6124a6b2-9d5f-4125-883c-6d108d2d783f,3,2,0,F,Foul,FF,12,2.0,3.15,1.25,92.7,84.9,64.58,-0.56,50.0,6.14,1.23,3.15,-8.53,11.62,7.72,-134.5,-5.93,-15.7,27.76,-10.77,49.2,3.6,24.0,2188,216,,,,,,,0,1,1,bottom
2017-08-16,491896,6,445060,R,543685,R,46,Groundout,8,8,170816_185416,b0b0fa44-d5d1-4169-a5c4-f3b153f73555,3,2,0,X,In play- out(s),SL,6,2.0,3.15,1.25,81.9,75.0,25.84,-1.05,50.0,6.11,0.35,2.12,-0.48,1.23,3.41,-118.81,-2.85,-0.68,23.58,-30.42,0.0,8.4,24.0,2123,179,,,,,,,0,1,1,bottom
2017-08-16,491896,6,445060,R,572191,R,47,Strikeout,6,1,170816_185453,876d9e7c-e2dd-46f3-bd7b-f7acecd09acc,0,1,1,C,Called Strike,SL,6,2.0,3.55,1.66,81.0,75.7,69.38,-1.0,50.0,6.37,0.59,2.87,1.02,0.81,3.4,-117.81,-1.59,1.46,18.37,-31.01,3.6,8.4,24.0,2230,88,,,,,,,0,1,1,bottom
2017-08-16,491896,6,445060,R,572191,R,47,Strikeout,6,2,170816_185506,421f1f36-cb91-43aa-bb87-d79400cb4154,0,1,1,B,Ball,KC,14,2.0,3.53,1.6,74.5,69.0,74.39,-0.95,50.0,6.39,1.0,1.33,2.32,-3.74,3.52,-108.25,-2.24,2.75,19.33,-36.6,4.8,13.2,24.0,2438,29,,,,,,,0,1,1,bottom
2017-08-16,491896,6,445060,R,572191,R,47,Strikeout,6,3,170816_185529,eaa62289-957b-42e2-aa51-629a2168ccd4,1,2,1,C,Called Strike,SL,6,2.0,3.4,1.51,80.9,74.7,30.44,-0.95,50.0,6.17,0.36,2.18,-1.95,-2.18,3.62,-117.47,-1.68,-2.74,21.63,-35.23,3.6,10.8,24.0,2188,335,,,,,,,0,1,1,bottom
2017-08-16,491896,6,445060,R,572191,R,47,Strikeout,6,4,170816_185547,9b8aa2e5-476c-42de-95fd-ef6441501539,1,2,1,B,Ball,FS,14,2.0,3.47,1.57,81.0,75.4,13.12,-0.82,50.0,6.01,1.44,2.28,-6.43,4.27,7.27,-117.63,-3.15,-9.16,18.62,-26.08,16.8,8.4,24.0,1374,240,,,,,,,0,1,1,bottom
2017-08-16,491896,6,445060,R,572191,R,47,Strikeout,6,5,170816_185608,732647c6-45f7-4f7e-bbfc-ced6918ab7be,2,2,1,F,Foul,FF,14,2.0,3.09,1.19,92.4,85.6,46.67,-0.48,50.0,6.16,1.18,2.11,-5.74,10.61,6.42,-134.15,-8.43,-10.62,24.99,-12.56,33.6,3.6,24.0,2186,209,,,,,,,0,1,1,bottom
2017-08-16,491896,6,445060,R,572191,R,47,Strikeout,6,6,170816_185756,80593836-9ab3-46af-813b-0139484649d9,2,2,1,S,Swinging Strike,SL,8,2.0,3.09,1.19,81.0,75.6,25.07,-1.06,50.0,6.22,0.19,1.8,0.58,0.22,2.75,-117.86,-3.54,0.83,19.42,-31.86,2.4,9.6,24.0,2148,45,,,,,,,0,1,1,bottom
2017-08-22,491978,1,445060,R,592261,R,0,Groundout,6,1,170823_020830,ff587d67-cf99-40e7-bcb7-4409a63b4860,0,1,0,C,Called Strike,FF,14,2.0,3.11,1.44,89.7,82.7,66.9,-0.6,50.0,6.14,0.97,2.17,-3.5,9.26,5.23,-130.11,-7.11,-6.06,24.7,-16.14,16.8,4.8,24.0,2066,200,,,,,,,0,1,0,top
2017-08-22,491978,1,445060,R,592261,R,0,Groundout,6,2,170823_020844,82d81306-9417-4ab8-91f5-d8ed9b05978d,0,1,0,B,Ball,FT,14,2.0,3.45,1.58,89.4,82.3,54.32,-0.67,50.0,6.0,0.34,1.54,-8.22,6.12,5.32,-129.62,-7.21,-14.08,25.37,-21.69,30.0,6.0,24.0,1985,238,,,,,,,0,1,0,top
2017-08-22,491978,1,445060,R,592261,R,0,Groundout,6,3,170823_020900,3f031207-a8cb-4d08-9c9a-5e78a406660d,1,2,0,T,Foul Tip,FT,12,2.0,3.15,1.25,90.6,83.1,63.29,-0.61,50.0,6.21,0.49,3.27,-8.02,6.71,5.58,-131.49,-3.75,-14.13,26.27,-20.35,31.2,6.0,24.0,2032,232,,,,,,,0,1,0,top
2017-08-22,491978,1,445060,R,592261,R,0,Groundout,6,4,170823_020920,967dcba2-23c4-493d-b09c-4133fbc59217,1,2,0,B,Ball,FF,14,2.0,3.42,1.57,91.4,83.9,68.26,-0.54,50.0,6.0,1.12,1.49,-4.78,9.27,5.98,-132.49,-8.84,-8.53,27.12,-15.63,22.8,4.8,24.0,2079,208,,,,,,,0,1,0,top
2017-08-22,491978,1,445060,R,592261,R,0,Groundout,6,5,170823_020937,f584f915-03a8-4bd2-a5e9-ca6a2c2590e3,2,2,0,B,Ball,SL,14,2.0,3.37,1.49,80.4,74.8,31.93,-0.85,50.0,6.05,1.34,1.23,1.9,-0.05,4.49,-116.79,-4.18,2.64,20.23,-32.24,6.0,9.6,24.0,2425,61,,,,,,,0,1,0,top
2017-08-22,491978,1,445060,R,592261,R,0,Groundout,6,6,170823_020957,6124a703-b984-4b2a-97da-a818ed08914f,3,2,0,X,In play- out(s),FT,9,2.0,3.15,1.25,90.7,83.0,49.28,-0.67,50.0,5.92,0.56,1.81,-8.89,6.62,6.18,-131.39,-6.71,-15.57,27.39,-20.58,33.6,6.0,24.0,2140,237,,,,,,,0,1,0,top
2017-08-22,491978,1,445060,R,425783,L,1,Strikeout,4,1,170823_021034,c09c1e86-855b-4b66-adf5-5ad123649153,0,0,1,B,Ball,FF,14,2.0,3.43,1.48,91.2,83.6,48.03,-0.45,50.0,6.02,1.92,1.74,-5.85,9.48,8.19,-132.05,-8.24,-10.37,27.12,-15.37,27.6,4.8,24.0,2240,212,,,,,,,0,1,0,top
2017-08-22,491978,1,445060,R,425783,L,1,Strikeout,4,2,170823_021050,0e17bf50-f145-4cf3-97aa-3055173b19c5,1,0,1,S,Swinging Strike,FS,8,2.0,3.0,1.28,81.9,76.1,25.83,-1.05,50.0,5.97,-0.19,1.76,-5.98,2.85,3.87,-118.92,-4.0,-8.68,19.85,-28.03,15.6,8.4,24.0,1541,253,,,,,,,0,1,0,top
2017-08-22,491978,1,445060,R,425783,L,1,Strikeout,4,3,170823_021113,fc6bb6f8-9571-4e0d-8695-e52cf8292533,1,2,1,F,Foul,FS,11,2.0,3.0,1.28,81.9,75.8,39.8,-1.18,50.0,6.03,-1.17,2.45,-8.45,0.46,2.6,-118.98,-1.77,-12.22,20.85,-31.51,20.4,9.6,24.0,1516,273,,,,,,,0,1,0,top
2017-08-22,491978,1,445060,R,425783,L,1,Strikeout,4,4,170823_021132,d0bac337-808c-448a-b400-20ec4260089c,1,2,1,S,Swinging Strike,FT,12,2.0,3.0,1.28,91.2,83.8,53.29,-0.61,50.0,6.09,0.85,3.46,-6.5,6.48,6.07,-132.29,-2.98,-11.62,25.93,-20.59,26.4,4.8,24.0,2033,226,,,,,,,0,1,0,top
2017-08-22,491978,1,445060,R,462101,R,2,Single,11,1,170823_021212,ad2c1ad5-25cd-4fb4-af6f-5115e61443fa,0,0,2,B,Ball,FF,12,2.0,3.43,1.49,91.3,83.6,43.59,-0.54,50.0,6.11,1.37,2.92,-4.52,9.83,6.54,-132.32,-5.57,-8.06,26.79,-14.64,22.8,3.6,24.0,2153,203,,,,462101,,,0,0,0,top
2017-08-22,491978,1,445060,R,462101,R,2,Single,11,2,170823_021227,31e5c31b-c260-4e32-9d9a-cbfeb0ffcdca,1,0,2,S,Swinging Strike,SL,6,2.0,3.09,1.27,80.3,74.5,31.51,-1.05,50.0,6.07,0.38,1.88,4.07,-0.92,2.09,-116.63,-2.44,5.64,20.29,-33.45,9.6,9.6,24.0,2253,65,,,,462101,,,0,0,0,top
2017-08-22,491978,1,445060,R,462101,R,2,Single,11,3,170823_021247,8ebc0b23-c02d-4a27-8c13-7ad733181e36,1,1,2,S,Swinging Strike,KC,6,2.0,3.09,1.27,74.1,67.9,43.91,-0.9,50.0,6.35,0.51,2.17,9.2,-7.79,0.45,-107.51,0.92,10.64,20.69,-41.19,14.4,14.4,24.0,2557,46,,,,462101,,,0,0,0,top
2017-08-22,491978,1,445060,R,462101,R,2,Single,11,4,170823_021306,5130d6b6-1709-4be5-b189-39c9532fb57b,1,2,2,F,Foul,FT,11,2.0,3.09,1.27,90.4,82.9,29.21,-0.91,50.0,6.12,-1.41,2.46,-6.59,6.83,0.93,-131.24,-5.59,-11.52,27.18,-20.24,27.6,6.0,24.0,2059,229,,,,462101,,,0,0,0,top
2017-08-22,491978,1,445060,R,462101,R,2,Single,11,5,170823_021347,01587ebb-e528-47e6-8a16-042ecb6b2702,1,2,2,B,Ball,FF,11,2.0,3.35,1.47,90.8,83.7,64.55,-0.76,50.0,6.2,-1.15,3.24,-4.32,5.54,0.47,-131.9,-3.47,-7.67,25.65,-22.32,18.0,6.0,24.0,2016,223,,,,462101,,,0,0,0,top
2017-08-22,491978,1,445060,R,462101,R,2,Single,11,6,170823_021401,69bb78d8-cc64-41ed-9ef0-dc0248f2823e,2,2,2,F,Foul,FF,12,2.0,3.09,1.27,91.4,84.4,58.46,-0.35,50.0,6.1,1.12,2.75,-3.76,8.19,5.16,-132.81,-5.54,-6.79,25.54,-17.39,18.0,4.8,24.0,2029,204,,,,462101,,,0,0,0,top
2017-08-22,491978,1,445060,R,462101,R,2,Single,11,7,170823_021425,0199e827-2a4e-4d57-a543-9c11b200b642,2,2,2,F,Foul,SL,2,2.0,3.09,1.27,80.3,75.2,25.91,-0.91,50.0,6.15,-0.18,2.56,1.32,-3.56,1.3,-116.84,-0.34,1.85,18.25,-37.19,3.6,10.8,24.0,2279,19,,,,462101,,,0,0,0,top
2017-08-22,491978,1,445060,R,462101,R,2,Single,11,8,170823_021458,d70b4c0e-2bbf-42e0-8f48-f06404ff3dfe,2,2,2,F,Foul,FF,12,2.0,3.09,1.27,91.3,83.3,60.91,-0.49,50.0,6.11,0.93,2.93,-3.26,9.69,4.81,-132.47,-5.46,-5.79,28.36,-14.96,16.8,3.6,24.0,2127,197,,,,462101,,,0,0,0,top
2017-08-22,491978,1,445060,R,462101,R,2,Single,11,9,170823_021512,b73dfc0f-9797-4f99-8209-2554a941a479,2,2,2,F,Foul,FS,13,2.0,3.09,1.27,82.0,75.9,48.02,-1.12,50.0,5.89,-1.13,1.76,-7.84,0.39,2.37,-119.11,-3.03,-11.34,21.42,-31.61,19.2,9.6,24.0,1270,275,,,,462101,,,0,0,0,top
2017-08-22,491978,1,445060,R,462101,R,2,Single,11,10,170823_021537,4a0e3de6-0a3d-4e2f-85bd-abde3f4f4981,2,2,2,B,Ball,KC,14,2.0,3.32,1.47,74.4,68.4,33.27,-0.82,50.0,6.26,1.42,1.04,8.12,-8.72,2.53,-107.85,-1.07,9.43,21.27,-42.3,13.2,15.6,24.0,2453,40,,,,462101,,,0,0,0,top
2017-08-22,491978,1,445060,R,462101,R,2,Single,11,11,170823_021613,1cb2eed3-75f8-4bed-8218-2309698d3d2c,3,2,2,D,In play- no out,FF,12,2.0,3.09,1.27,91.1,83.2,49.42,-0.59,50.0,6.09,0.33,3.32,-5.7,8.64,4.35,-132.18,-3.99,-10.1,27.83,-16.86,27.6,4.8,24.0,2184,214,,,,462101,,,0,0,0,top
2017-08-22,491978,1,445060,R,134181,R,3,Walk,7,1,170823_021649,2cfdc627-20ca-4098-be41-4f5621ac7d39,0,1,2,F,Foul,FT,12,2.0,3.38,1.44,90.5,82.9,63.01,-0.51,50.0,6.0,0.77,2.9,-6.87,6.4,5.62,-131.29,-4.01,-12.04,26.82,-20.95,26.4,6.0,24.0,1905,229,462101,,,134181,462101,,0,0,0,top
2017-08-22,491978,1,445060,R,134181,R,3,Walk,7,2,170823_021714,d3404b28-4771-46ce-b55b-12f55d6fa1bf,0,1,2,B,Ball,FT,12,2.0,3.71,1.62,91.7,84.5,62.36,-0.4,50.0,6.09,1.06,3.04,-8.52,3.26,6.8,-133.09,-3.07,-15.44,25.88,-26.27,27.6,7.2,24.0,1832,253,462101,,,134181,462101,,0,0,0,top
2017-08-22,491978,1,445060,R,134181,R,3,Walk,7,3,170823_021833,5703249a-9097-43ab-b6b6-5a8b2e4243e1,1,1,2,B,Ball,FS,11,2.0,3.15,1.58,80.7,74.7,50.32,-0.93,50.0,6.06,-0.66,3.37,-4.49,2.2,1.98,-117.23,-0.01,-6.33,19.64,-29.07,12.0,8.4,24.0,1281,251,462101,,,134181,462101,,0,0,0,top
2017-08-22,491978,1,445060,R,134181,R,3,Walk,7,4,170823_021858,269182f6-ad68-4ff0-9969-a91f2000e3df,2,1,2,B,Ball,SL,14,2.0,3.38,1.43,81.8,76.3,16.33,-0.81,50.0,5.92,1.51,2.04,1.47,-1.07,5.04,-118.94,-2.02,2.14,19.69,-33.72,4.8,9.6,24.0,,46,462101,,,134181,462101,,0,0,0,top
2017-08-22,491978,1,445060,R,134181,R,3,Walk,7,5,170823_021925,aaa2b31d-29be-4746-843d-d654a9a4e098,3,1,2,B,Ball,FT,14,2.0,3.73,1.62,91.2,84.0,71.24,-0.45,50.0,5.83,0.86,1.24,-9.3,4.73,6.59,-132.19,-7.47,-16.58,26.3,-23.75,31.2,7.2,24.0,1988,249,462101,,,134181,462101,,0,0,0,top
2017-08-22,491978,1,445060,R,608577,L,4,Strikeout,4,1,170823_022014,09810112-8a80-439f-90c4-6a254df7be8a,0,1,2,W,Swinging Strike (Blocked),FS,14,2.0,3.2,1.4,82.5,76.3,89.34,-0.94,50.0,5.8,0.82,0.97,-5.18,4.65,5.77,-119.63,-6.09,-7.57,21.25,-25.38,14.4,7.2,24.0,1554,234,134181,462101,,,,,0,1,0,top
2017-08-22,491978,1,445060,R,608577,L,4,Strikeout,4,2,170823_022043,a09d1560-e867-46c5-9b3c-490bcf95e4fa,0,1,2,S,Swinging Strike,FF,12,2.0,3.2,1.4,91.3,83.1,20.84,-0.63,50.0,6.1,0.09,3.94,-3.24,11.09,2.97,-132.5,-3.25,-5.76,28.41,-12.47,21.6,3.6,24.0,2041,196,134181,462101,,,,,0,1,0,top
2017-08-22,491978,1,445060,R,608577,L,4,Strikeout,4,3,170823_022140,4e7eb48a-b3b2-48d6-986e-bb29a9aac2b6,1,2,2,*B,Ball In Dirt,FS,13,2.0,3.46,1.62,81.4,75.9,31.81,-1.14,50.0,5.79,-0.58,0.52,-8.77,-0.61,4.0,-118.23,-5.32,-12.54,20.28,-33.05,19.2,9.6,24.0,1339,283,134181,462101,,,,,0,1,0,top
2017-08-22,491978,1,445060,R,608577,L,4,Strikeout,4,4,170823_022213,ea6ffc52-f438-4d83-a4f8-a38162df3880,1,3,2,C,Called Strike,KC,13,2.0,3.49,1.58,73.4,67.8,63.95,-1.26,50.0,6.16,-0.9,2.1,6.63,-8.12,-1.04,-106.55,1.32,7.61,18.7,-41.48,10.8,14.4,24.0,2418,35,134181,462101,,,,,0,1,0,top
2017-08-22,491978,2,445060,R,435063,R,12,Walk,6,1,170823_024439,d30231b4-a4ba-4c75-a7fb-a2d8c4233dec,0,0,0,B,Ball,FT,14,2.0,3.43,1.76,89.4,81.9,75.86,-0.43,50.0,5.95,1.14,1.48,-9.36,8.78,7.15,-129.49,-8.06,-15.95,26.16,-17.21,38.4,6.0,24.0,2043,230,,,,435063,,,0,0,1,top
2017-08-22,491978,2,445060,R,435063,R,12,Walk,6,2,170823_024453,83b3487d-8aa7-4ff3-a5aa-b38f305379e2,1,0,0,B,Ball,SL,14,2.0,3.43,1.52,79.1,73.4,46.72,-0.93,50.0,6.04,0.96,0.98,2.05,-2.44,3.7,-114.92,-3.69,2.74,20.78,-35.44,4.8,10.8,24.0,,34,,,,435063,,,0,0,1,top
2017-08-22,491978,2,445060,R,435063,R,12,Walk,6,3,170823_024513,802a27cf-af83-47e3-9b08-f4803d2e6a2e,2,1,0,C,Called Strike,FF,3,2.0,3.44,1.53,90.8,82.9,51.78,-0.54,50.0,6.09,0.63,3.21,-6.61,9.12,5.27,-131.7,-4.39,-11.63,27.68,-16.14,31.2,4.8,24.0,2272,217,,,,435063,,,0,0,1,top
2017-08-22,491978,2,445060,R,435063,R,12,Walk,6,4,170823_024530,e7075ad6-ce8e-4e8f-9eae-699d03abb082,2,1,0,B,Ball,FT,14,2.0,3.49,1.63,91.1,83.3,32.0,-0.2,50.0,6.04,1.44,2.56,-8.45,8.74,7.14,-132.08,-5.89,-14.96,27.57,-16.69,37.2,4.8,24.0,2116,226,,,,435063,,,0,0,1,top
2017-08-22,491978,2,445060,R,435063,R,12,Walk,6,5,170823_024547,d6b300e9-eacd-4af3-970a-633c0fe10215,3,2,0,F,Foul,FT,3,2.0,3.05,1.24,91.3,83.7,49.29,-0.52,50.0,6.02,0.27,2.82,-8.73,7.35,5.05,-131.98,-4.71,-15.54,25.77,-19.1,36.0,6.0,24.0,2115,236,,,,435063,,,0,0,1,top
2017-08-22,491978,2,445060,R,435063,R,12,Walk,6,6,170823_024615,74eeaff0-7faf-496d-984a-9f60c91cd3d8,3,2,0,B,Ball,FF,14,2.0,3.38,1.54,91.1,82.9,68.53,-0.53,50.0,5.85,1.29,1.39,-6.91,8.53,7.05,-131.79,-8.26,-12.11,28.84,-17.21,28.8,4.8,24.0,2078,221,,,,435063,,,0,0,1,top
2017-08-22,491978,2,445060,R,596059,L,13,Flyout,2,1,170823_024659,753228bd-9774-4201-a243-bff2ade5f783,0,1,0,C,Called Strike,FS,1,2.0,3.08,1.33,81.2,74.8,90.1,-1.15,50.0,5.97,-0.66,2.53,-8.49,1.71,3.72,-117.92,-1.65,-12.01,21.41,-29.76,20.4,9.6,24.0,1435,265,435063,,,435063,,,0,1,1,top
2017-08-22,491978,2,445060,R,596059,L,13,Flyout,2,2,170823_024730,ebb2bf48-755b-489a-88d0-84dae51f44ca,0,1,0,X,In play- out(s),FF,3,2.0,2.88,1.13,90.7,82.8,48.47,-0.6,50.0,6.05,0.57,2.58,-3.87,10.03,4.35,-131.57,-6.23,-6.78,27.95,-14.59,20.4,3.6,24.0,2237,201,435063,,,435063,,,0,1,1,top
2017-08-22,491978,2,445060,R,455139,R,14,Flyout,4,1,170823_024810,03750b53-3c5b-47e7-9363-644c825da65c,0,0,1,B,Ball,FT,13,2.0,3.23,1.52,90.7,83.2,51.16,-0.68,50.0,5.8,-0.18,1.52,-9.16,6.2,4.4,-131.52,-7.02,-16.09,27.09,-21.27,33.6,6.0,24.0,1966,241,435063,,,435063,,,0,1,1,top
2017-08-22,491978,2,445060,R,455139,R,14,Flyout,4,2,170823_024831,3959645d-e8e5-468c-9bfd-2601ee2691a0,2,0,1,*B,Ball In Dirt,SL,14,2.0,3.27,1.55,81.3,75.2,45.37,-0.71,50.0,5.89,1.21,0.67,2.94,-3.28,3.6,-117.99,-4.24,4.15,22.61,-36.79,7.2,10.8,24.0,2334,36,435063,,,435063,,,0,1,1,top
2017-08-22,491978,2,445060,R,455139,R,14,Flyout,4,3,170823_024858,74d64675-b07b-4fed-9ded-6111378cdcaf,2,1,1,F,Foul,FT,2,2.0,2.86,1.18,90.7,83.0,39.01,-0.58,50.0,5.93,-0.08,2.68,-8.63,6.2,4.22,-131.66,-4.36,-15.17,27.51,-21.27,32.4,6.0,24.0,2017,238,435063,,,435063,,,0,1,1,top
2017-08-22,491978,2,445060,R,455139,R,14,Flyout,4,4,170823_024943,87c119db-d82a-41c0-bc82-235055731f0f,2,1,1,X,In play- out(s),FF,3,2.0,2.86,1.18,91.1,82.9,47.48,-0.32,50.0,5.92,0.59,2.32,-4.71,9.4,3.96,-132.06,-6.35,-8.29,29.07,-15.63,24.0,4.8,24.0,2041,208,435063,,,435063,,,0,1,1,top
2017-08-22,491978,2,445060,R,592685,L,15,Strikeout,6,1,170823_025015,2f813fcd-0bb7-4942-a89e-db599ccb780c,0,1,2,C,Called Strike,FT,4,2.0,3.64,1.69,90.8,83.3,45.4,-1.03,50.0,5.67,-0.35,2.36,-7.64,4.08,4.36,-131.72,-3.83,-13.49,26.66,-24.96,26.4,6.0,24.0,1851,247,435063,,,,,,0,1,1,top
2017-08-22,491978,2,445060,R,592685,L,15,Strikeout,6,2,170823_025048,477ad87c-1747-40b0-8f8e-0b563edce6a2,0,1,2,B,Ball,FS,13,2.0,3.61,1.7,80.7,75.0,10.73,-1.01,50.0,5.61,-0.08,0.15,-6.12,2.55,4.01,-117.03,-6.5,-8.57,19.99,-28.6,15.6,8.4,24.0,1356,259,435063,,,,,,0,1,1,top
2017-08-22,491978,2,445060,R,592685,L,15,Strikeout,6,3,170823_025117,0ec249b2-b87d-46eb-920c-fe8d328b9f51,1,1,2,S,Swinging Strike,FS,13,2.0,3.59,1.36,80.9,74.7,40.83,-0.91,50.0,5.94,-0.77,1.9,-7.27,3.02,2.54,-117.44,-3.39,-10.23,20.73,-27.92,19.2,8.4,24.0,1401,255,435063,,,,,,0,1,1,top
2017-08-22,491978,2,445060,R,592685,L,15,Strikeout,6,4,170823_025141,7fd5b2d1-4174-4d6e-be2f-934d0d063aed,1,2,2,B,Ball,FF,12,2.0,3.68,1.69,92.1,83.9,35.59,-0.66,50.0,6.17,1.37,3.72,-3.5,9.91,6.53,-133.62,-3.77,-6.32,28.84,-14.25,18.0,3.6,24.0,2111,197,435063,,,,,,0,1,1,top
2017-08-22,491978,2,445060,R,592685,L,15,Strikeout,6,5,170823_025206,c630874f-b51c-42a4-bccc-a8091a387d0e,3,2,2,*B,Ball In Dirt,SL,14,2.0,3.6,1.7,80.2,75.4,17.27,-0.64,50.0,5.76,2.41,0.21,2.68,-4.29,6.23,-116.52,-4.59,3.73,19.19,-38.15,7.2,10.8,24.0,2361,32,435063,,,,,,0,1,1,top
2017-08-22,491978,2,445060,R,592685,L,15,Strikeout,6,6,170823_025238,531087b6-e22d-4198-8c3a-46b3b02db44f,3,3,2,C,Called Strike,FT,14,2.0,3.62,1.65,91.7,84.8,61.46,-0.65,50.0,5.77,0.61,1.62,-7.05,4.06,5.74,-133.15,-6.27,-12.78,25.99,-24.81,24.0,6.0,24.0,1915,246,435063,,,,,,0,1,1,top
2017-08-22,491978,3,445060,R,592261,R,21,Flyout,5,1,170823_030711,26971c16-068b-4912-bd68-7560c6892e40,0,0,0,B,Ball,SL,14,2.0,3.35,1.48,80.8,75.3,55.27,-0.83,50.0,5.99,2.27,0.72,2.73,-1.33,6.37,-117.3,-4.91,3.83,20.7,-34.04,7.2,9.6,24.0,2332,52,,,,,,,0,1,1,top
2017-08-22,491978,3,445060,R,592261,R,21,Flyout,5,2,170823_030730,efdd1050-a0ab-4f56-9f77-f268c57b5f4c,1,0,0,B,Ball,SL,11,2.0,3.38,1.45,78.1,72.1,31.18,-1.27,50.0,6.32,-0.54,3.85,2.19,-3.23,1.0,-113.39,2.55,2.88,19.24,-36.41,4.8,10.8,24.0,2305,31,,,,,,,0,1,1,top
2017-08-22,491978,3,445060,R,592261,R,21,Flyout,5,3,170823_030748,100f3873-b584-4157-8c62-4bb446969510,2,1,0,C,Called Strike,FF,3,2.0,3.52,1.64,89.4,81.7,44.4,-0.56,50.0,6.21,0.32,3.46,-3.64,9.4,3.48,-129.79,-3.9,-6.22,26.61,-16.1,18.0,4.8,24.0,2090,201,,,,,,,0,1,1,top
2017-08-22,491978,3,445060,R,592261,R,21,Flyout,5,4,170823_030821,b424e502-aaa2-43cc-97b1-e7b80c3edfa0,2,2,0,F,Foul,FT,13,2.0,3.15,1.24,90.1,82.7,56.49,-0.58,50.0,5.99,-0.88,2.12,-10.3,4.02,2.7,-130.77,-5.12,-17.88,26.88,-25.2,33.6,7.2,24.0,1967,254,,,,,,,0,1,1,top
2017-08-22,491978,3,445060,R,592261,R,21,Flyout,5,5,170823_030857,0211b680-bc52-4e64-8a28-a49563bfb979,2,2,0,X,In play- out(s),FF,3,2.0,3.15,1.24,90.9,83.2,55.33,-0.63,50.0,6.06,0.62,2.91,-3.28,9.62,4.37,-131.87,-5.31,-5.8,26.98,-15.17,16.8,3.6,24.0,2059,198,,,,,,,0,1,1,top
2017-08-22,491978,3,445060,R,425783,L,22,Single,6,1,170823_030923,f36ea048-c608-4ebe-9d30-e64a17f6a1f5,0,0,1,B,Ball,KC,14,2.0,3.37,1.56,72.9,67.6,94.42,-0.72,50.0,6.31,1.13,1.46,7.76,-8.89,1.75,-105.95,0.0,8.77,19.04,-42.22,12.0,15.6,24.0,2516,39,,,,425783,,,0,0,1,top
2017-08-22,491978,3,445060,R,425783,L,22,Single,6,2,170823_030936,95cea4dc-109d-4c74-9abb-3cac0e1f0ccc,1,1,1,C,Called Strike,FF,12,2.0,3.04,1.4,90.9,83.6,54.15,-0.6,50.0,6.05,0.99,2.54,-4.7,9.7,5.74,-131.92,-6.34,-8.35,25.85,-14.94,24.0,3.6,24.0,2195,206,,,,425783,,,0,0,1,top
2017-08-22,491978,3,445060,R,425783,L,22,Single,6,3,170823_030952,8d613a7e-6ecc-4fd0-8ffc-d62077975cc0,1,1,1,B,Ball,FS,13,2.0,3.35,1.48,80.7,75.0,23.69,-1.01,50.0,5.78,-1.37,1.77,-7.76,2.31,1.51,-117.22,-3.12,-10.93,19.57,-28.93,20.4,8.4,24.0,1482,261,,,,425783,,,0,0,1,top
2017-08-22,491978,3,445060,R,425783,L,22,Single,6,4,170823_031007,fe9c3a7a-4fed-4874-94f5-3a3e02d7b697,2,1,1,B,Ball,FS,14,2.0,3.39,1.49,81.2,75.1,7.69,-0.89,50.0,5.78,0.06,0.35,-8.22,5.18,4.69,-117.71,-7.33,-11.6,21.05,-24.87,22.8,8.4,24.0,1556,245,,,,425783,,,0,0,1,top
2017-08-22,491978,3,445060,R,425783,L,22,Single,6,5,170823_031031,32f0f031-5fad-4174-88db-b95bb3cf3be0,3,2,1,F,Foul,FT,5,2.0,3.0,1.28,90.7,83.9,29.41,-0.83,50.0,5.78,-0.01,1.88,-8.65,3.85,5.09,-131.72,-5.36,-15.38,24.89,-25.33,28.8,7.2,24.0,1947,251,,,,425783,,,0,0,1,top
2017-08-22,491978,3,445060,R,425783,L,22,Single,6,6,170823_031057,87ec0f2f-ffdd-4e86-b140-524e0e9e9419,3,2,1,D,In play- no out,FT,4,2.0,3.0,1.28,89.9,83.0,43.77,-0.94,50.0,5.87,-0.32,2.41,-9.02,6.53,4.65,-130.6,-4.94,-15.76,24.63,-20.77,34.8,6.0,24.0,1877,237,,,,425783,,,0,0,1,top
2017-08-22,491978,3,445060,R,462101,R,23,Strikeout,6,1,170823_031137,3d52ba07-1716-4a55-b42d-e9955846a551,0,0,1,S,Swinging Strike,SL,9,2.0,3.09,1.27,80.7,75.2,75.4,-0.84,50.0,6.02,0.62,1.68,4.43,2.56,2.05,-117.35,-3.97,6.26,19.48,-28.56,13.2,8.4,24.0,,106,425783,,,425783,,,0,1,1,top
2017-08-22,491978,3,445060,R,462101,R,23,Strikeout,6,2,170823_031202,4374a739-65f1-4ed9-9c90-1eca26f76cf5,0,1,1,B,Ball,FS,11,2.0,3.42,1.5,80.2,74.8,18.35,-0.95,50.0,6.07,-1.47,3.01,-5.04,1.05,0.31,-116.66,-0.49,-7.08,18.12,-30.69,13.2,9.6,24.0,1338,266,425783,,,425783,,,0,1,1,top
2017-08-22,491978,3,445060,R,462101,R,23,Strikeout,6,3,170823_031227,66b8b83f-95ae-49f5-be0b-6303d04f3ae8,1,2,1,C,Called Strike,FT,4,2.0,3.42,1.46,89.6,82.2,51.47,-0.74,50.0,5.87,-0.65,2.15,-9.38,6.31,3.37,-130.08,-5.42,-16.12,26.5,-21.33,34.8,6.0,24.0,1934,240,425783,,,425783,,,0,1,1,top
2017-08-22,491978,3,445060,R,462101,R,23,Strikeout,6,4,170823_031250,88e532c7-1747-4bb8-928f-450e0258d9f7,2,2,1,*B,Ball In Dirt,KC,14,2.0,3.19,1.39,74.6,69.3,33.2,-0.67,50.0,6.09,2.55,0.07,7.62,-8.18,4.76,-108.33,-3.02,8.96,20.65,-41.8,13.2,14.4,24.0,2409,41,425783,,,425783,,,0,1,1,top
2017-08-22,491978,3,445060,R,462101,R,23,Strikeout,6,5,170823_031348,f3c539db-615e-4fa1-a9a9-e11399c415d1,2,3,1,T,Foul Tip,KC,9,2.0,3.09,1.27,73.8,68.0,54.79,-0.77,50.0,6.18,0.46,1.49,7.23,-7.96,0.61,-107.1,-0.07,8.34,19.84,-41.35,12.0,14.4,24.0,2523,39,425783,,,425783,,,0,1,1,top
2017-08-22,491978,3,445060,R,134181,R,24,Strikeout,4,1,170823_031429,9dac40a9-0e30-4ff3-907f-ef6e87cd18b6,0,1,2,F,Foul,FT,11,2.0,3.37,1.44,91.2,83.5,65.32,-0.64,50.0,6.01,-0.74,3.07,-7.37,5.62,2.24,-132.4,-3.45,-13.12,27.44,-22.17,28.8,6.0,24.0,2165,237,425783,,,,,,0,1,1,top
2017-08-22,491978,3,445060,R,134181,R,24,Strikeout,4,2,170823_031521,5b480596-d028-46cb-8e8b-7467d9ce2626,0,2,2,C,Called Strike,KC,5,2.0,3.61,1.62,74.4,68.2,31.19,-0.74,50.0,6.37,-0.01,2.89,8.62,-8.48,-0.82,-108.02,2.49,10.09,20.34,-42.11,13.2,14.4,24.0,2382,42,425783,,,,,,0,1,1,top
2017-08-22,491978,3,445060,R,134181,R,24,Strikeout,4,3,170823_031557,bb8b6737-ad3e-40b8-ad63-bdc37646f3dd,0,2,2,F,Foul,FF,13,2.0,3.37,1.44,90.9,83.9,46.02,-0.52,50.0,6.01,-0.72,2.24,-3.62,6.67,0.7,-132.2,-5.99,-6.46,26.06,-20.28,16.8,4.8,24.0,1949,213,425783,,,,,,0,1,1,top
2017-08-22,491978,3,445060,R,134181,R,24,Strikeout,4,4,170823_031614,daa854f2-7e96-4f6b-9960-bd91cceae703,0,2,2,S,Swinging Strike,FT,13,2.0,3.37,1.44,90.9,83.7,53.87,-1.1,50.0,5.81,-1.29,2.34,-8.55,4.3,2.4,-132.08,-4.38,-15.21,26.36,-24.53,30.0,7.2,24.0,1865,249,425783,,,,,,0,1,1,top
2017-08-22,491978,4,445060,R,608577,L,30,Flyout,5,1,170823_033451,050ad829-2e41-4345-97f7-d30f2ed07e05,0,0,0,B,Ball,KC,14,2.0,3.43,1.59,70.9,65.4,53.58,-1.0,50.0,6.38,0.19,1.17,6.67,-8.78,0.65,-102.82,-0.28,7.07,18.71,-41.48,9.6,15.6,24.0,2473,34,,,,,,,0,1,1,top
2017-08-22,491978,4,445060,R,608577,L,30,Flyout,5,2,170823_033504,a1d4d01b-6ba2-4295-890f-88cf15568cd5,1,0,0,B,Ball,FS,14,2.0,3.55,1.6,79.4,72.9,30.04,-1.04,50.0,6.02,0.12,1.56,-9.83,5.32,5.53,-115.07,-4.62,-13.2,21.05,-25.02,25.2,8.4,24.0,1563,247,,,,,,,0,1,1,top
2017-08-22,491978,4,445060,R,608577,L,30,Flyout,5,3,170823_033519,01d86fea-7673-46f4-9832-bcdd8f259b78,2,0,0,B,Ball,FT,13,2.0,3.65,1.69,88.5,81.7,50.87,-0.93,50.0,5.85,-0.24,1.34,-8.04,4.96,4.42,-128.37,-6.79,-13.53,24.48,-23.82,26.4,7.2,24.0,1914,244,,,,,,,0,1,1,top
2017-08-22,491978,4,445060,R,608577,L,30,Flyout,5,4,170823_033534,ea9021ca-c4cc-48db-906c-1c8785b84319,3,1,0,C,Called Strike,FF,13,2.0,3.78,1.66,88.5,81.4,51.58,-0.83,50.0,6.09,-0.74,2.43,-5.04,7.63,1.89,-128.43,-5.51,-8.48,24.94,-19.34,21.6,4.8,24.0,2057,217,,,,,,,0,1,1,top
2017-08-22,491978,4,445060,R,608577,L,30,Flyout,5,5,170823_033615,961f3c7e-0af8-408d-add6-a2be33680ea0,3,1,0,X,In play- out(s),FT,5,2.0,3.2,1.4,89.3,81.9,31.33,-0.75,50.0,5.92,0.09,2.47,-8.36,6.4,4.94,-129.61,-4.7,-14.28,26.07,-21.24,31.2,6.0,24.0,1900,236,,,,,,,0,1,1,top
2017-08-22,491978,4,445060,R,435063,R,31,Strikeout,4,1,170823_033652,bd7c9259-c08f-421b-8d5c-df512b359768,0,1,1,C,Called Strike,SL,6,2.0,3.38,1.56,80.8,74.7,59.27,-1.0,50.0,6.14,0.35,2.33,3.01,-2.65,2.23,-117.31,-1.11,4.22,21.06,-35.89,7.2,10.8,24.0,2384,42,,,,,,,0,1,1,top
2017-08-22,491978,4,445060,R,435063,R,31,Strikeout,4,2,170823_033707,99d7df58-5a16-403d-89df-9c93928a620d,0,1,1,B,Ball,KC,14,2.0,3.3,1.53,74.7,69.0,33.2,-0.63,50.0,6.21,2.16,0.37,8.23,-7.51,3.66,-108.28,-2.81,9.65,20.97,-40.98,13.2,14.4,24.0,2573,44,,,,,,,0,1,1,top
2017-08-22,491978,4,445060,R,435063,R,31,Strikeout,4,3,170823_033729,afda39b5-5035-495b-99bd-f76b4bd4d21e,1,2,1,C,Called Strike,SL,12,2.0,3.32,1.44,80.3,74.6,39.19,-0.95,50.0,6.17,0.71,2.46,2.32,-2.93,3.16,-116.63,-0.75,3.23,19.66,-36.25,6.0,10.8,24.0,2273,35,,,,,,,0,1,1,top
2017-08-22,491978,4,445060,R,435063,R,31,Strikeout,4,4,170823_033748,f6de154c-5492-4794-ba11-564f290f333a,1,2,1,S,Swinging Strike,FS,8,2.0,3.05,1.24,82.0,76.2,23.53,-0.97,50.0,5.92,0.19,1.71,-7.11,1.26,4.93,-119.06,-3.52,-10.35,19.97,-30.34,16.8,8.4,24.0,1435,268,,,,,,,0,1,1,top
2017-08-22,491978,4,445060,R,596059,L,32,Single,3,1,170823_033829,e0572054-df67-4b7b-82a0-38bb26e3c192,0,1,2,F,Foul,FS,8,2.0,2.88,1.13,80.7,74.8,76.99,-1.0,50.0,5.93,-0.03,1.23,-7.15,3.02,4.41,-117.12,-4.91,-10.03,20.21,-27.94,18.0,8.4,24.0,1368,255,,,,596059,,,0,0,1,top
2017-08-22,491978,4,445060,R,596059,L,32,Single,3,2,170823_033854,5b2b0f3b-5ab3-4e97-a83a-82766afc8c6f,0,1,2,B,Ball,FS,11,2.0,3.02,1.33,79.9,74.1,10.63,-1.1,50.0,5.89,-1.59,2.43,-7.11,0.62,1.0,-116.12,-1.17,-9.81,19.55,-31.32,16.8,9.6,24.0,1239,272,,,,596059,,,0,0,1,top
2017-08-22,491978,4,445060,R,596059,L,32,Single,3,3,170823_033923,b043bcbd-6374-41bd-acc5-c126e561a738,1,1,2,D,In play- no out,KC,1,2.0,2.88,1.13,74.3,68.3,55.02,-1.04,50.0,6.31,-0.41,2.77,7.89,-8.29,-0.84,-107.81,2.33,9.24,19.57,-41.88,12.0,14.4,24.0,2437,41,,,,596059,,,0,0,1,top
2017-08-22,491978,4,445060,R,455139,R,33,Pop Out,2,1,170823_034002,6a748f02-4966-4888-86a5-0a9a936d0139,0,1,2,C,Called Strike,SL,2,2.0,3.3,1.56,80.6,74.3,58.31,-0.82,50.0,6.14,0.21,2.77,0.23,-2.93,2.31,-117.05,0.03,0.32,21.19,-36.25,1.2,10.8,24.0,2237,8,596059,,,,,,0,1,1,top
2017-08-22,491978,4,445060,R,455139,R,33,Pop Out,2,2,170823_034058,f43eafe3-fd19-4162-85a6-c1dfbf54e794,0,1,2,X,In play- out(s),FF,12,2.0,2.86,1.18,89.6,81.9,60.14,-0.37,50.0,6.14,0.7,3.19,-4.11,8.82,4.11,-130.03,-4.28,-7.05,26.8,-17.04,19.2,4.8,24.0,2054,205,596059,,,,,,0,1,1,top
2017-08-22,491978,5,445060,R,592685,L,40,Groundout,5,1,170823_040613,3f8eedea-148b-4de5-8d02-db8ab990a2fc,0,0,0,B,Ball,FF,13,2.0,3.65,1.71,88.9,82.2,80.62,-0.79,50.0,6.01,-1.07,1.75,-6.2,7.95,1.35,-129.03,-7.25,-10.57,23.92,-18.62,27.6,4.8,24.0,2077,223,,,,,,,0,1,3,top
2017-08-22,491978,5,445060,R,592685,L,40,Groundout,5,2,170823_040636,504f9d5f-2709-4d17-9fe1-e7968b1ac1fa,1,1,0,F,Foul,FF,5,2.0,3.59,1.36,88.3,81.1,28.98,-0.89,50.0,6.15,-0.2,2.65,-2.72,10.42,2.64,-128.16,-5.98,-4.56,25.05,-14.74,14.4,3.6,24.0,2128,194,,,,,,,0,1,3,top
2017-08-22,491978,5,445060,R,592685,L,40,Groundout,5,3,170823_040653,82fa51bb-c8f6-4910-9ca3-0973e174e627,1,1,0,B,Ball,FF,14,2.0,3.67,1.63,90.7,83.6,30.23,-0.49,50.0,5.99,1.41,2.01,-7.37,8.71,7.43,-131.42,-7.16,-13.03,25.02,-16.79,32.4,4.8,24.0,2217,222,,,,,,,0,1,3,top
2017-08-22,491978,5,445060,R,592685,L,40,Groundout,5,4,170823_040712,e403efab-8836-49dc-82a8-9afbcde6f10b,2,1,0,B,Ball,FF,13,2.0,3.67,1.65,89.7,82.8,48.75,-0.85,50.0,5.8,-0.85,1.04,-6.32,8.67,2.11,-130.05,-8.92,-10.92,24.93,-17.19,28.8,4.8,24.0,2091,221,,,,,,,0,1,3,top
2017-08-22,491978,5,445060,R,592685,L,40,Groundout,5,5,170823_040732,49163d9a-3c35-4ca4-837c-5ab703bd1da0,3,1,0,X,In play- out(s),FF,9,2.0,3.59,1.36,90.0,82.7,50.67,-0.82,50.0,5.92,0.65,1.9,-4.6,9.49,5.33,-130.59,-7.36,-7.99,26.01,-15.68,21.6,4.8,24.0,2118,206,,,,,,,0,1,3,top
2017-08-22,491978,5,445060,R,592261,R,41,Single,1,1,170823_040818,3eee1554-cef4-45bf-826c-9e7aee032f79,0,0,1,D,In play- no out,FF,3,2.0,3.15,1.25,90.5,83.0,74.28,-0.71,50.0,6.07,0.66,3.1,-4.33,7.85,5.05,-131.36,-4.19,-7.61,26.41,-18.39,19.2,4.8,24.0,2295,209,,,,592261,,,0,0,3,top
2017-08-22,491978,5,445060,R,425783,L,42,Single,1,1,170823_040904,729ca637-a376-4950-93d3-b290cd171c5d,0,0,1,D,In play- no out,FT,5,2.0,3.0,1.28,88.9,81.3,33.33,-1.09,50.0,5.83,0.03,1.93,-10.1,6.31,6.19,-128.87,-5.68,-17.0,26.5,-21.55,34.8,7.2,24.0,2007,242,592261,,,425783,,592261,0,0,3,top
2017-08-22,491978,5,445060,R,462101,R,43,Sac Fly,4,1,170823_041037,f9a55ad8-3e1f-4056-8f1c-bd143de37dd9,0,1,1,C,Called Strike,SL,8,2.0,3.27,1.25,81.4,75.5,67.27,-1.04,50.0,5.85,0.21,1.36,2.74,-1.98,2.09,-118.19,-3.02,3.9,21.05,-34.99,7.2,9.6,24.0,2428,44,425783,,592261,425783,,,1,1,3,top
2017-08-22,491978,5,445060,R,462101,R,43,Sac Fly,4,2,170823_041102,38f4f057-63d0-4f80-a9f6-8a6b634645bc,1,1,1,*B,Ball In Dirt,SL,14,2.0,3.37,1.45,81.5,75.7,16.61,-0.59,50.0,5.88,2.35,0.4,2.61,-1.21,6.08,-118.13,-5.54,3.71,21.51,-33.89,7.2,9.6,24.0,2501,52,425783,,592261,425783,,,1,1,3,top
2017-08-22,491978,5,445060,R,462101,R,43,Sac Fly,4,3,170823_041134,69243cf5-571a-4e15-bd8c-53b53fd83a3f,1,1,1,B,Ball,FS,11,2.0,3.31,1.47,78.7,72.9,55.59,-1.03,50.0,6.06,-1.28,3.58,-6.42,1.78,1.33,-114.37,0.93,-8.61,18.56,-29.79,15.6,9.6,24.0,1420,260,425783,,592261,425783,,,1,1,3,top
2017-08-22,491978,5,445060,R,462101,R,43,Sac Fly,4,4,170823_041207,9e85647e-ad6e-4204-b011-7f61ca318f52,2,1,1,E,In play- run(s),FT,11,2.0,3.09,1.27,90.4,83.2,37.85,-0.7,50.0,6.05,-0.4,3.78,-8.52,3.91,3.66,-131.38,-1.03,-15.01,25.73,-25.29,28.8,7.2,24.0,2025,248,425783,,592261,425783,,,1,1,3,top
2017-08-22,491978,5,445060,R,134181,R,44,Walk,8,1,170823_041253,d4776e27-77ae-4269-97cc-ebd9036f59cd,0,1,2,C,Called Strike,SL,8,2.0,3.56,1.62,81.6,75.0,66.23,-0.95,50.0,6.02,-0.14,1.64,0.4,-1.47,1.75,-118.42,-2.9,0.57,23.15,-34.26,1.2,9.6,24.0,2391,13,425783,,,134181,425783,,0,0,2,top
2017-08-22,491978,5,445060,R,134181,R,44,Walk,8,2,170823_041315,85620345-0a05-4dbd-8592-23f38af4ed8a,0,1,2,B,Ball,SL,13,2.0,3.73,1.63,78.9,73.1,60.26,-1.03,50.0,6.02,-0.81,1.46,1.74,-3.31,0.01,-114.63,-2.26,2.32,20.57,-36.6,3.6,10.8,24.0,2290,21,425783,,,134181,425783,,0,0,2,top
2017-08-22,491978,5,445060,R,134181,R,44,Walk,8,3,170823_041341,e1d4ee62-e735-40e0-b8ff-0e727be78bb9,1,2,2,F,Foul,FF,12,2.0,3.37,1.44,91.1,83.2,52.37,-0.65,50.0,6.08,0.48,3.74,-4.68,8.08,4.55,-132.24,-2.7,-8.3,27.66,-17.84,21.6,4.8,24.0,2102,210,425783,,,134181,425783,,0,0,2,top
2017-08-22,491978,5,445060,R,134181,R,44,Walk,8,4,170823_041424,0126ab85-4b29-4765-9b17-4af1e59695de,2,2,2,*B,Ball In Dirt,FS,13,2.0,3.69,1.63,79.7,73.9,34.19,-1.05,50.0,5.83,-0.65,0.39,-8.19,-1.03,3.35,-115.74,-5.1,-11.13,21.15,-33.58,16.8,10.8,24.0,1530,287,425783,,,134181,425783,,0,0,2,top
2017-08-22,491978,5,445060,R,134181,R,44,Walk,8,5,170823_041453,1560c6b8-43be-4b1a-a9f0-d7883d4d02db,2,2,2,F,Foul,FS,13,2.0,3.37,1.44,81.3,75.0,42.14,-1.09,50.0,5.91,-1.09,1.96,-7.27,3.9,2.22,-118.12,-3.52,-10.33,21.44,-26.64,20.4,8.4,24.0,1370,248,425783,,,134181,425783,,0,0,2,top
2017-08-22,491978,5,445060,R,134181,R,44,Walk,8,6,170823_041532,94ee1d0c-c216-442f-a0fa-0442cc3dca37,3,2,2,*B,Ball In Dirt,KC,14,2.0,3.64,1.79,74.4,69.0,33.16,-0.69,50.0,6.11,1.96,0.41,5.58,-9.15,4.09,-108.05,-2.03,6.54,20.39,-42.89,9.6,15.6,24.0,2532,30,425783,,,134181,425783,,0,0,2,top
2017-08-22,491978,5,445060,R,134181,R,44,Walk,8,7,170823_041629,dd3b193b-a9ba-45ed-8093-c2c167c35df9,3,2,2,F,Foul,SL,14,2.0,3.37,1.44,78.9,73.5,54.09,-1.14,50.0,5.87,0.67,1.4,2.45,-3.76,3.41,-114.72,-1.97,3.29,19.42,-37.23,6.0,10.8,24.0,2303,31,425783,,,134181,425783,,0,0,2,top
2017-08-22,491978,5,445060,R,134181,R,44,Walk,8,8,170823_041707,a788391e-fff8-4f84-b6c2-3b77c43ab0af,3,2,2,B,Ball,FT,13,2.0,3.7,1.73,90.1,82.9,39.8,-1.14,50.0,5.65,-1.33,1.75,-9.74,2.56,2.8,-130.85,-4.75,-16.95,26.77,-27.72,30.0,7.2,24.0,1951,261,425783,,,134181,425783,,0,0,2,top
2017-08-27,492042,1,445060,R,543807,R,0,Walk,7,1,170827_193851,b3c0420c-4213-4e32-8b8f-aaf961e4fdbe,0,1,0,C,Called Strike,FF,12,2.0,3.82,1.76,89.4,82.8,73.82,-0.58,50.0,6.24,0.84,3.36,-3.95,6.91,5.01,-129.81,-3.52,-6.84,23.18,-20.2,15.6,4.8,24.0,2049,210,,,,543807,,,0,0,0,top
2017-08-27,492042,1,445060,R,543807,R,0,Walk,7,2,170827_193905,c3f9cf44-af34-484b-8c0b-276a74e7968c,0,1,0,B,Ball,SL,13,2.0,3.84,1.8,79.8,74.6,42.52,-1.05,50.0,6.06,-0.37,1.8,0.79,-2.33,1.32,-116.09,-2.13,1.09,18.72,-35.4,2.4,10.8,24.0,2237,15,,,,543807,,,0,0,0,top
2017-08-27,492042,1,445060,R,543807,R,0,Walk,7,3,170827_193920,5be2d511-957a-447d-ac1e-9933667bc440,1,1,0,S,Swinging Strike,SL,6,2.0,3.52,1.47,80.3,74.3,32.89,-1.0,50.0,6.18,0.45,2.21,1.22,-3.2,3.0,-116.61,-1.24,1.68,20.8,-36.61,3.6,10.8,24.0,2282,21,,,,543807,,,0,0,0,top
2017-08-27,492042,1,445060,R,543807,R,0,Walk,7,4,170827_193942,a36ba148-8d4f-42c6-9bb0-cf0424d9b996,1,2,0,F,Foul,FF,11,2.0,3.52,1.47,90.1,83.0,55.16,-0.83,50.0,6.22,-0.94,2.99,-2.9,7.71,0.7,-130.87,-4.78,-5.08,25.31,-18.69,14.4,4.8,24.0,2018,203,,,,543807,,,0,0,0,top
2017-08-27,492042,1,445060,R,543807,R,0,Walk,7,5,170827_194006,58bfcefa-7299-4925-9d39-1482c8cec97d,1,2,0,B,Ball,FS,13,2.0,3.79,1.8,80.8,75.2,13.13,-0.98,50.0,5.78,-0.04,0.06,-8.13,0.84,4.66,-117.23,-6.61,-11.41,20.42,-31.0,18.0,9.6,24.0,,275,,,,543807,,,0,0,0,top
2017-08-27,492042,1,445060,R,543807,R,0,Walk,7,6,170827_194028,f9d9bb57-607c-4340-9238-3508b69936ed,2,2,0,B,Ball,SL,14,2.0,3.76,1.65,79.5,73.0,13.78,-0.97,50.0,6.02,1.44,1.14,3.03,-0.78,4.57,-115.2,-3.75,4.05,22.64,-33.21,8.4,10.8,24.0,2189,58,,,,543807,,,0,0,0,top
2017-08-27,492042,1,445060,R,543807,R,0,Walk,7,7,170827_194052,647aa918-10e4-4afa-a71f-4cf968e0608d,3,2,0,B,Ball,FT,14,2.0,3.76,1.85,91.8,83.8,39.23,-0.71,50.0,5.88,1.4,1.9,-7.98,5.13,8.24,-132.92,-6.05,-14.26,28.7,-23.0,27.6,6.0,24.0,2004,242,,,,543807,,,0,0,0,top
2017-08-27,492042,1,445060,R,608324,R,1,Flyout,5,1,170827_194133,ad2cb178-2b29-4504-8772-c8a1606ac6e8,0,1,0,C,Called Strike,FT,7,2.0,3.19,1.36,90.5,83.1,61.31,-0.85,50.0,5.74,-0.61,1.62,-8.59,4.58,3.51,-131.33,-6.06,-15.05,27.11,-24.15,30.0,7.2,24.0,1841,248,543807,,,,543807,,0,1,0,top
2017-08-27,492042,1,445060,R,608324,R,1,Flyout,5,2,170827_194304,fcd79000-53d3-4d38-a91d-bef8395232f9,0,1,0,B,Ball,FF,12,2.0,3.43,1.74,91.1,84.2,38.25,-0.33,50.0,6.05,1.72,3.45,-4.04,8.17,6.79,-132.3,-3.51,-7.27,24.26,-17.48,18.0,4.8,24.0,2010,204,543807,,,,543807,,0,1,0,top
2017-08-27,492042,1,445060,R,608324,R,1,Flyout,5,3,170827_194338,7daf260d-ed12-4f4b-90b9-89b0e1d11254,1,1,0,X,In play- out(s),KC,2,2.0,3.08,1.3,72.5,66.7,45.68,-0.97,50.0,6.42,-0.19,2.86,9.33,-8.45,-0.88,-105.28,2.66,10.41,18.78,-41.6,14.4,15.6,24.0,2504,45,543807,,,,543807,,0,1,0,top
2017-08-27,492042,1,445060,R,514888,R,2,Home Run,2,1,170827_194420,4ab155e9-17d0-43d2-a7d8-a4971c778d01,0,0,1,B,Ball,SL,14,2.0,3.14,1.51,81.0,75.3,64.58,-0.78,50.0,5.91,2.12,1.33,2.01,-1.74,6.16,-117.62,-3.23,2.83,20.87,-34.63,6.0,9.6,24.0,2207,43,,543807,,,,,2,0,0,top
2017-08-27,492042,1,445060,R,514888,R,2,Home Run,2,2,170827_194451,81d3dc41-2c46-4252-9645-3c7f9237c0df,1,0,1,E,In play- run(s),SL,6,2.0,2.8,1.14,79.1,74.1,32.09,-1.02,50.0,5.98,0.47,2.13,2.31,-3.5,2.72,-115.12,-0.74,3.16,17.85,-36.96,4.8,10.8,24.0,2240,31,,543807,,,,,2,0,0,top
2017-08-27,492042,1,445060,R,502210,L,3,Single,2,1,170827_194535,f5945173-26ab-4899-8e00-f369457baff9,0,0,1,B,Ball,KC,13,2.0,3.65,1.63,71.6,65.6,82.47,-1.35,50.0,6.4,-1.1,2.25,7.95,-9.64,-1.6,-103.77,1.97,8.56,19.36,-42.56,10.8,16.8,24.0,2450,36,,,,502210,,,0,0,-2,top
2017-08-27,492042,1,445060,R,502210,L,3,Single,2,2,170827_194600,d6f787b0-4009-4c4b-af49-51e1109c93af,1,0,1,D,In play- no out,FF,12,2.0,3.11,1.41,90.0,82.7,47.33,-0.85,50.0,6.12,0.27,3.3,-5.27,6.02,4.67,-130.66,-3.11,-9.18,25.52,-21.69,20.4,6.0,24.0,2009,223,,,,502210,,,0,0,-2,top
2017-08-27,492042,1,445060,R,493329,R,4,Walk,5,1,170827_194629,a81a938d-d5f2-4861-8bf0-0b0bf5fb18e1,1,0,1,*B,Ball In Dirt,SL,14,2.0,3.71,1.67,79.9,74.1,55.35,-0.85,50.0,5.93,1.46,0.67,3.33,-0.75,4.29,-115.99,-4.82,4.55,21.16,-33.19,8.4,9.6,24.0,2191,61,502210,,,493329,502210,,0,0,-2,top
2017-08-27,492042,1,445060,R,493329,R,4,Walk,5,2,170827_194655,8de8f5ea-58a2-4b55-9f10-11a40f4eda4b,1,1,1,C,Called Strike,SL,14,2.0,3.72,1.72,80.9,75.1,48.02,-0.84,50.0,6.08,0.81,2.28,2.46,-4.29,3.09,-117.63,-0.64,3.47,20.74,-38.23,6.0,10.8,24.0,2243,29,502210,,,493329,502210,,0,0,-2,top
2017-08-27,492042,1,445060,R,493329,R,4,Walk,5,3,170827_194714,35a7486c-38d8-4605-9727-e282423e465a,1,1,1,B,Ball,FT,14,2.0,3.76,1.75,89.5,82.6,67.92,-0.7,50.0,5.87,0.73,1.56,-6.44,4.92,5.84,-129.83,-6.47,-11.08,25.13,-23.71,21.6,6.0,24.0,1911,238,502210,,,493329,502210,,0,0,-2,top
2017-08-27,492042,1,445060,R,493329,R,4,Walk,5,4,170827_194736,43b95ac3-e9d9-4737-9db0-44e18f5284ee,2,1,1,B,Ball,FF,14,2.0,3.78,1.72,91.0,83.0,25.41,-0.26,50.0,6.02,2.0,2.51,-5.26,7.81,7.64,-131.76,-5.59,-9.25,28.13,-18.46,21.6,4.8,24.0,2133,214,502210,,,493329,502210,,0,0,-2,top
2017-08-27,492042,1,445060,R,493329,R,4,Walk,5,5,170827_194759,b3d352be-b1a4-4412-b583-ccb55ee50d26,3,1,1,B,Ball,FT,13,2.0,3.73,1.7,90.8,83.5,45.56,-0.58,50.0,5.75,-0.05,1.36,-8.73,4.42,4.35,-131.75,-6.76,-15.41,26.91,-24.37,30.0,7.2,24.0,1779,250,502210,,,493329,502210,,0,0,-2,top
2017-08-27,492042,1,445060,R,435263,L,5,Double Play,2,1,170827_194850,19754151-cb1d-480a-b908-0e1e0d40f4a3,0,0,1,B,Ball,FS,13,2.0,3.75,1.64,81.2,75.7,84.04,-1.08,50.0,5.87,-0.67,1.04,-6.84,-0.5,3.05,-117.96,-4.28,-9.77,19.69,-32.88,15.6,9.6,24.0,1362,284,493329,502210,,,,,0,2,-2,top
2017-08-27,492042,1,445060,R,435263,L,5,Double Play,2,2,170827_194919,637db11d-20cf-451a-83be-ddc678982698,1,0,1,X,In play- out(s),FT,11,2.0,3.2,1.51,91.4,84.6,51.26,-0.8,50.0,5.83,-0.79,2.35,-9.07,3.84,3.13,-132.92,-4.38,-16.42,25.45,-25.23,31.2,7.2,24.0,1895,252,493329,502210,,,,,0,2,-2,top
2017-08-27,492042,2,445060,R,503556,L,9,Lineout,2,1,170827_195801,baeee360-ae3d-4746-95e1-a81403cbfdf2,0,0,0,B,Ball,KC,14,2.0,3.97,1.78,73.7,68.6,89.68,-0.94,50.0,6.38,0.79,1.89,7.37,-8.44,1.64,-107.18,0.41,8.58,18.35,-42.0,12.0,14.4,24.0,2483,39,,,,,,,0,1,-2,top
2017-08-27,492042,2,445060,R,503556,L,9,Lineout,2,2,170827_195819,b82d0e55-0721-44f3-96bc-07dd507a4a3d,1,0,0,X,In play- out(s),FS,8,2.0,3.43,1.48,79.9,74.4,22.74,-1.16,50.0,5.82,-0.1,1.8,-6.1,1.45,4.28,-116.05,-2.73,-8.44,18.72,-30.16,14.4,9.6,24.0,1436,265,,,,,,,0,1,-2,top
2017-08-27,492042,2,445060,R,594828,R,10,Pop Out,5,1,170827_195900,2ea1f5ad-88a1-4eea-8067-ddea114ed6ff,0,1,1,F,Foul,FF,12,2.0,3.24,1.42,89.8,82.4,42.31,-0.6,50.0,6.22,0.2,3.86,-5.18,7.94,3.8,-130.37,-2.53,-8.98,25.68,-18.41,24.0,4.8,24.0,2023,214,,,,,,,0,1,-2,top
2017-08-27,492042,2,445060,R,594828,R,10,Pop Out,5,2,170827_195919,3852a20a-183d-4509-932b-6387fafd6acb,0,1,1,B,Ball,FF,12,2.0,3.54,1.72,90.7,83.0,32.15,-0.33,50.0,6.11,1.74,3.31,-4.79,9.36,6.99,-131.48,-4.25,-8.41,26.8,-15.72,22.8,3.6,24.0,2136,206,,,,,,,0,1,-2,top
2017-08-27,492042,2,445060,R,594828,R,10,Pop Out,5,3,170827_195943,acc9edd8-f751-43d9-9863-9095b3b603e2,1,1,1,S,Swinging Strike,KC,9,2.0,3.24,1.42,74.2,68.1,50.69,-0.93,50.0,6.3,0.42,1.79,5.93,-9.19,1.25,-107.7,0.59,6.88,20.86,-42.83,9.6,15.6,24.0,2619,31,,,,,,,0,1,-2,top
2017-08-27,492042,2,445060,R,594828,R,10,Pop Out,5,4,170827_200012,6b5182f2-08fc-4754-96cb-709aea3c8804,1,2,1,B,Ball,SL,14,2.0,3.49,1.69,81.1,74.6,17.85,-0.81,50.0,6.01,1.78,1.27,4.82,-2.0,4.55,-117.69,-3.44,6.73,23.31,-34.97,12.0,10.8,24.0,2191,58,,,,,,,0,1,-2,top
2017-08-27,492042,2,445060,R,594828,R,10,Pop Out,5,5,170827_200043,1c3411cb-619f-4bf8-b916-1e5de88b16d6,2,2,1,X,In play- out(s),SL,3,2.0,3.24,1.42,80.3,74.5,32.37,-1.03,50.0,6.11,0.35,2.74,3.65,-3.41,2.09,-116.67,0.19,5.08,19.86,-36.92,8.4,10.8,24.0,2318,43,,,,,,,0,1,-2,top
2017-08-27,492042,2,445060,R,545350,R,11,Pop Out,5,1,170827_200121,7c7dbafd-d2ad-410e-b80f-7a90d94e9290,0,0,2,B,Ball,FT,12,2.0,3.75,1.76,92.4,84.8,34.86,-0.4,50.0,6.06,1.41,3.14,-9.42,4.36,8.07,-133.99,-3.18,-17.24,27.08,-24.19,32.4,6.0,24.0,2112,248,,,,,,,0,1,-2,top
2017-08-27,492042,2,445060,R,545350,R,11,Pop Out,5,2,170827_200136,d577dd27-207d-4222-89c9-1e1c3c250055,1,0,2,B,Ball,FT,14,2.0,3.82,1.83,91.2,84.2,42.9,-0.26,50.0,5.92,2.09,1.93,-6.67,6.58,8.43,-132.18,-6.57,-11.93,25.22,-20.4,25.2,6.0,24.0,2118,227,,,,,,,0,1,-2,top
2017-08-27,492042,2,445060,R,545350,R,11,Pop Out,5,3,170827_200159,fda765f1-ccc9-4a2c-9d7f-03780afc90a6,2,1,2,F,Foul,FT,4,2.0,3.51,1.41,91.6,84.2,54.12,-0.53,50.0,5.87,-0.64,2.17,-9.09,4.14,2.82,-133.05,-5.03,-16.36,27.45,-24.72,31.2,7.2,24.0,1962,251,,,,,,,0,1,-2,top
2017-08-27,492042,2,445060,R,545350,R,11,Pop Out,5,4,170827_200220,51be5176-5bc2-40c6-8997-563b4fba539b,2,1,2,S,Swinging Strike,FF,3,2.0,3.51,1.41,92.0,84.3,55.02,-0.65,50.0,6.08,0.65,3.14,-3.89,8.41,4.77,-133.5,-4.56,-7.06,27.3,-16.93,19.2,4.8,24.0,2085,204,,,,,,,0,1,-2,top
2017-08-27,492042,2,445060,R,545350,R,11,Pop Out,5,5,170827_200233,6c2eb359-39f9-4f70-9f91-008ff8906552,2,2,2,X,In play- out(s),FT,12,2.0,3.51,1.41,91.9,84.4,53.97,-0.36,50.0,5.98,0.77,2.61,-9.24,4.97,6.14,-133.46,-4.51,-16.76,27.33,-23.17,32.4,6.0,24.0,1968,245,,,,,,,0,1,-2,top
2017-08-27,492042,3,445060,R,543807,R,15,Groundout,5,1,170827_201242,05ca9a7d-6af9-42c5-b7be-c5922fb7bf3c,0,1,0,C,Called Strike,SL,3,2.0,3.75,1.71,80.0,73.3,66.43,-0.94,50.0,6.19,0.39,3.22,1.53,-1.95,2.61,-116.07,0.8,2.09,21.92,-34.83,3.6,10.8,24.0,2203,34,,,,,,,0,1,-2,top
2017-08-27,492042,3,445060,R,543807,R,15,Groundout,5,2,170827_201255,0450ce3c-1641-4215-b041-15af5ef81ec2,0,2,0,F,Foul,FS,4,2.0,3.52,1.47,79.9,73.7,26.21,-1.07,50.0,5.92,-0.43,2.33,-6.46,0.4,3.38,-116.09,-1.35,-8.85,20.9,-31.62,14.4,9.6,24.0,1396,275,,,,,,,0,1,-2,top
2017-08-27,492042,3,445060,R,543807,R,15,Groundout,5,3,170827_201322,10e4f75d-512c-4e6e-9431-c71c3613e238,0,2,0,F,Foul,FF,12,2.0,3.52,1.47,90.5,82.0,26.24,-0.49,50.0,6.05,1.35,2.99,-3.44,10.13,5.89,-131.09,-5.06,-5.95,29.46,-14.66,16.8,3.6,24.0,2154,197,,,,,,,0,1,-2,top
2017-08-27,492042,3,445060,R,543807,R,15,Groundout,5,4,170827_201340,11c2c6f8-93b7-4d8b-b731-e74466f34222,0,2,0,B,Ball,KC,14,2.0,3.69,1.78,74.9,69.1,33.29,-0.85,50.0,6.17,1.52,0.69,8.05,-9.07,2.83,-108.76,-1.67,9.5,21.57,-42.89,13.2,15.6,24.0,2522,39,,,,,,,0,1,-2,top
2017-08-27,492042,3,445060,R,543807,R,15,Groundout,5,5,170827_201405,c0b5789a-d8eb-43e0-80d7-e3e103191250,1,2,0,X,In play- out(s),KC,12,2.0,3.52,1.47,73.7,67.5,55.33,-0.81,50.0,6.4,0.84,2.5,7.2,-8.95,1.52,-106.92,1.91,8.24,20.49,-42.41,10.8,15.6,24.0,2527,37,,,,,,,0,1,-2,top
2017-08-27,492042,3,445060,R,608324,R,16,Strikeout,7,1,170827_201441,4b3bde01-2870-4f0a-b218-ebca23bbabf3,0,1,1,F,Foul,SL,6,2.0,3.08,1.3,80.2,73.7,59.33,-1.03,50.0,6.03,0.39,2.12,1.72,-3.01,2.75,-116.35,-1.09,2.36,22.09,-36.29,4.8,10.8,24.0,2218,27,,,,,,,0,1,-2,top
2017-08-27,492042,3,445060,R,608324,R,16,Strikeout,7,2,170827_201501,c162a22b-1cdb-4e44-a722-b60ee76e4b11,0,1,1,S,Swinging Strike,FS,14,2.0,3.08,1.3,81.7,76.1,13.7,-0.87,50.0,5.82,0.15,0.75,-5.92,-0.94,4.21,-118.58,-4.8,-8.53,20.29,-33.52,13.2,9.6,24.0,1320,291,,,,,,,0,1,-2,top
2017-08-27,492042,3,445060,R,608324,R,16,Strikeout,7,3,170827_201526,33c0768c-3eb2-4107-a8f3-368beaa22682,0,2,1,F,Foul,FF,1,2.0,3.08,1.3,90.1,82.7,46.54,-1.01,50.0,6.01,-0.39,2.99,-4.67,6.68,3.16,-130.81,-3.86,-8.15,25.97,-20.52,19.2,4.8,24.0,2055,217,,,,,,,0,1,-2,top
2017-08-27,492042,3,445060,R,608324,R,16,Strikeout,7,4,170827_201546,29c2597a-37b5-4738-adb0-2fefb1e00874,0,2,1,B,Ball,KC,14,2.0,3.44,1.62,75.1,68.7,44.65,-0.63,50.0,6.27,1.84,1.54,4.78,-9.3,3.96,-108.88,0.01,5.64,22.12,-43.15,8.4,14.4,24.0,2461,27,,,,,,,0,1,-2,top
2017-08-27,492042,3,445060,R,608324,R,16,Strikeout,7,5,170827_201602,c3622d38-7e51-4c2d-9fe4-95b54695ba86,1,2,1,B,Ball,SL,14,2.0,3.39,1.42,80.2,74.7,17.4,-0.8,50.0,5.9,1.85,0.57,2.02,-2.21,5.5,-116.47,-4.65,2.79,20.59,-35.23,6.0,10.8,24.0,2321,37,,,,,,,0,1,-2,top
2017-08-27,492042,3,445060,R,608324,R,16,Strikeout,7,6,170827_201628,0eb4f79e-037d-4c94-8c0d-637565665982,2,2,1,B,Ball,FF,14,2.0,3.42,1.75,91.8,83.6,17.45,-0.3,50.0,6.0,1.7,2.57,-3.56,9.58,6.48,-132.92,-6.12,-6.37,28.67,-15.05,16.8,3.6,24.0,2011,198,,,,,,,0,1,-2,top
2017-08-27,492042,3,445060,R,608324,R,16,Strikeout,7,7,170827_201648,3683908e-c5d9-4459-adb8-81cc1643f9f9,3,3,1,C,Called Strike,FT,3,2.0,3.44,1.65,92.1,84.2,47.36,-0.49,50.0,5.95,0.34,3.09,-9.21,7.28,5.36,-133.59,-3.96,-16.69,27.94,-18.98,38.4,6.0,24.0,1972,234,,,,,,,0,1,-2,top
2017-08-27,492042,3,445060,R,514888,R,17,Flyout,5,1,170827_201719,2d345585-0fbb-419d-8f95-cb141aa5602d,0,0,2,S,Swinging Strike,SL,14,2.0,2.8,1.14,80.5,74.5,58.55,-0.84,50.0,5.89,1.44,1.28,2.51,-1.62,4.5,-116.91,-3.2,3.48,21.49,-34.42,7.2,10.8,24.0,2241,47,,,,,,,0,1,-2,top
2017-08-27,492042,3,445060,R,514888,R,17,Flyout,5,2,170827_201737,d7d1ffb3-b8d8-44ca-bb91-e1e3b1f7529f,0,1,2,B,Ball,FT,11,2.0,3.14,1.46,90.6,83.4,68.79,-1.08,50.0,5.84,-1.03,3.14,-9.33,3.96,3.3,-131.63,-2.19,-16.51,25.83,-25.17,32.4,7.2,24.0,1954,251,,,,,,,0,1,-2,top
2017-08-27,492042,3,445060,R,514888,R,17,Flyout,5,3,170827_201754,515d1ece-37ee-44ff-8f1c-a6a7c76d7a01,1,1,2,B,Ball,KC,14,2.0,3.02,1.49,74.0,67.5,36.71,-0.6,50.0,6.23,2.27,1.77,9.43,-6.96,3.46,-107.33,0.19,10.77,22.24,-40.12,15.6,14.4,24.0,2596,51,,,,,,,0,1,-2,top
2017-08-27,492042,3,445060,R,514888,R,17,Flyout,5,4,170827_201811,05ce7254-4857-4fd2-a721-70e3d94b801c,2,1,2,B,Ball,FF,12,2.0,3.14,1.46,92.2,84.3,23.67,-0.49,50.0,5.99,1.53,3.68,-1.89,9.17,5.99,-133.69,-3.18,-3.43,27.82,-15.51,7.2,3.6,24.0,2268,188,,,,,,,0,1,-2,top
2017-08-27,492042,3,445060,R,514888,R,17,Flyout,5,5,170827_201842,b206b47f-d279-48dc-ab97-5a18b409f74f,3,1,2,X,In play- out(s),FT,8,2.0,2.8,1.14,91.5,84.8,43.56,-0.49,50.0,5.72,0.21,1.4,-8.78,5.15,4.84,-132.82,-7.05,-15.89,24.94,-22.86,32.4,6.0,24.0,2011,245,,,,,,,0,1,-2,top
2017-08-27,492042,4,445060,R,502210,L,22,Single,8,1,170827_203415,ce96528d-9bc8-4450-ad83-93b59ee9da17,0,1,0,C,Called Strike,FT,13,2.0,3.61,1.65,88.3,81.6,58.81,-1.04,50.0,5.9,-0.96,2.56,-8.7,2.76,3.07,-128.35,-3.1,-14.65,24.18,-27.53,26.4,7.2,24.0,1957,258,,,,502210,,,0,0,-2,top
2017-08-27,492042,4,445060,R,502210,L,22,Single,8,2,170827_203427,85ae9c1f-b3f8-4437-984f-198d35f282be,0,1,0,B,Ball,KC,14,2.0,3.55,1.53,72.7,67.1,33.2,-0.91,50.0,6.22,1.64,0.73,7.81,-8.08,3.18,-105.45,-1.44,8.69,19.89,-41.17,12.0,15.6,24.0,2481,41,,,,502210,,,0,0,-2,top
2017-08-27,492042,4,445060,R,502210,L,22,Single,8,3,170827_203445,39140a80-fccc-439d-84f0-6d1967bf4c1d,1,2,0,F,Foul,FS,6,2.0,3.11,1.41,79.5,73.3,23.15,-0.94,50.0,6.05,0.44,2.25,-5.69,0.89,4.84,-115.4,-1.88,-7.71,20.52,-30.97,12.0,9.6,24.0,1319,271,,,,502210,,,0,0,-2,top
2017-08-27,492042,4,445060,R,502210,L,22,Single,8,4,170827_203507,1e0166b8-2b32-46ee-8291-a9ec7168ffe6,1,2,0,F,Foul,KC,14,2.0,3.11,1.41,72.6,67.1,55.93,-1.03,50.0,6.23,0.29,1.25,8.45,-9.47,0.46,-105.53,-0.01,9.43,19.69,-42.74,12.0,15.6,24.0,2554,39,,,,502210,,,0,0,-2,top
2017-08-27,492042,4,445060,R,502210,L,22,Single,8,5,170827_203530,6bd8164a-e60f-480b-ae78-4ad7cccdc52d,1,2,0,B,Ball,FF,12,2.0,3.58,1.56,90.4,83.2,37.43,-0.54,50.0,6.15,1.54,3.88,-3.58,9.59,6.63,-131.22,-2.96,-6.3,24.95,-15.28,18.0,3.6,24.0,2152,198,,,,502210,,,0,0,-2,top
2017-08-27,492042,4,445060,R,502210,L,22,Single,8,6,170827_203555,e7522368-749b-422b-8bfb-118c50cb652b,2,2,0,F,Foul,FS,4,2.0,3.11,1.41,80.3,74.8,36.35,-1.04,50.0,5.89,-0.57,2.51,-5.15,0.63,2.63,-116.78,-1.11,-7.23,18.65,-31.3,12.0,9.6,24.0,1325,272,,,,502210,,,0,0,-2,top
2017-08-27,492042,4,445060,R,502210,L,22,Single,8,7,170827_203622,28746529-742c-455c-94dc-f510d966dea3,2,2,0,F,Foul,SL,14,2.0,3.11,1.41,78.1,72.9,40.09,-1.11,50.0,5.96,0.78,2.11,2.83,-3.11,3.43,-113.6,-0.65,3.74,18.3,-36.29,6.0,10.8,24.0,2313,39,,,,502210,,,0,0,-2,top
2017-08-27,492042,4,445060,R,502210,L,22,Single,8,8,170827_203656,46d7d70c-6f3e-418b-9d96-69048347d2b3,2,2,0,D,In play- no out,FT,8,2.0,3.11,1.41,91.1,83.9,36.99,-0.78,50.0,5.78,-0.17,1.84,-8.15,5.12,4.38,-132.24,-5.93,-14.52,26.56,-23.06,30.0,6.0,24.0,1869,243,,,,502210,,,0,0,-2,top
2017-08-27,492042,4,445060,R,493329,R,23,Single,1,1,170827_203740,30d04566-5ff8-4233-bf63-8f9f1b502d59,0,0,0,D,In play- no out,FT,5,2.0,3.26,1.4,91.0,84.2,34.3,-0.57,50.0,5.94,-0.08,2.53,-8.34,4.19,4.15,-132.25,-4.27,-14.95,25.03,-24.66,28.8,6.0,24.0,2016,248,502210,,,493329,,502210,0,0,-2,top
2017-08-27,492042,4,445060,R,435263,L,24,Single,3,1,170827_203823,ddca8d49-2e33-41f0-a669-013b38fa2c7e,0,0,0,B,Ball,FS,14,2.0,3.68,1.72,81.8,75.6,100.0,-0.86,50.0,5.84,0.89,1.85,-4.68,5.2,5.55,-118.7,-4.16,-6.75,20.65,-24.68,13.2,7.2,24.0,1441,225,493329,,502210,435263,493329,,1,0,-2,top
2017-08-27,492042,4,445060,R,435263,L,24,Single,3,2,170827_203844,ee0ebb37-8b9c-48d6-b73a-8a832fde0ff6,1,0,0,B,Ball,FS,13,2.0,3.65,1.64,79.8,74.0,7.24,-0.9,50.0,5.68,-0.05,1.1,-5.3,5.06,3.54,-115.9,-5.03,-7.28,19.67,-25.23,14.4,8.4,24.0,1450,233,493329,,502210,435263,493329,,1,0,-2,top
2017-08-27,492042,4,445060,R,435263,L,24,Single,3,3,170827_203913,225d9b3d-535b-4f9d-8877-883cbdc5c179,2,0,0,E,In play- run(s),FT,7,2.0,3.2,1.51,89.8,83.0,59.2,-1.02,50.0,5.74,-0.7,1.79,-8.79,3.52,3.77,-130.47,-5.16,-15.3,24.95,-26.05,28.8,7.2,24.0,1862,254,493329,,502210,435263,493329,,1,0,-2,top
2017-08-27,492042,4,445060,R,503556,L,25,Single,3,1,170827_203953,50f29539-ef29-4791-b48c-74031f33584f,0,0,0,B,Ball,FF,14,2.0,3.92,1.83,91.6,83.2,76.76,-0.38,50.0,5.93,1.02,2.14,-6.71,7.81,5.92,-132.65,-6.4,-11.89,29.69,-18.34,28.8,4.8,24.0,2026,223,435263,493329,,503556,435263,,1,0,-3,top
2017-08-27,492042,4,445060,R,503556,L,25,Single,3,2,170827_204122,b813650b-2d79-4dc8-84b4-9e7c6655d4dc,1,1,0,F,Foul,FF,11,2.0,3.43,1.48,90.2,82.5,28.37,-0.83,50.0,5.93,-0.26,3.91,-6.72,7.71,3.73,-130.97,-1.63,-11.73,26.5,-18.72,30.0,4.8,24.0,1860,222,435263,493329,,503556,435263,,1,0,-3,top
2017-08-27,492042,4,445060,R,503556,L,25,Single,3,3,170827_204200,a254c230-d28e-4d44-993c-8d43ee75dd97,1,1,0,E,In play- run(s),FT,6,2.0,3.43,1.48,90.7,84.4,40.62,-0.7,50.0,5.92,0.43,2.51,-6.79,3.71,5.27,-131.94,-4.09,-12.17,23.5,-25.52,22.8,6.0,24.0,1727,246,435263,493329,,503556,435263,,1,0,-3,top
2017-08-27,492042,4,445060,R,594828,R,26,Double Play,2,1,170827_204321,bfd43cdc-88de-43da-9a8d-d08ab26f890a,0,0,0,B,Ball,SL,11,2.0,3.2,1.64,80.5,74.1,87.6,-0.84,50.0,6.18,-0.72,3.61,0.91,-1.24,-0.0,-116.88,1.39,1.26,20.9,-33.9,2.4,9.6,24.0,2195,25,503556,435263,,503556,,,0,2,-4,top
2017-08-27,492042,4,445060,R,594828,R,26,Double Play,2,2,170827_204344,4ef3a68c-dd5f-42fe-b56f-3b9b35abe031,1,0,0,X,In play- out(s),SL,5,2.0,3.23,1.42,80.1,74.2,24.77,-0.95,50.0,5.96,0.23,2.1,2.21,-2.28,2.07,-116.42,-1.23,3.05,20.45,-35.33,4.8,10.8,24.0,2083,37,503556,435263,,503556,,,0,2,-4,top
2017-08-27,492042,4,445060,R,545350,R,27,Strikeout,3,1,170827_204428,6004aa35-733a-4d76-a185-0c2eb2dd0352,0,1,2,C,Called Strike,FT,6,2.0,3.76,1.78,90.8,83.9,48.83,-0.4,50.0,5.96,0.58,2.81,-8.81,5.59,5.57,-131.82,-4.0,-15.69,24.65,-22.21,32.4,6.0,24.0,1864,241,503556,,,,,,0,1,-4,top
2017-08-27,492042,4,445060,R,545350,R,27,Strikeout,3,2,170827_204450,dc96aa3b-df08-43ed-84a7-72226829b1e5,0,1,2,S,Swinging Strike,SL,14,2.0,3.51,1.41,80.8,74.0,52.54,-0.75,50.0,5.91,0.52,1.38,-0.09,-1.52,2.95,-117.26,-3.03,-0.12,23.79,-34.28,1.2,10.8,24.0,2178,6,503556,,,,,,0,1,-4,top
2017-08-27,492042,4,445060,R,545350,R,27,Strikeout,3,3,170827_204513,78215823-00d9-459f-b0ec-1f53d1ec535a,0,3,2,W,Swinging Strike (Blocked),SL,14,2.0,3.51,1.41,80.2,74.1,16.73,-0.68,50.0,5.81,1.86,0.35,2.42,-2.47,5.12,-116.39,-4.77,3.31,22.53,-35.55,6.0,10.8,24.0,,38,503556,,,,,,0,1,-4,top
2017-08-27,492042,5,445060,R,543807,R,31,Strikeout,5,1,170827_205321,22d23290-26eb-4dba-a220-26c79c19d686,0,0,0,B,Ball,FS,13,2.0,3.86,1.85,80.5,75.4,69.74,-0.85,50.0,5.74,-0.25,0.46,-8.44,4.04,3.96,-116.86,-6.59,-11.9,18.07,-26.48,22.8,8.4,24.0,1438,251,,,,,,,0,1,-4,top
2017-08-27,492042,5,445060,R,543807,R,31,Strikeout,5,2,170827_205340,1d0623cf-3bca-46c3-b0d3-77dda00c72ab,1,1,0,F,Foul,FF,3,2.0,3.52,1.47,90.8,84.0,49.52,-0.49,50.0,6.04,0.64,3.07,-3.98,8.24,4.34,-132.01,-4.45,-7.13,24.48,-17.43,19.2,4.8,24.0,2117,206,,,,,,,0,1,-4,top
2017-08-27,492042,5,445060,R,543807,R,31,Strikeout,5,3,170827_205405,a7c02597-0a10-4047-ae68-1b5fa612d92d,1,1,0,B,Ball,FT,12,2.0,3.91,1.85,91.8,84.6,59.39,-0.42,50.0,6.14,0.46,3.98,-7.77,5.23,5.02,-133.42,-1.43,-14.17,25.62,-22.64,30.0,6.0,24.0,2092,238,,,,,,,0,1,-4,top
2017-08-27,492042,5,445060,R,543807,R,31,Strikeout,5,4,170827_205422,86fc06ac-337d-4910-8239-ad82549f3b05,2,2,0,C,Called Strike,SL,4,2.0,3.77,1.76,80.0,74.7,33.8,-0.93,50.0,6.02,-0.45,2.7,1.47,-2.92,0.67,-116.42,0.13,2.06,18.42,-36.25,3.6,10.8,24.0,2249,23,,,,,,,0,1,-4,top
2017-08-27,492042,5,445060,R,543807,R,31,Strikeout,5,5,170827_205440,355883df-249e-4077-9297-7230b1bfab21,2,2,0,S,Swinging Strike,SL,14,2.0,3.52,1.47,80.8,75.0,59.42,-0.62,50.0,5.97,1.28,1.2,0.85,-3.09,4.15,-117.4,-3.23,1.19,21.18,-36.51,2.4,10.8,24.0,2393,18,,,,,,,0,1,-4,top
2017-08-27,492042,5,445060,R,608324,R,32,Flyout,2,1,170827_205510,eb635f28-bb96-49cb-8caf-216b92de9b66,0,0,1,B,Ball,KC,13,2.0,3.44,1.6,73.3,68.4,90.19,-1.05,50.0,6.17,-0.93,1.79,4.48,-9.63,-0.97,-106.55,1.03,5.19,17.19,-43.32,7.2,15.6,24.0,2413,22,,,,,,,0,1,-4,top
2017-08-27,492042,5,445060,R,608324,R,32,Flyout,2,2,170827_205539,5a552efe-5ccd-4b87-9251-a4ab4c88a3eb,1,0,1,X,In play- out(s),SL,6,2.0,3.08,1.3,81.0,75.9,35.85,-0.81,50.0,5.98,0.6,2.31,1.57,-1.74,2.82,-117.83,-1.22,2.25,18.05,-34.68,4.8,9.6,24.0,2262,36,,,,,,,0,1,-4,top
2017-08-27,492042,5,445060,R,514888,R,33,Flyout,3,1,170827_205605,cc786a3e-1168-4929-8bf8-ed9179a3ea37,0,1,2,F,Foul,FF,12,2.0,2.8,1.14,90.3,83.2,56.72,-0.3,50.0,6.01,0.62,3.29,-3.59,6.8,3.6,-131.16,-3.21,-6.33,24.92,-20.19,15.6,4.8,24.0,1978,208,,,,,,,0,1,-4,top
2017-08-27,492042,5,445060,R,514888,R,33,Flyout,3,2,170827_205639,07ff7d0c-5ba1-4c89-8419-417f77528e50,0,1,2,B,Ball,KC,14,2.0,3.12,1.51,75.6,70.0,66.56,-0.78,50.0,6.21,1.14,1.74,4.66,-10.19,2.84,-109.83,0.61,5.67,20.1,-44.57,7.2,14.4,24.0,2612,24,,,,,,,0,1,-4,top
2017-08-27,492042,5,445060,R,514888,R,33,Flyout,3,3,170827_205651,cfe46911-0707-469a-8639-22c370c296aa,1,1,2,X,In play- out(s),FS,14,2.0,2.8,1.14,81.3,75.4,41.0,-0.76,50.0,5.89,0.81,1.7,-5.39,-0.07,5.3,-118.04,-2.9,-7.68,20.37,-32.27,12.0,9.6,24.0,1418,283,,,,,,,0,1,-4,top
2017-08-27,492042,6,445060,R,502210,L,41,Groundout,3,1,170827_212439,832e2bd8-1fd4-4c76-bd71-d63b5b17c3f5,0,0,0,B,Ball,FT,11,2.0,3.73,1.61,88.3,81.3,42.14,-1.04,50.0,6.08,-2.04,3.52,-7.59,6.99,-0.05,-128.21,-2.47,-12.74,24.34,-20.43,31.2,6.0,24.0,2004,231,,,,,,,0,1,-1,top
2017-08-27,492042,6,445060,R,502210,L,41,Groundout,3,2,170827_212453,56c03763-a0e2-4b5b-b51f-347e4a25f5ee,1,1,0,C,Called Strike,FF,2,2.0,3.58,1.57,89.4,83.1,31.47,-0.67,50.0,6.05,-0.01,3.16,-4.03,7.63,3.06,-129.97,-3.81,-7.02,22.34,-18.87,18.0,4.8,24.0,2037,209,,,,,,,0,1,-1,top
2017-08-27,492042,6,445060,R,502210,L,41,Groundout,3,3,170827_212509,0441b0d4-846c-4110-b0ff-1d0e25b80960,1,1,0,X,In play- out(s),FS,14,2.0,3.1,1.41,79.7,74.5,32.64,-0.96,50.0,5.77,0.05,1.14,-6.37,1.64,4.22,-115.84,-4.16,-8.8,18.19,-29.91,15.6,9.6,24.0,1400,265,,,,,,,0,1,-1,top
2017-08-27,492042,6,445060,R,493329,R,42,Groundout,5,1,170827_212557,857cbaee-ede5-4a8a-9a1f-941fb6fef1a0,0,0,1,B,Ball,KC,14,2.0,3.73,1.75,73.5,68.5,94.1,-1.0,50.0,6.23,1.24,1.49,5.75,-6.78,3.17,-106.81,-0.52,6.66,17.9,-40.03,9.6,14.4,24.0,2413,38,,,,,,,0,1,-1,top
2017-08-27,492042,6,445060,R,493329,R,42,Groundout,5,2,170827_212609,3fabdcd4-0dd6-4ccf-ad76-ec367067bf9f,1,0,1,B,Ball,SL,14,2.0,3.73,1.67,81.3,75.4,17.15,-0.88,50.0,5.87,1.78,1.18,1.53,-0.77,5.74,-118.03,-3.83,2.16,21.44,-33.27,4.8,9.6,24.0,,48,,,,,,,0,1,-1,top
2017-08-27,492042,6,445060,R,493329,R,42,Groundout,5,3,170827_212626,40a5fa8b-3136-4af0-8f4a-2c0b1f7d5d56,2,1,1,C,Called Strike,FF,12,2.0,3.77,1.65,90.4,83.4,51.13,-0.64,50.0,6.03,0.71,3.29,-6.3,7.55,5.65,-131.28,-3.53,-11.13,24.73,-18.84,27.6,4.8,24.0,2130,221,,,,,,,0,1,-1,top
2017-08-27,492042,6,445060,R,493329,R,42,Groundout,5,4,170827_212638,d953efb3-511d-4733-84fc-8626bc2bec4a,2,2,1,F,Foul,SL,9,2.0,3.26,1.4,80.3,74.5,34.83,-1.09,50.0,5.88,0.46,1.98,0.74,-3.61,3.36,-116.75,-0.98,1.02,20.62,-37.19,2.4,10.8,24.0,,14,,,,,,,0,1,-1,top
2017-08-27,492042,6,445060,R,493329,R,42,Groundout,5,5,170827_212704,ee63a2f6-06de-48d8-b278-4b9fdf03b544,2,2,1,X,In play- out(s),FS,14,2.0,3.26,1.4,81.4,76.3,50.24,-0.91,50.0,5.89,0.93,1.68,-6.0,0.56,6.16,-118.31,-3.27,-8.68,18.2,-31.36,14.4,9.6,24.0,1345,274,,,,,,,0,1,-1,top
2017-08-27,492042,6,445060,R,435263,L,43,Strikeout,7,1,170827_212740,b37292aa-6103-4efe-bffa-39cde2bcea5d,0,1,2,C,Called Strike,KC,13,2.0,3.77,1.74,72.8,67.9,92.59,-1.17,50.0,6.12,-0.83,1.75,6.69,-8.6,-1.12,-105.88,0.86,7.64,17.15,-41.99,9.6,15.6,24.0,2375,34,,,,,,,0,1,-1,top
2017-08-27,492042,6,445060,R,435263,L,43,Strikeout,7,2,170827_212749,faa510bc-3b2c-483b-9fa3-c68c651ec28c,0,1,2,B,Ball,FS,14,2.0,3.73,1.67,79.3,74.6,11.38,-1.12,50.0,5.77,0.1,0.48,-5.79,-1.65,4.53,-115.31,-4.61,-7.94,17.68,-34.44,12.0,10.8,24.0,1364,298,,,,,,,0,1,-1,top
2017-08-27,492042,6,445060,R,435263,L,43,Strikeout,7,3,170827_212805,2abe813d-2e9e-4109-8ba6-5e5cfd915fd3,1,1,2,B,Ball,FS,13,2.0,3.68,1.59,79.0,73.8,5.61,-1.07,50.0,5.88,-1.61,2.62,-5.53,0.28,0.42,-114.87,-0.49,-7.53,17.43,-31.79,13.2,9.6,24.0,1297,275,,,,,,,0,1,-1,top
2017-08-27,492042,6,445060,R,435263,L,43,Strikeout,7,4,170827_212828,cfc9f4d2-6db6-4529-a154-717240e47a13,2,2,2,F,Foul,FS,7,2.0,3.2,1.51,79.7,74.4,26.78,-0.96,50.0,5.86,-0.37,1.91,-5.62,-1.07,3.05,-115.84,-1.8,-7.75,18.38,-33.66,12.0,9.6,24.0,1317,290,,,,,,,0,1,-1,top
2017-08-27,492042,6,445060,R,435263,L,43,Strikeout,7,5,170827_212845,79591326-4c92-4558-a0c6-00cf35f6007a,2,2,2,B,Ball,FF,14,2.0,3.78,1.72,91.1,83.5,22.91,-0.44,50.0,5.92,1.51,2.44,-5.33,8.42,6.92,-132.02,-5.8,-9.47,26.57,-17.23,24.0,4.8,24.0,2093,212,,,,,,,0,1,-1,top
2017-08-27,492042,6,445060,R,435263,L,43,Strikeout,7,6,170827_212912,521b93f2-e1d7-4ffd-9488-e8983db63472,3,2,2,F,Foul,FT,1,2.0,3.2,1.51,92.4,85.1,57.51,-1.11,50.0,5.84,-0.65,2.87,-8.66,2.02,4.23,-134.27,-2.55,-15.93,26.9,-28.47,27.6,7.2,24.0,1979,262,,,,,,,0,1,-1,top
2017-08-27,492042,6,445060,R,435263,L,43,Strikeout,7,7,170827_212931,830215d6-09d4-4dc7-8cda-ee6162b0e6ab,3,2,2,S,Swinging Strike,FS,14,2.0,3.2,1.51,80.2,74.9,22.53,-1.02,50.0,5.58,0.43,1.08,-4.2,-2.74,4.62,-116.64,-2.65,-5.86,19.37,-36.0,8.4,10.8,24.0,1231,316,,,,,,,0,1,-1,top
2017-09-02,492124,1,445060,R,592261,R,3,Walk,6,1,170902_232406,6f9c4e9a-8f75-4aef-9c17-8b9a0d17255d,0,1,0,C,Called Strike,FF,5,2.0,3.25,1.4,90.7,83.3,44.15,-0.67,50.0,6.14,0.21,2.4,-5.25,10.03,4.08,-131.61,-6.96,-9.27,26.26,-14.46,28.8,3.6,24.0,2095,209,,,,592261,,,0,0,0,bottom
2017-09-02,492124,1,445060,R,592261,R,3,Walk,6,2,170902_232425,7977ee50-9d13-4e5a-9475-300e52bb8585,0,1,0,B,Ball,SL,14,2.0,3.35,1.53,82.7,76.1,38.27,-1.01,50.0,5.97,0.75,0.6,-0.62,-2.27,4.34,-119.95,-5.2,-0.9,24.2,-35.47,0.0,9.6,24.0,2384,359,,,,592261,,,0,0,0,bottom
2017-09-02,492124,1,445060,R,592261,R,3,Walk,6,3,170902_232442,ed876b66-20d2-4262-b8f6-56a5509f0e93,1,2,0,C,Called Strike,SL,12,2.0,3.37,1.53,82.5,76.6,47.07,-1.16,50.0,6.15,0.83,2.79,0.15,-1.51,4.68,-119.82,-0.77,0.22,20.48,-34.39,1.2,9.6,24.0,2295,16,,,,592261,,,0,0,0,bottom
2017-09-02,492124,1,445060,R,592261,R,3,Walk,6,4,170902_232459,02ae4978-e0bd-4dfc-9a41-6a4a6500c662,1,2,0,B,Ball,FF,13,2.0,3.48,1.61,90.9,83.3,55.62,-0.82,50.0,6.1,-1.0,2.05,-7.51,8.35,2.09,-132.0,-7.23,-13.27,27.77,-17.42,34.8,4.8,24.0,2181,227,,,,592261,,,0,0,0,bottom
2017-09-02,492124,1,445060,R,592261,R,3,Walk,6,5,170902_232514,8622bb81-2f67-402a-bf74-f13bc971aac0,2,2,0,B,Ball,FF,12,2.0,3.29,1.44,91.7,83.9,39.22,-0.46,50.0,6.21,1.64,3.5,-5.09,10.88,7.25,-132.95,-4.73,-9.16,27.24,-12.61,30.0,3.6,24.0,2234,203,,,,592261,,,0,0,0,bottom
2017-09-02,492124,1,445060,R,592261,R,3,Walk,6,6,170902_232532,3e15b450-c17c-400d-a7c4-2987601702db,3,2,0,B,Ball,FT,12,2.0,3.37,1.61,91.4,83.7,50.0,-0.82,50.0,6.09,0.15,3.59,-8.35,5.84,5.39,-132.72,-2.41,-14.95,27.54,-21.72,32.4,6.0,24.0,1980,237,,,,592261,,,0,0,0,bottom
2017-09-02,492124,1,445060,R,425783,L,4,Double,2,1,170902_232619,1b0b01a3-450c-4d8a-a581-bd4610780350,0,0,0,B,Ball,FF,12,2.0,3.22,1.42,90.1,82.6,77.81,-0.58,50.0,6.17,1.01,3.03,-5.62,8.67,6.02,-130.72,-4.83,-9.77,26.34,-17.11,25.2,4.8,24.0,2074,213,592261,,,,425783,592261,0,0,0,bottom
2017-09-02,492124,1,445060,R,425783,L,4,Double,2,2,170902_232647,a1b52881-6764-4319-a6dd-ee49e369cfbe,1,0,0,D,In play- no out,FT,1,2.0,3.13,1.4,88.9,81.7,59.37,-0.94,50.0,5.9,-0.54,3.08,-8.86,6.68,3.98,-129.15,-3.14,-15.07,25.23,-20.82,33.6,6.0,24.0,1831,236,592261,,,,425783,592261,0,0,0,bottom
2017-09-02,492124,1,445060,R,462101,R,5,Fielders Choice Out,1,1,170902_232741,8b89c02d-efa8-4192-87e5-b1b4e5d58559,0,0,0,E,In play- run(s),FT,7,2.0,3.28,1.41,91.5,84.4,51.7,-1.03,50.0,5.79,-0.28,1.57,-10.13,5.27,5.45,-132.85,-6.79,-18.25,26.37,-22.68,36.0,7.2,24.0,1907,247,,425783,592261,462101,,,1,1,0,bottom
2017-09-02,492124,1,445060,R,608577,L,6,Groundout,4,1,170902_232835,7076753b-675b-4983-bfbf-4453ffd8ff3f,0,1,1,C,Called Strike,FS,13,2.0,3.19,1.48,80.3,74.0,97.36,-1.2,50.0,5.92,-0.86,2.0,-7.76,3.41,3.09,-116.56,-3.08,-10.72,21.02,-27.46,20.4,8.4,24.0,1339,253,462101,,,,,,0,2,-1,bottom
2017-09-02,492124,1,445060,R,608577,L,6,Groundout,4,2,170902_232900,8771677b-47bc-4131-b3a4-07ab1978a939,0,1,1,B,Ball,FT,13,2.0,3.3,1.52,91.7,83.7,44.64,-0.78,50.0,5.95,-0.06,1.43,-8.97,8.92,4.95,-132.83,-8.74,-16.01,28.65,-16.25,39.6,4.8,24.0,1984,229,462101,,,,,,0,2,-1,bottom
2017-09-02,492124,1,445060,R,608577,L,6,Groundout,4,3,170902_232938,6291ae81-be01-446a-abb4-4c09532af239,1,1,1,B,Ball,FS,13,2.0,3.3,1.52,80.9,74.5,23.87,-1.05,50.0,5.91,-0.45,0.98,-8.37,5.99,3.91,-117.32,-6.31,-11.69,21.75,-23.8,24.0,8.4,24.0,1407,241,462101,,,,,,0,2,-1,bottom
2017-09-02,492124,1,445060,R,608577,L,6,Groundout,4,4,170902_232958,63c3f382-777e-4426-b338-a35b1143e252,2,1,1,X,In play- out(s),FS,1,2.0,3.35,1.58,80.4,74.4,32.63,-1.17,50.0,6.06,-0.6,2.8,-6.22,2.04,3.18,-116.79,-1.22,-8.68,19.77,-29.33,15.6,8.4,24.0,1242,258,462101,,,,,,0,2,-1,bottom
2017-09-02,492124,2,445060,R,460576,R,10,Home Run,3,1,170902_234108,f2527577-75cf-4bd1-9d5c-5eb2f6827de3,0,0,0,B,Ball,FT,13,2.0,3.37,1.51,91.3,83.4,38.61,-0.77,50.0,5.86,-0.3,1.04,-11.75,6.5,5.21,-132.33,-8.59,-20.76,29.15,-20.69,40.8,7.2,24.0,2130,247,,,,,,,1,0,-1,bottom
2017-09-02,492124,2,445060,R,460576,R,10,Home Run,3,2,170902_234125,4580c226-881a-43d6-9b09-971f0b2afcad,1,1,0,C,Called Strike,FF,14,2.0,3.42,1.58,91.6,83.9,60.14,-0.78,50.0,5.94,1.0,1.98,-5.31,8.52,6.5,-132.89,-7.19,-9.51,28.01,-16.91,24.0,4.8,24.0,2224,213,,,,,,,1,0,-1,bottom
2017-09-02,492124,2,445060,R,460576,R,10,Home Run,3,3,170902_234153,09c23112-34e1-431a-a14b-90e11408a12e,1,1,0,E,In play- run(s),SL,9,2.0,3.31,1.49,83.0,76.2,35.27,-1.19,50.0,6.06,0.29,1.7,-0.61,-1.95,3.7,-120.47,-2.96,-0.9,24.26,-35.03,0.0,9.6,24.0,2232,358,,,,,,,1,0,-1,bottom
2017-09-02,492124,2,445060,R,608336,L,11,Strikeout,7,1,170902_234227,b2d12832-b8da-4a9e-a79c-2f29498b4657,0,1,0,C,Called Strike,KC,11,2.0,3.52,1.6,73.2,67.2,84.64,-1.24,50.0,6.49,-0.77,3.18,5.91,-8.58,-0.62,-106.16,3.09,6.72,18.94,-41.92,9.6,14.4,24.0,2368,32,,,,,,,0,1,-2,bottom
2017-09-02,492124,2,445060,R,608336,L,11,Strikeout,7,2,170902_234241,a08dcc24-136d-4915-9f1f-050e02525330,0,1,0,S,Swinging Strike,FF,12,2.0,3.62,1.72,91.2,83.8,60.22,-0.79,50.0,6.18,1.0,3.38,-4.48,7.47,6.21,-132.37,-3.76,-8.01,26.08,-18.82,19.2,4.8,24.0,2125,210,,,,,,,0,1,-2,bottom
2017-09-02,492124,2,445060,R,608336,L,11,Strikeout,7,3,170902_234300,7e8611ca-c22b-453f-a93d-5d8ede1b838a,0,2,0,F,Foul,FT,3,2.0,3.6,1.72,92.5,85.4,46.48,-0.62,50.0,6.14,0.31,3.26,-9.29,2.83,5.69,-134.37,-2.62,-17.19,25.92,-26.94,30.0,7.2,24.0,1864,257,,,,,,,0,1,-2,bottom
2017-09-02,492124,2,445060,R,608336,L,11,Strikeout,7,4,170902_234348,492a273a-c53a-4929-8a71-a6ae848bccf7,0,2,0,B,Ball,FS,13,2.0,3.61,1.71,81.0,74.4,25.13,-1.25,50.0,5.84,-0.49,0.75,-8.16,4.58,4.21,-117.36,-6.23,-11.37,22.4,-25.8,21.6,8.4,24.0,1330,249,,,,,,,0,1,-2,bottom
2017-09-02,492124,2,445060,R,608336,L,11,Strikeout,7,5,170902_234405,d7082fad-2a69-4c40-aa46-76e7659abbc1,1,2,0,B,Ball,FS,14,2.0,3.59,1.71,81.4,74.8,23.6,-1.29,50.0,5.73,0.52,0.38,-8.86,1.56,6.88,-117.85,-5.99,-12.45,22.75,-29.99,20.4,9.6,24.0,1275,270,,,,,,,0,1,-2,bottom
2017-09-02,492124,2,445060,R,608336,L,11,Strikeout,7,6,170902_234431,a7bcc68e-c697-47c7-b87d-00bc1cd83ef3,2,2,0,B,Ball,SL,14,2.0,3.7,1.88,82.1,75.0,49.0,-1.08,50.0,5.91,0.55,1.71,1.6,-1.72,3.34,-119.11,-2.46,2.28,24.66,-34.63,4.8,9.6,24.0,2210,34,,,,,,,0,1,-2,bottom
2017-09-02,492124,2,445060,R,608336,L,11,Strikeout,7,7,170902_234456,0eb443f0-4b1f-486a-b273-89ef8aa44c52,3,3,0,T,Foul Tip,FT,5,2.0,3.47,1.63,93.2,84.9,28.9,-0.9,50.0,6.03,-0.04,2.8,-7.92,8.24,5.05,-135.27,-5.46,-14.64,30.15,-16.94,37.2,4.8,24.0,2278,226,,,,,,,0,1,-2,bottom
2017-09-02,492124,2,445060,R,435063,R,12,Flyout,7,1,170902_234528,aba3c514-c111-46bd-ab74-e5e448711a28,0,1,1,C,Called Strike,SL,4,2.0,3.19,1.42,82.8,75.3,57.19,-1.24,50.0,6.07,-0.33,2.39,0.19,-0.64,2.11,-120.12,-1.69,0.27,25.47,-33.1,1.2,9.6,24.0,2170,15,,,,,,,0,1,-2,bottom
2017-09-02,492124,2,445060,R,435063,R,12,Flyout,7,2,170902_234543,4f847129-8cef-4e94-a610-e1e149c07e15,0,1,1,B,Ball,SL,14,2.0,3.21,1.38,83.5,78.2,31.05,-0.78,50.0,5.95,1.29,1.03,0.56,-1.0,4.83,-121.41,-4.89,0.84,20.41,-33.69,2.4,9.6,24.0,2388,26,,,,,,,0,1,-2,bottom
2017-09-02,492124,2,445060,R,435063,R,12,Flyout,7,3,170902_234605,f54f5f3e-3e51-4394-bddc-74e01dfc136c,1,1,1,B,Ball,FS,14,2.0,3.19,1.4,81.4,76.4,37.2,-0.97,50.0,5.81,0.83,0.78,-6.53,-0.96,6.25,-118.22,-4.71,-9.41,18.52,-33.56,14.4,9.6,24.0,1287,289,,,,,,,0,1,-2,bottom
2017-09-02,492124,2,445060,R,435063,R,12,Flyout,7,4,170902_234628,db5606b2-b88f-46b2-a228-39a7719d6cdd,2,1,1,B,Ball,FT,11,2.0,3.19,1.47,91.2,84.6,39.78,-1.17,50.0,5.87,-1.53,3.14,-10.34,3.91,2.59,-132.74,-2.45,-18.71,24.75,-25.11,36.0,7.2,24.0,1988,253,,,,,,,0,1,-2,bottom
2017-09-02,492124,2,445060,R,435063,R,12,Flyout,7,5,170902_234648,ac24952e-e503-44be-916c-b5e28e411f5d,3,1,1,S,Swinging Strike,FF,3,2.0,3.16,1.42,93.1,86.1,39.51,-0.71,50.0,6.0,0.33,2.64,-5.9,6.85,4.87,-135.23,-5.43,-11.07,25.88,-19.32,26.4,4.8,24.0,1952,223,,,,,,,0,1,-2,bottom
2017-09-02,492124,2,445060,R,435063,R,12,Flyout,7,6,170902_234710,aaa2ff1d-b729-4bff-9fe8-9bc68da60e62,3,2,1,F,Foul,FT,3,2.0,3.09,1.34,93.2,85.7,48.7,-0.82,50.0,5.99,0.3,2.91,-10.64,5.74,6.69,-135.25,-4.26,-19.86,27.29,-21.46,39.6,6.0,24.0,1946,244,,,,,,,0,1,-2,bottom
2017-09-02,492124,2,445060,R,435063,R,12,Flyout,7,7,170902_234738,80cda04a-cc9e-4c29-9136-46fbbf59cd23,3,2,1,X,In play- out(s),SL,8,2.0,3.07,1.32,80.3,73.3,24.88,-0.92,50.0,6.05,0.04,1.88,-1.17,-3.87,2.55,-116.53,-1.38,-1.59,24.12,-37.43,1.2,10.8,24.0,2110,351,,,,,,,0,1,-2,bottom
2017-09-02,492124,2,445060,R,596059,L,13,Single,2,1,170902_234822,f565ca12-fdb6-4ccb-81ea-d02f3aae056e,0,0,2,B,Ball,KC,13,2.0,2.99,1.27,73.4,67.4,78.14,-1.08,50.0,6.26,-0.88,2.06,4.04,-7.98,-0.68,-106.51,1.04,4.6,19.65,-41.27,6.0,14.4,24.0,2407,23,,,,596059,,,0,0,-2,bottom
2017-09-02,492124,2,445060,R,596059,L,13,Single,2,2,170902_234844,7293e058-21d3-4a57-8fe6-66b78e16a306,1,0,2,D,In play- no out,FS,14,2.0,3.01,1.25,81.5,75.2,28.37,-1.27,50.0,5.88,0.02,1.0,-9.59,3.34,5.93,-118.18,-5.54,-13.62,21.54,-27.42,24.0,8.4,24.0,1283,257,,,,596059,,,0,0,-2,bottom
2017-09-02,492124,2,445060,R,455139,R,14,Strikeout,6,1,170902_234935,619f2ecd-6695-4f78-b2fa-20d756656e45,0,0,2,S,Swinging Strike,FT,13,2.0,3.14,1.38,92.1,84.1,65.35,-0.99,50.0,5.9,-1.14,1.81,-11.45,3.86,3.53,-133.63,-5.98,-20.62,29.85,-25.23,37.2,7.2,24.0,1881,257,596059,,,,,,0,1,-2,bottom
2017-09-02,492124,2,445060,R,455139,R,14,Strikeout,6,2,170902_234958,f9bd7baa-11eb-428f-a03a-f66fe6e047b5,0,1,2,B,Ball,FF,12,2.0,3.18,1.44,93.0,84.3,30.57,-0.54,50.0,5.95,1.85,2.78,-3.74,10.45,7.61,-134.59,-5.92,-6.82,30.75,-13.11,19.2,3.6,24.0,2124,197,596059,,,,,,0,1,-2,bottom
2017-09-02,492124,2,445060,R,455139,R,14,Strikeout,6,3,170902_235020,3ad643f7-5514-4080-8491-d89d5e342914,1,1,2,B,Ball,SL,14,2.0,3.18,1.46,83.7,77.4,16.84,-0.86,50.0,5.89,1.53,2.11,1.38,-2.97,5.32,-121.62,-1.48,2.08,22.78,-36.65,4.8,9.6,24.0,2455,27,596059,,,,,,0,1,-2,bottom
2017-09-02,492124,2,445060,R,455139,R,14,Strikeout,6,4,170902_235129,f6b8a0a9-09c1-44a0-9afc-0857c543c2df,2,1,2,S,Swinging Strike,SL,9,2.0,3.03,1.34,83.9,77.7,48.23,-0.99,50.0,5.93,0.64,1.48,1.22,-0.66,3.55,-121.87,-3.86,1.84,22.73,-33.18,3.6,9.6,24.0,2355,41,596059,,,,,,0,1,-2,bottom
2017-09-02,492124,2,445060,R,455139,R,14,Strikeout,6,5,170902_235204,e561e142-54fd-49da-8927-f505e4054690,2,3,2,W,Swinging Strike (Blocked),KC,14,2.0,3.09,1.41,74.0,68.2,68.38,-0.95,50.0,6.16,0.68,1.07,5.51,-9.34,1.94,-107.6,-0.59,6.37,20.9,-42.98,8.4,15.6,24.0,2697,29,596059,,,,,,0,1,-2,bottom
2017-09-02,492124,3,445060,R,592261,R,18,Groundout,4,1,170902_235916,349209d7-2604-4fff-af02-35521fb67ef6,0,1,0,C,Called Strike,FF,3,2.0,3.33,1.63,90.4,82.8,60.61,-0.81,50.0,6.1,0.39,3.09,-5.54,8.38,4.97,-131.33,-4.46,-9.7,27.11,-17.49,25.2,4.8,24.0,2169,214,,,,,,,0,1,-2,bottom
2017-09-02,492124,3,445060,R,592261,R,18,Groundout,4,2,170902_235931,37817e66-bf5d-4fe7-9168-e1b12c829233,0,2,0,C,Called Strike,KC,1,2.0,3.35,1.49,72.8,66.5,47.6,-1.08,50.0,6.45,-0.32,2.99,4.94,-8.74,0.24,-105.6,2.93,5.51,20.04,-41.93,7.2,15.6,24.0,2564,27,,,,,,,0,1,-2,bottom
2017-09-02,492124,3,445060,R,592261,R,18,Groundout,4,3,170902_235947,6ca48363-5b8e-4b7f-b1b5-49f0e2b59fdf,0,2,0,B,Ball,SL,14,2.0,3.42,1.61,82.0,75.0,58.31,-0.95,50.0,6.02,1.02,1.65,-1.3,-0.6,5.01,-119.0,-3.18,-1.85,24.52,-33.03,1.2,9.6,24.0,2423,343,,,,,,,0,1,-2,bottom
2017-09-02,492124,3,445060,R,592261,R,18,Groundout,4,4,170903_000007,76daff7c-d0fb-422a-95bb-157a9987028e,1,2,0,X,In play- out(s),FF,6,2.0,3.34,1.65,89.4,82.8,26.27,-0.79,50.0,6.05,0.24,2.46,-4.63,8.35,4.23,-129.91,-5.82,-8.02,23.72,-17.72,21.6,4.8,24.0,2008,210,,,,,,,0,1,-2,bottom
2017-09-02,492124,3,445060,R,425783,L,19,Groundout,4,1,170903_000053,d6d2979d-e514-4b1c-9ce3-b2d588a8e98b,0,1,1,C,Called Strike,SL,2,2.0,3.15,1.4,77.5,71.4,60.94,-1.25,50.0,5.97,-0.14,2.86,0.22,-4.99,2.41,-112.55,1.77,0.28,20.01,-38.59,1.2,12.0,24.0,2295,5,,,,,,,0,1,-2,bottom
2017-09-02,492124,3,445060,R,425783,L,19,Groundout,4,2,170903_000116,69283ce8-6ace-42ef-952e-83b77209e43b,0,1,1,B,Ball,FS,14,2.0,3.13,1.56,81.7,75.9,50.65,-1.0,50.0,5.79,0.75,1.58,-7.76,-0.7,6.5,-118.63,-2.85,-11.18,20.26,-33.18,16.8,9.6,24.0,1346,284,,,,,,,0,1,-2,bottom
2017-09-02,492124,3,445060,R,425783,L,19,Groundout,4,3,170903_000130,a3dd07c1-9f68-4d5f-8e07-a55c2293e9d6,1,2,1,C,Called Strike,FS,9,2.0,3.15,1.4,80.3,74.7,26.58,-1.06,50.0,5.83,0.3,1.72,-7.79,2.04,5.5,-116.68,-3.19,-10.88,19.2,-29.32,19.2,9.6,24.0,1440,262,,,,,,,0,1,-2,bottom
2017-09-02,492124,3,445060,R,425783,L,19,Groundout,4,4,170903_000150,afb1f200-8990-46a1-9aa7-b6f59109c5c9,1,2,1,X,In play- out(s),FS,8,2.0,3.17,1.49,81.7,75.7,19.66,-0.99,50.0,5.94,-0.22,2.0,-8.2,3.74,4.33,-118.73,-3.59,-11.82,20.52,-26.79,21.6,8.4,24.0,1399,251,,,,,,,0,1,-2,bottom
2017-09-02,492124,3,445060,R,462101,R,20,Field Error,5,1,170903_000228,0a7d91e2-9c6f-43ce-aea8-9478a77f537c,0,0,2,B,Ball,KC,13,2.0,3.23,1.41,73.1,67.4,64.19,-1.18,50.0,6.16,-0.51,0.86,3.32,-7.26,0.51,-106.11,-1.38,3.74,19.89,-40.36,4.8,14.4,24.0,2483,21,,,,462101,,,0,0,-2,bottom
2017-09-02,492124,3,445060,R,462101,R,20,Field Error,5,2,170903_000250,536a8775-cfd7-4b8d-a123-ebae2e77f2e5,1,1,2,F,Foul,FF,12,2.0,3.24,1.37,92.4,84.1,40.87,-0.7,50.0,6.11,0.66,3.72,-6.5,7.62,5.83,-134.09,-2.87,-11.82,29.34,-18.32,28.8,4.8,24.0,2147,221,,,,462101,,,0,0,-2,bottom
2017-09-02,492124,3,445060,R,462101,R,20,Field Error,5,3,170903_000310,cd5b4831-ffd3-4eb4-aae6-3f3841d70d21,1,1,2,B,Ball,FS,14,2.0,3.38,1.58,82.3,76.9,37.24,-0.98,50.0,5.69,0.74,0.6,-8.28,3.55,6.65,-119.42,-6.42,-12.17,19.07,-26.95,21.6,8.4,24.0,1335,253,,,,462101,,,0,0,-2,bottom
2017-09-02,492124,3,445060,R,462101,R,20,Field Error,5,4,170903_000334,53ec1a2a-4e9c-4375-ba53-f990428ec93e,2,2,2,F,Foul,SL,4,2.0,3.28,1.45,80.6,73.1,35.27,-1.01,50.0,5.97,-0.63,2.55,-2.2,-1.88,1.5,-116.85,-0.27,-3.0,24.82,-34.73,4.8,10.8,24.0,2243,325,,,,462101,,,0,0,-2,bottom
2017-09-02,492124,3,445060,R,462101,R,20,Field Error,5,5,170903_000350,fa586fa1-0d61-46fc-955e-5e70b378c0a2,2,2,2,D,In play- no out,FF,11,2.0,3.22,1.43,90.6,83.5,53.72,-0.84,50.0,6.06,-0.57,3.22,-6.39,8.92,2.88,-131.65,-4.27,-11.33,25.35,-16.37,32.4,4.8,24.0,2044,217,,,,462101,,,0,0,-2,bottom
2017-09-02,492124,3,445060,R,608577,L,21,Strikeout,9,1,170903_000441,14d6502d-b502-428d-8ddb-087e40c87e9a,0,0,2,B,Ball,FF,14,2.0,3.36,1.59,91.3,84.0,37.05,-0.54,50.0,5.96,1.42,2.39,-4.73,8.82,6.75,-132.48,-6.26,-8.48,26.05,-16.37,22.8,4.8,24.0,2039,208,462101,,,,,,0,1,-2,bottom
2017-09-02,492124,3,445060,R,608577,L,21,Strikeout,9,2,170903_000459,cbaf08ac-c821-445e-9e46-ae7869530251,1,0,2,S,Swinging Strike,SL,9,2.0,3.31,1.54,79.2,73.5,35.68,-1.13,50.0,5.78,0.43,1.99,-0.08,-2.66,3.57,-115.12,-0.82,-0.11,19.88,-35.77,1.2,10.8,24.0,2398,6,462101,,,,,,0,1,-2,bottom
2017-09-02,492124,3,445060,R,608577,L,21,Strikeout,9,3,170903_000522,6fdc76c6-b63a-4713-83c4-2ac7ba1685aa,1,2,2,F,Foul,FS,8,2.0,3.35,1.54,81.0,74.7,25.83,-0.93,50.0,5.82,-0.21,1.92,-9.01,3.24,4.41,-117.57,-3.15,-12.68,21.13,-27.61,22.8,8.4,24.0,1476,256,462101,,,,,,0,1,-2,bottom
2017-09-02,492124,3,445060,R,608577,L,21,Strikeout,9,4,170903_000553,aa77578f-e02d-42ab-866d-79679f3deb44,1,2,2,F,Foul,FF,11,2.0,3.27,1.54,93.0,85.8,64.99,-1.01,50.0,5.99,-0.83,3.61,-7.09,8.15,2.97,-135.28,-3.23,-13.28,26.36,-16.89,36.0,4.8,24.0,2032,223,462101,,,,,,0,1,-2,bottom
2017-09-02,492124,3,445060,R,608577,L,21,Strikeout,9,5,170903_000626,954681d9-8561-4a0b-9995-b17eed1ed4f5,1,2,2,B,Ball,FF,12,2.0,3.34,1.61,92.0,84.4,49.1,-0.57,50.0,6.22,0.93,4.32,-4.95,7.9,5.67,-133.57,-1.64,-9.0,26.83,-17.81,24.0,4.8,24.0,2085,211,462101,,,,,,0,1,-2,bottom
2017-09-02,492124,3,445060,R,608577,L,21,Strikeout,9,6,170903_000744,53106c27-fff1-4bc6-baae-0ee855aeffb6,2,2,2,S,Swinging Strike,FS,11,2.0,3.33,1.59,80.6,75.1,44.23,-1.28,50.0,5.94,-1.26,2.7,-7.46,1.59,2.31,-117.29,-1.14,-10.56,18.62,-29.92,19.2,9.6,24.0,1405,264,462101,,,,,,0,1,-2,bottom
2017-09-02,492124,4,445060,R,460576,R,28,Double,3,1,170903_002650,a8a8f486-9054-4817-a027-c31d73ac6658,0,1,0,C,Called Strike,FF,4,2.0,3.41,1.55,88.6,82.0,50.77,-0.99,50.0,5.87,-0.42,2.53,-5.96,8.08,3.43,-128.73,-4.94,-10.13,23.36,-18.43,26.4,4.8,24.0,1962,219,,,,,460576,,0,0,-1,bottom
2017-09-02,492124,4,445060,R,460576,R,28,Double,3,2,170903_002706,70dbbace-0bba-4e18-aff5-bae25afe7b19,0,2,0,F,Foul,FT,12,2.0,3.31,1.53,90.1,83.2,65.01,-0.65,50.0,6.1,0.77,3.13,-8.56,7.0,6.59,-130.97,-3.89,-15.03,24.75,-19.88,33.6,6.0,24.0,2081,232,,,,,460576,,0,0,-1,bottom
2017-09-02,492124,4,445060,R,460576,R,28,Double,3,3,170903_002731,6c3972a3-e79a-478f-b6c6-9d176e7d1e01,0,2,0,D,In play- no out,SL,14,2.0,3.33,1.57,81.0,74.9,55.58,-0.87,50.0,5.93,0.56,1.27,-1.25,-2.22,3.7,-117.63,-3.25,-1.76,21.65,-35.29,2.4,10.8,24.0,2285,347,,,,,460576,,0,0,-1,bottom
2017-09-02,492124,4,445060,R,608336,L,29,Single,5,1,170903_002817,3ce8ecd6-0179-4d2c-8376-c6b721638efd,0,0,0,B,Ball,FS,11,2.0,3.48,1.62,79.7,74.2,77.8,-1.24,50.0,6.01,-2.24,3.47,-7.21,2.17,-0.14,-115.96,0.48,-9.98,18.39,-29.17,19.2,8.4,24.0,1282,258,,460576,,608336,,,1,0,-1,bottom
2017-09-02,492124,4,445060,R,608336,L,29,Single,5,2,170903_002838,3993fd41-8f66-4df6-8795-3c12b925e9e3,1,1,0,W,Swinging Strike (Blocked),FS,14,2.0,3.5,1.63,81.0,75.5,8.23,-1.06,50.0,5.79,0.07,1.06,-9.02,1.78,5.4,-117.6,-4.71,-12.82,19.31,-29.65,21.6,9.6,24.0,1487,266,,460576,,608336,,,1,0,-1,bottom
2017-09-02,492124,4,445060,R,608336,L,29,Single,5,3,170903_002948,a4034126-c318-4a2d-bbae-a397b4871f49,1,1,0,S,Swinging Strike,FF,12,2.0,3.62,1.72,90.6,83.7,40.2,-0.61,50.0,6.17,0.14,3.66,-4.86,9.12,3.61,-131.71,-3.52,-8.65,24.39,-15.93,25.2,3.6,24.0,2067,208,,460576,,608336,,,1,0,-1,bottom
2017-09-02,492124,4,445060,R,608336,L,29,Single,5,4,170903_003015,54da7a5a-3142-444e-96f8-bba2ca3c6daf,1,2,0,E,In play- run(s),FF,12,2.0,3.64,1.7,90.5,83.5,59.18,-0.42,50.0,6.18,0.99,3.27,-5.87,7.09,5.67,-131.44,-3.83,-10.38,24.92,-19.63,25.2,4.8,24.0,2050,220,,460576,,608336,,,1,0,-1,bottom
2017-09-02,492124,4,445060,R,435063,R,30,Pop Out,4,1,170903_003107,066f4a68-15d6-4502-ac1a-44bc9c9f8041,0,1,0,C,Called Strike,FT,12,2.0,3.19,1.4,89.4,82.7,73.83,-0.57,50.0,5.94,0.89,3.13,-8.11,4.42,6.48,-129.88,-2.47,-14.04,23.79,-24.52,27.6,6.0,24.0,1806,244,608336,,,608336,,,0,1,-2,bottom
2017-09-02,492124,4,445060,R,435063,R,30,Pop Out,4,2,170903_003126,1a6ed628-340f-495a-bc91-daaee8fc32c5,0,1,0,B,Ball,FS,14,2.0,3.11,1.52,80.9,75.5,48.8,-0.84,50.0,5.8,0.66,1.45,-8.1,0.1,5.97,-117.57,-3.31,-11.52,19.0,-32.04,18.0,9.6,24.0,1522,277,608336,,,608336,,,0,1,-2,bottom
2017-09-02,492124,4,445060,R,435063,R,30,Pop Out,4,3,170903_003151,1b3e6d8e-aef7-4c21-98dd-1c85550f3a64,1,2,0,C,Called Strike,FF,11,2.0,3.17,1.34,89.3,82.5,49.02,-0.79,50.0,6.01,-0.73,2.58,-5.09,9.15,1.87,-129.81,-5.64,-8.8,24.12,-16.38,26.4,4.8,24.0,2021,211,608336,,,608336,,,0,1,-2,bottom
2017-09-02,492124,4,445060,R,435063,R,30,Pop Out,4,4,170903_003215,afe33837-db63-4f8d-80fb-b8cd8e4c1a0d,1,2,0,X,In play- out(s),FS,8,2.0,3.12,1.3,80.8,75.2,21.93,-0.73,50.0,5.81,0.09,1.83,-9.22,1.24,4.7,-117.39,-2.75,-13.07,19.06,-30.42,21.6,9.6,24.0,1489,268,608336,,,608336,,,0,1,-2,bottom
2017-09-02,492124,4,445060,R,596059,L,31,Forceout,10,1,170903_003300,6b861cb1-9ad7-4355-abcf-20f1c188e164,0,0,1,B,Ball,FF,12,2.0,3.05,1.33,91.5,84.7,52.83,-0.52,50.0,5.95,1.78,3.08,-4.75,7.53,7.72,-132.88,-4.06,-8.63,24.42,-18.5,20.4,4.8,24.0,1979,211,608336,,,596059,,,0,1,-2,bottom
2017-09-02,492124,4,445060,R,596059,L,31,Forceout,10,2,170903_003319,b7f7d393-85c8-4e00-bb33-2aea6002e8f7,2,0,1,*B,Ball In Dirt,KC,14,2.0,2.99,1.27,73.1,68.0,50.09,-0.91,50.0,6.03,0.7,0.68,3.67,-8.03,2.37,-106.4,-1.37,4.19,19.05,-41.33,6.0,14.4,24.0,2432,23,608336,,,596059,,,0,1,-2,bottom
2017-09-02,492124,4,445060,R,596059,L,31,Forceout,10,3,170903_003354,e03efcbd-a968-4a17-804c-5d43def22a65,2,1,1,F,Foul,FT,11,2.0,2.97,1.29,91.4,83.8,53.3,-0.97,50.0,5.78,-1.02,2.13,-10.86,6.93,3.57,-132.71,-5.81,-19.43,27.61,-19.77,42.0,6.0,24.0,1862,241,608336,,,596059,,,0,1,-2,bottom
2017-09-02,492124,4,445060,R,596059,L,31,Forceout,10,4,170903_003508,acf60686-c567-4e97-ae9d-e8af51d31295,2,2,1,F,Foul,SL,14,2.0,2.97,1.29,82.9,76.6,47.21,-1.09,50.0,5.73,0.34,1.21,-1.64,-1.29,3.92,-120.46,-3.61,-2.41,22.73,-34.08,2.4,9.6,24.0,2179,335,608336,,,596059,,,0,1,-2,bottom
2017-09-02,492124,4,445060,R,596059,L,31,Forceout,10,5,170903_003548,fa368ffc-ef37-40dd-ad81-6b41870df126,2,2,1,F,Foul,FT,12,2.0,2.97,1.31,92.0,84.8,54.0,-0.66,50.0,6.08,0.4,2.99,-6.86,6.38,5.19,-133.7,-4.31,-12.54,26.13,-20.52,28.8,4.8,24.0,1885,229,608336,,,596059,,,0,1,-2,bottom
2017-09-02,492124,4,445060,R,596059,L,31,Forceout,10,6,170903_003620,b9478777-06d6-43e1-a7c4-1dc5400034e7,2,2,1,F,Foul,FF,12,2.0,2.92,1.19,92.4,84.8,56.41,-0.44,50.0,5.95,1.16,2.41,-4.92,7.07,5.92,-134.15,-5.78,-9.01,27.94,-19.24,20.4,4.8,24.0,2146,216,608336,,,596059,,,0,1,-2,bottom
2017-09-02,492124,4,445060,R,596059,L,31,Forceout,10,7,170903_003735,c25f4cfa-27fe-49d1-965e-93f67525824e,2,2,1,X,In play- out(s),FS,13,2.0,2.86,1.19,80.5,74.7,40.01,-1.01,50.0,5.71,-0.27,0.83,-8.93,0.67,4.4,-116.9,-4.54,-12.44,20.63,-31.24,20.4,9.6,24.0,1386,274,608336,,,596059,,,0,1,-2,bottom
2017-09-02,492124,4,445060,R,455139,R,32,Flyout,1,1,170903_003843,0c824fe4-5c96-4254-baf6-72f81529637b,0,0,2,X,In play- out(s),SL,14,2.0,3.14,1.38,82.6,77.1,79.08,-0.87,50.0,5.93,1.08,1.96,-0.77,-1.86,4.91,-120.14,-2.15,-1.14,20.21,-34.92,1.2,9.6,24.0,2201,355,596059,,,,,,0,1,-2,bottom
2017-09-02,492124,5,445060,R,592261,R,36,Walk,6,1,170903_004718,206f241c-a51e-47f4-9902-cd4c6170d630,0,1,0,C,Called Strike,SL,6,2.0,3.29,1.51,78.5,72.6,62.85,-0.96,50.0,6.21,0.44,2.23,0.62,-2.25,2.97,-114.06,-1.2,0.82,20.26,-35.15,2.4,10.8,24.0,2215,17,,,,592261,,,0,0,-2,bottom
2017-09-02,492124,5,445060,R,592261,R,36,Walk,6,2,170903_004734,cecae675-5024-4f87-b3bb-e38351bba348,0,2,0,F,Foul,SL,8,2.0,3.32,1.48,80.6,73.8,19.67,-0.99,50.0,6.05,-0.0,2.02,-2.79,-2.54,3.11,-116.98,-1.54,-3.85,23.11,-35.68,4.8,10.8,24.0,2349,327,,,,592261,,,0,0,-2,bottom
2017-09-02,492124,5,445060,R,592261,R,36,Walk,6,3,170903_004802,434202b4-a372-4ef0-b6e5-ce3147e2d1da,0,2,0,B,Ball,KC,14,2.0,3.27,1.49,74.6,68.5,45.79,-0.87,50.0,6.25,1.68,1.34,4.21,-7.77,4.26,-108.36,-0.75,4.94,21.52,-41.28,7.2,14.4,24.0,2488,28,,,,592261,,,0,0,-2,bottom
2017-09-02,492124,5,445060,R,592261,R,36,Walk,6,4,170903_004820,40f5882d-33f1-4c44-8032-1e596531b1b8,1,2,0,B,Ball,FT,12,2.0,3.27,1.53,91.5,84.4,70.6,-0.48,50.0,6.17,0.79,3.51,-7.82,5.28,6.04,-133.05,-2.72,-14.16,25.88,-22.61,28.8,6.0,24.0,1913,238,,,,592261,,,0,0,-2,bottom
2017-09-02,492124,5,445060,R,592261,R,36,Walk,6,5,170903_004839,e67346d1-2816-4649-95ca-b12521f1a038,2,2,0,B,Ball,SL,14,2.0,3.33,1.49,81.5,75.8,45.95,-0.83,50.0,5.91,1.07,0.47,-1.43,-1.51,4.88,-118.3,-5.39,-2.04,21.23,-34.33,2.4,9.6,24.0,2275,344,,,,592261,,,0,0,-2,bottom
2017-09-02,492124,5,445060,R,592261,R,36,Walk,6,6,170903_004901,93ac9adf-7689-43a1-a6dc-e9e09eac3473,3,2,0,B,Ball,FT,11,2.0,3.29,1.44,90.5,83.3,49.34,-0.87,50.0,6.01,-0.21,3.59,-7.23,4.82,4.18,-131.51,-1.77,-12.77,25.53,-23.66,26.4,6.0,24.0,1936,239,,,,592261,,,0,0,-2,bottom
2017-09-02,492124,5,445060,R,425783,L,37,Flyout,4,1,170903_004948,f2d38c28-f269-45a7-a9f8-9131019f29fc,0,1,0,C,Called Strike,FT,11,2.0,3.23,1.51,90.1,82.7,60.58,-1.14,50.0,5.8,-0.98,2.52,-10.2,6.39,3.84,-130.82,-4.42,-17.76,26.4,-21.05,38.4,6.0,24.0,1846,242,592261,,,592261,,,0,1,-2,bottom
2017-09-02,492124,5,445060,R,425783,L,37,Flyout,4,2,170903_005032,4e282f24-82fd-48b1-8098-328cda7e96b2,0,1,0,B,Ball,FT,11,2.0,3.14,1.49,89.1,82.7,46.44,-0.94,50.0,5.97,-1.43,3.45,-9.68,4.47,1.97,-129.64,-1.73,-16.74,23.05,-24.45,33.6,7.2,24.0,1917,248,592261,,,592261,,,0,1,-2,bottom
2017-09-02,492124,5,445060,R,425783,L,37,Flyout,4,3,170903_005105,2e9eb0d0-c1ec-4b19-806c-c7057c46ffac,1,1,0,X,In play- out(s),FS,11,2.0,3.13,1.46,80.4,74.8,48.13,-1.19,50.0,5.93,-0.64,3.19,-9.05,2.59,4.02,-116.88,-0.24,-12.73,18.47,-28.52,22.8,8.4,24.0,1360,257,592261,,,592261,,,0,1,-2,bottom
2017-09-02,492124,5,445060,R,462101,R,38,Strikeout,8,1,170903_005142,6f42bb2b-13cc-44b9-bf05-57f4ae1886cd,0,0,1,B,Ball,SL,14,2.0,3.23,1.45,81.2,75.3,64.23,-0.82,50.0,5.88,1.56,1.26,-0.5,-0.38,5.7,-117.88,-3.76,-0.7,21.02,-32.72,0.0,9.6,24.0,2290,7,592261,,,,592261,,0,1,-2,bottom
2017-09-02,492124,5,445060,R,462101,R,38,Strikeout,8,2,170903_005256,48c8f4de-1e30-4594-bebe-738e769a3fc5,1,0,1,B,Ball,SL,14,2.0,3.29,1.41,79.6,74.1,47.76,-0.74,50.0,6.0,1.28,1.91,-1.11,-0.54,4.97,-115.67,-2.2,-1.53,19.28,-32.91,1.2,9.6,24.0,2244,341,592261,,,,592261,,0,1,-2,bottom
2017-09-02,492124,5,445060,R,462101,R,38,Strikeout,8,3,170903_005320,682a2add-fd49-4427-a97a-30481e1affb8,2,0,1,S,Swinging Strike,FT,11,2.0,3.22,1.41,90.8,82.8,58.17,-0.72,50.0,5.92,-1.06,2.64,-13.08,4.87,3.51,-131.85,-3.97,-22.91,29.25,-23.63,42.0,7.2,24.0,1953,254,592261,,,,592261,,0,1,-2,bottom
2017-09-02,492124,5,445060,R,462101,R,38,Strikeout,8,4,170903_005349,4eba1839-7dce-4c28-8d39-f257a75f69c2,2,1,1,B,Ball,SL,14,2.0,3.23,1.48,81.3,75.0,42.59,-1.12,50.0,5.83,0.74,1.05,-1.84,-0.55,4.9,-118.07,-4.08,-2.6,22.39,-32.94,3.6,9.6,24.0,2240,328,592261,,,,592261,,0,1,-2,bottom
2017-09-02,492124,5,445060,R,462101,R,38,Strikeout,8,5,170903_005435,e11da52a-00ee-4407-9fe1-1a26f8ffc8f0,3,1,1,S,Swinging Strike,FT,13,2.0,3.2,1.41,90.2,82.9,30.1,-1.09,50.0,5.8,-1.7,1.94,-12.92,3.86,2.77,-131.06,-5.08,-22.5,27.46,-25.46,39.6,8.4,24.0,1898,258,592261,,,,592261,,0,1,-2,bottom
2017-09-02,492124,5,445060,R,462101,R,38,Strikeout,8,6,170903_005506,827b7170-88a2-416d-8273-15d5d04ccf40,3,3,1,C,Called Strike,FF,9,2.0,3.22,1.39,91.6,84.7,58.32,-0.62,50.0,5.88,0.64,1.49,-7.47,8.37,5.9,-132.99,-8.34,-13.53,25.6,-17.02,33.6,4.8,24.0,2135,224,592261,,,,592261,,0,1,-2,bottom
2017-09-02,492124,5,445060,R,608577,L,39,Flyout,4,1,170903_005554,07db0863-24ed-48ff-9dbd-c27b0a52f1a0,0,0,2,B,Ball,FS,14,2.0,3.32,1.56,80.9,74.9,100.0,-1.02,50.0,5.84,0.62,1.37,-11.09,3.74,7.17,-117.35,-4.62,-15.62,20.11,-26.9,27.6,8.4,24.0,1466,256,,592261,,,,,0,1,-2,bottom
2017-09-02,492124,5,445060,R,608577,L,39,Flyout,4,2,170903_005612,33340bc5-924d-43f9-81db-750e5e749684,1,1,2,F,Foul,FS,7,2.0,3.29,1.52,81.2,75.4,26.5,-1.05,50.0,5.78,-0.36,1.97,-10.02,1.45,4.68,-118.06,-2.5,-14.3,20.09,-30.11,24.0,9.6,24.0,1450,267,,592261,,,,,0,1,-2,bottom
2017-09-02,492124,5,445060,R,608577,L,39,Flyout,4,3,170903_005641,9b87dadc-2a33-4ef3-85f9-5e2173fa8325,1,2,2,F,Foul,FF,12,2.0,3.31,1.58,91.9,84.2,37.37,-0.58,50.0,6.11,1.38,3.45,-6.21,8.06,7.31,-133.38,-3.68,-11.25,27.34,-17.59,27.6,4.8,24.0,1937,217,,592261,,,,,0,1,-2,bottom
2017-09-02,492124,5,445060,R,608577,L,39,Flyout,4,4,170903_005718,27be87c3-907b-4672-820d-36d6c1a8112a,1,2,2,X,In play- out(s),FS,8,2.0,3.31,1.58,79.7,74.1,22.63,-1.2,50.0,5.85,0.01,1.92,-9.96,3.62,5.76,-115.83,-3.12,-13.71,18.95,-27.2,25.2,8.4,24.0,1395,254,,592261,,,,,0,1,-2,bottom
2017-09-02,492124,6,445060,R,460576,R,46,Strikeout,5,1,170903_011745,6a55d13a-95c3-4bf4-9d4e-7a33e4e8460b,0,0,0,S,Swinging Strike,FF,12,2.0,3.39,1.57,89.0,81.3,71.24,-0.43,50.0,6.09,1.0,2.83,-7.09,9.39,6.0,-129.11,-5.11,-11.99,26.54,-16.31,32.4,4.8,24.0,2126,218,,,,,,,0,1,-1,bottom
2017-09-02,492124,6,445060,R,460576,R,46,Strikeout,5,2,170903_011759,ac60701c-6b78-4581-9934-3ce3e22410d8,0,1,0,B,Ball,FF,13,2.0,3.41,1.55,88.3,81.0,30.53,-0.93,50.0,6.03,-1.39,1.88,-7.98,9.22,1.47,-128.17,-7.2,-13.3,26.02,-16.8,36.0,6.0,24.0,2037,225,,,,,,,0,1,-1,bottom
2017-09-02,492124,6,445060,R,460576,R,46,Strikeout,5,3,170903_011814,f7fdf279-36ce-4395-9335-434bf387e66c,1,1,0,S,Swinging Strike,FF,12,2.0,3.37,1.51,90.1,82.1,59.55,-0.45,50.0,6.12,0.89,3.0,-6.76,10.31,5.72,-130.62,-5.26,-11.67,27.5,-14.37,33.6,4.8,24.0,2122,214,,,,,,,0,1,-1,bottom
2017-09-02,492124,6,445060,R,460576,R,46,Strikeout,5,4,170903_011835,31c42e0a-d17f-4d1e-bab0-1bd63b59ee35,1,2,0,B,Ball,FF,12,2.0,3.35,1.53,90.8,83.7,24.82,-0.35,50.0,6.08,1.43,2.73,-6.94,9.3,7.01,-131.76,-5.77,-12.34,25.13,-15.65,33.6,4.8,24.0,2236,217,,,,,,,0,1,-1,bottom
2017-09-02,492124,6,445060,R,460576,R,46,Strikeout,5,5,170903_011911,6e7c6b3a-8933-43bc-b620-3a346287fcc6,2,3,0,C,Called Strike,FT,14,2.0,3.43,1.57,91.8,84.6,61.95,-0.64,50.0,5.83,1.13,2.04,-11.03,5.06,8.46,-133.07,-5.62,-19.97,26.05,-23.02,37.2,7.2,24.0,2189,249,,,,,,,0,1,-1,bottom
2017-09-02,492124,6,445060,R,608336,L,47,Strikeout,5,1,170903_011944,af4f34d9-8445-49f5-a134-48945961af46,0,0,1,B,Ball,KC,14,2.0,3.57,1.68,72.1,66.3,58.17,-1.05,50.0,6.27,0.33,0.81,4.05,-8.82,1.75,-104.8,-1.04,4.42,20.61,-41.81,6.0,15.6,24.0,2466,23,,,,,,,0,1,-1,bottom
2017-09-02,492124,6,445060,R,608336,L,47,Strikeout,5,2,170903_012004,52b79346-afa7-4b07-af94-f8249dd4f04c,1,0,1,S,Swinging Strike,FS,7,2.0,3.54,1.66,80.3,74.9,35.38,-1.08,50.0,5.79,-0.61,2.26,-9.02,4.19,3.81,-116.75,-2.54,-12.68,18.17,-26.28,24.0,8.4,24.0,1300,249,,,,,,,0,1,-1,bottom
2017-09-02,492124,6,445060,R,608336,L,47,Strikeout,5,3,170903_012022,28dd691b-8d9e-48ee-be7f-fc3a3e202322,1,1,1,B,Ball,KC,11,2.0,3.55,1.69,71.5,65.5,35.23,-1.39,50.0,6.41,-1.35,3.11,6.54,-7.8,-1.64,-103.79,3.21,7.07,18.64,-40.61,9.6,15.6,24.0,2452,36,,,,,,,0,1,-1,bottom
2017-09-02,492124,6,445060,R,608336,L,47,Strikeout,5,4,170903_012042,a3306ccc-435f-4d1c-a222-d1fbd17de4cd,2,1,1,S,Swinging Strike,FS,9,2.0,3.56,1.72,79.9,74.6,33.95,-1.06,50.0,5.79,0.26,1.73,-9.62,2.14,5.95,-116.0,-3.05,-13.35,17.97,-29.21,22.8,9.6,24.0,1345,263,,,,,,,0,1,-1,bottom
2017-09-02,492124,6,445060,R,608336,L,47,Strikeout,5,5,170903_012101,4eab9ca6-9391-426c-a606-2d9fdb59c7e7,2,2,1,S,Swinging Strike,FS,13,2.0,3.58,1.74,79.7,74.0,49.69,-1.19,50.0,5.79,-0.72,1.44,-9.35,4.44,3.87,-115.83,-4.32,-12.85,19.29,-26.07,25.2,8.4,24.0,1408,250,,,,,,,0,1,-1,bottom
2017-09-02,492124,6,445060,R,435063,R,48,Walk,5,1,170903_012139,428c5512-1f2e-442a-8433-43670af35a57,0,0,2,B,Ball,SL,14,2.0,3.13,1.4,81.1,74.8,46.32,-1.09,50.0,5.84,0.05,0.89,-2.06,-0.17,3.27,-117.73,-4.52,-2.9,22.38,-32.41,3.6,9.6,24.0,2262,315,,,,435063,,,0,0,-1,bottom
2017-09-02,492124,6,445060,R,435063,R,48,Walk,5,2,170903_012158,d848a882-228f-489c-a492-4b7025d767ba,1,0,2,B,Ball,SL,14,2.0,3.15,1.42,81.4,74.3,41.93,-1.06,50.0,5.81,0.99,0.95,-0.1,-3.64,4.76,-117.99,-3.22,-0.13,25.26,-37.24,1.2,10.8,24.0,2371,7,,,,435063,,,0,0,-1,bottom
2017-09-02,492124,6,445060,R,435063,R,48,Walk,5,3,170903_012226,daedd6aa-1221-42fb-9aa9-92e0be7eddb6,2,1,2,F,Foul,FT,2,2.0,3.16,1.4,91.2,84.1,32.2,-0.8,50.0,5.76,0.05,2.67,-11.91,2.44,6.29,-132.44,-2.81,-21.33,25.97,-27.81,36.0,8.4,24.0,2002,262,,,,435063,,,0,0,-1,bottom
2017-09-02,492124,6,445060,R,435063,R,48,Walk,5,4,170903_012249,26f6c6ca-8a96-4978-8e4d-856b1d926a81,2,1,2,B,Ball,FT,12,2.0,3.21,1.38,92.4,84.9,28.79,-0.76,50.0,6.14,0.04,4.09,-6.73,6.94,4.44,-134.33,-1.81,-12.39,26.93,-19.39,30.0,4.8,24.0,2035,225,,,,435063,,,0,0,-1,bottom
2017-09-02,492124,6,445060,R,435063,R,48,Walk,5,5,170903_012309,65e366a3-9b9e-4609-bc63-192067930be6,3,1,2,B,Ball,FF,14,2.0,3.22,1.41,92.9,85.9,28.89,-0.69,50.0,5.86,1.31,1.91,-6.5,7.4,7.6,-134.83,-7.12,-12.11,25.97,-18.39,28.8,4.8,24.0,2052,223,,,,435063,,,0,0,-1,bottom
2017-09-08,492206,1,445060,R,516416,R,5,Groundout,5,1,170909_022143,140a360f-875c-4732-a28a-7151795771d3,0,1,0,C,Called Strike,FF,4,2.0,3.4,1.62,89.1,80.9,53.16,-0.97,50.0,6.08,-0.38,2.75,-5.86,13.1,3.44,-129.07,-6.48,-9.86,27.76,-10.15,38.4,3.6,24.0,2264,205,,,,,,,0,1,2,bottom
2017-09-08,492206,1,445060,R,516416,R,5,Groundout,5,2,170909_022158,32061ce2-31d7-426f-8e3b-fd6fc040af0e,0,1,0,B,Ball,FT,14,2.0,3.35,1.62,89.2,81.8,49.99,-0.99,50.0,5.8,0.2,1.56,-9.82,8.86,6.32,-129.32,-7.49,-16.7,26.02,-17.11,39.6,6.0,24.0,2048,231,,,,,,,0,1,2,bottom
2017-09-08,492206,1,445060,R,516416,R,5,Groundout,5,3,170909_022213,ba7be6e1-6ce3-473c-a229-c41de617db45,1,2,0,C,Called Strike,FT,13,2.0,3.32,1.63,88.8,81.6,66.35,-1.19,50.0,5.76,-0.56,1.41,-10.81,7.3,5.17,-128.74,-7.19,-18.22,25.67,-19.87,39.6,6.0,24.0,1988,240,,,,,,,0,1,2,bottom
2017-09-08,492206,1,445060,R,516416,R,5,Groundout,5,4,170909_022230,9fc6f74d-611d-4221-901c-d35702be8bb1,1,2,0,F,Foul,FS,8,2.0,3.32,1.5,80.8,74.2,23.64,-1.16,50.0,5.75,0.08,1.73,-7.16,8.41,5.01,-117.07,-4.89,-9.97,21.26,-20.46,22.8,7.2,24.0,1473,223,,,,,,,0,1,2,bottom
2017-09-08,492206,1,445060,R,516416,R,5,Groundout,5,5,170909_022255,aff7c31e-ac41-49f9-8619-2bd2e56c67c6,1,2,0,X,In play- out(s),FS,14,2.0,3.29,1.56,80.9,74.2,31.89,-0.97,50.0,5.77,0.76,1.11,-7.33,6.3,6.21,-117.2,-5.72,-10.19,22.25,-23.42,20.4,7.2,24.0,1479,234,,,,,,,0,1,2,bottom
2017-09-08,492206,1,445060,R,475174,L,6,Flyout,10,1,170909_022333,e39c3b5e-cabc-4758-8806-ab7c96aa80c5,0,0,1,B,Ball,FT,14,2.0,3.48,1.56,89.6,81.6,55.07,-1.02,50.0,5.74,0.24,1.48,-9.62,10.02,6.42,-129.63,-7.92,-16.33,27.65,-15.16,42.0,4.8,24.0,2155,226,,,,,,,0,1,2,bottom
2017-09-08,492206,1,445060,R,475174,L,6,Flyout,10,2,170909_022348,31ba5d3d-320a-4291-bc5f-02b42837479a,1,0,1,B,Ball,FS,13,2.0,3.44,1.52,80.0,73.5,19.09,-1.12,50.0,5.73,-0.32,0.44,-8.06,5.14,4.23,-115.99,-6.59,-10.96,22.14,-25.18,21.6,8.4,24.0,1460,245,,,,,,,0,1,2,bottom
2017-09-08,492206,1,445060,R,475174,L,6,Flyout,10,3,170909_022404,d80a3931-176d-4ba1-ae21-32dfa6f60c6a,2,1,1,C,Called Strike,FF,9,2.0,3.48,1.6,90.9,82.7,41.65,-0.89,50.0,5.87,0.34,1.87,-5.53,11.37,5.06,-131.62,-8.03,-9.68,28.6,-12.28,31.2,3.6,24.0,2214,207,,,,,,,0,1,2,bottom
2017-09-08,492206,1,445060,R,475174,L,6,Flyout,10,4,170909_022423,106e4443-939e-4d8b-ae31-50bb17ca525f,2,1,1,B,Ball,FF,14,2.0,3.48,1.52,91.8,83.6,29.29,-0.57,50.0,5.84,1.9,1.94,-4.99,12.38,8.18,-132.8,-8.32,-8.92,28.52,-10.08,31.2,3.6,24.0,2166,200,,,,,,,0,1,2,bottom
2017-09-08,492206,1,445060,R,475174,L,6,Flyout,10,5,170909_022442,00bde83a-27a7-4f70-8356-4ac0f47ab305,3,1,1,S,Swinging Strike,FT,14,2.0,3.45,1.56,91.2,83.2,63.61,-0.74,50.0,5.81,0.73,1.76,-9.27,8.68,6.97,-132.02,-7.32,-16.36,28.23,-16.87,39.6,6.0,24.0,2089,230,,,,,,,0,1,2,bottom
2017-09-08,492206,1,445060,R,475174,L,6,Flyout,10,6,170909_022508,f81532f4-13eb-4bc9-93c5-6c66eb1a046a,3,2,1,F,Foul,FT,9,2.0,3.45,1.58,91.7,83.8,55.33,-0.87,50.0,5.68,0.62,2.14,-10.08,6.36,7.34,-132.91,-5.32,-18.06,28.17,-20.78,37.2,6.0,24.0,1970,241,,,,,,,0,1,2,bottom
2017-09-08,492206,1,445060,R,475174,L,6,Flyout,10,7,170909_022532,bd0240fa-1bd4-4748-b62e-9ed836a79960,3,2,1,F,Foul,FF,6,2.0,3.45,1.54,91.7,83.8,34.94,-0.87,50.0,5.92,0.25,2.78,-6.31,9.66,5.09,-133.13,-5.44,-11.34,28.06,-14.8,32.4,4.8,24.0,2101,214,,,,,,,0,1,2,bottom
2017-09-08,492206,1,445060,R,475174,L,6,Flyout,10,8,170909_022608,0837d2d3-d798-4366-9bcc-83bee8d3f8c2,3,2,1,F,Foul,FT,11,2.0,3.39,1.54,89.0,81.5,25.78,-1.36,50.0,5.77,-1.35,2.49,-8.39,6.8,2.81,-129.25,-4.32,-14.22,26.48,-20.64,32.4,6.0,24.0,1830,235,,,,,,,0,1,2,bottom
2017-09-08,492206,1,445060,R,475174,L,6,Flyout,10,9,170909_022635,02156171-daa9-431d-95b0-2e1ca8a95c34,3,2,1,F,Foul,FT,1,2.0,3.41,1.64,90.5,82.6,56.9,-1.03,50.0,5.78,-0.63,2.93,-10.06,5.55,4.43,-131.36,-3.06,-17.56,27.93,-22.48,36.0,7.2,24.0,1826,244,,,,,,,0,1,2,bottom
2017-09-08,492206,1,445060,R,475174,L,6,Flyout,10,10,170909_022704,83ebaad1-9b33-4923-901e-5ebff35c8b1b,3,2,1,X,In play- out(s),SL,1,2.0,3.33,1.48,79.1,72.8,48.29,-1.35,50.0,5.87,-0.68,2.83,2.13,1.16,0.89,-114.93,-0.17,2.85,20.55,-30.61,6.0,9.6,24.0,,98,,,,,,,0,1,2,bottom
2017-09-08,492206,1,445060,R,429664,L,7,Groundout,6,1,170909_022749,65d69665-c1fa-4df6-afa6-a365d511d500,0,0,2,S,Swinging Strike,FS,14,2.0,3.67,1.72,80.8,74.2,100.0,-0.89,50.0,5.83,0.75,1.69,-8.26,2.73,6.28,-117.14,-3.44,-11.5,21.89,-28.38,19.2,8.4,24.0,1452,259,,,,,,,0,1,2,bottom
2017-09-08,492206,1,445060,R,429664,L,7,Groundout,6,2,170909_022822,af33d9d7-6d14-415c-b49b-2f6dc6a42184,0,1,2,B,Ball,FF,11,2.0,3.89,1.88,91.6,83.8,58.06,-1.08,50.0,6.06,-0.83,3.56,-6.86,8.97,3.0,-133.18,-3.53,-12.36,27.9,-16.02,34.8,4.8,24.0,2109,219,,,,,,,0,1,2,bottom
2017-09-08,492206,1,445060,R,429664,L,7,Groundout,6,3,170909_022844,ec90d9f2-69f7-4e35-8543-b6d513fafe48,1,2,2,F,Foul,KC,13,2.0,3.79,1.8,74.9,68.7,27.62,-1.14,50.0,6.11,-0.04,1.22,7.04,-5.84,0.4,-108.75,-1.29,8.32,21.38,-39.08,12.0,13.2,24.0,2532,45,,,,,,,0,1,2,bottom
2017-09-08,492206,1,445060,R,429664,L,7,Groundout,6,4,170909_022933,d0ddc103-6803-4ef3-8395-264d9ff4c441,1,2,2,F,Foul,FS,13,2.0,3.77,1.76,81.0,74.5,45.95,-0.94,50.0,5.85,-0.53,1.51,-7.92,6.0,3.34,-117.51,-4.96,-11.11,21.49,-23.76,22.8,7.2,24.0,1460,238,,,,,,,0,1,2,bottom
2017-09-08,492206,1,445060,R,429664,L,7,Groundout,6,5,170909_023000,89135140-8bf4-43e3-bd67-d85cbf2aaec1,1,2,2,B,Ball,FF,12,2.0,3.81,1.9,90.9,82.9,37.79,-0.61,50.0,6.16,1.56,3.99,-4.31,10.37,7.11,-131.84,-2.98,-7.6,27.65,-13.9,22.8,3.6,24.0,2103,200,,,,,,,0,1,2,bottom
2017-09-08,492206,1,445060,R,429664,L,7,Groundout,6,6,170909_023026,b57a4a84-6480-40bb-9b68-a12377a74a04,2,2,2,X,In play- out(s),FT,14,2.0,3.89,2.02,93.0,84.7,60.35,-0.59,50.0,5.95,0.98,2.64,-9.09,8.62,7.31,-134.85,-5.73,-16.71,29.87,-16.33,40.8,4.8,24.0,2063,228,,,,,,,0,1,2,bottom
2017-09-08,492206,2,445060,R,443558,R,11,Single,5,1,170909_023928,f14001ff-f9c6-4440-b17c-11ce5c3cbd7c,0,1,0,C,Called Strike,FF,9,2.0,3.71,1.74,91.2,83.1,70.72,-0.73,50.0,5.98,0.6,1.89,-5.34,12.51,5.28,-132.01,-8.7,-9.42,28.12,-10.1,34.8,3.6,24.0,2068,203,,,,443558,,,0,0,2,bottom
2017-09-08,492206,2,445060,R,443558,R,11,Single,5,2,170909_023940,790f9591-ae8b-4818-8c75-e6c838f6c8ff,0,2,0,C,Called Strike,FT,12,2.0,3.66,1.79,91.8,83.6,62.75,-0.5,50.0,6.01,1.18,3.24,-9.56,8.77,7.69,-132.99,-4.15,-17.12,28.49,-16.46,42.0,4.8,24.0,2025,228,,,,443558,,,0,0,2,bottom
2017-09-08,492206,2,445060,R,443558,R,11,Single,5,3,170909_024003,8d49a499-777f-494b-ac71-92218a112875,0,2,0,B,Ball,FF,12,2.0,3.74,1.83,92.4,84.2,34.98,-0.45,50.0,5.95,1.83,3.54,-6.41,10.88,8.22,-133.96,-4.02,-11.66,28.59,-12.37,37.2,3.6,24.0,2239,209,,,,443558,,,0,0,2,bottom
2017-09-08,492206,2,445060,R,443558,R,11,Single,5,4,170909_024018,42ef11ed-d5b9-4cb6-9d1b-a85d932eebe7,1,2,0,B,Ball,FT,14,2.0,3.66,1.77,90.2,83.0,26.94,-0.98,50.0,5.68,0.05,1.07,-8.2,6.87,5.43,-130.73,-8.01,-14.29,25.79,-20.2,31.2,6.0,24.0,1963,235,,,,443558,,,0,0,2,bottom
2017-09-08,492206,2,445060,R,443558,R,11,Single,5,5,170909_024051,e207da3c-8830-41d1-8b30-2fec2bac3d99,2,2,0,D,In play- no out,KC,2,2.0,3.63,1.69,74.7,67.9,34.81,-1.09,50.0,6.25,-0.04,3.07,9.58,-6.71,-0.39,-108.31,2.67,11.21,21.62,-40.02,15.6,14.4,24.0,2540,52,,,,443558,,,0,0,2,bottom
2017-09-08,492206,2,445060,R,572122,L,12,Pop Out,4,1,170909_024146,b99c329d-cf0e-497e-a61b-a425edbadae4,0,0,0,B,Ball,FT,11,2.0,3.42,1.53,88.9,81.3,43.33,-1.07,50.0,5.96,-1.34,3.32,-9.23,5.01,2.38,-129.07,-2.08,-15.57,26.7,-23.72,32.4,7.2,24.0,1877,245,443558,,,443558,,,0,1,2,bottom
2017-09-08,492206,2,445060,R,572122,L,12,Pop Out,4,2,170909_024210,712566a1-a34a-43b2-97f7-f8c7fc6c3980,1,0,0,B,Ball,FF,12,2.0,3.4,1.51,91.1,81.9,37.29,-0.6,50.0,5.97,1.51,3.33,-4.06,14.74,6.82,-131.78,-5.57,-7.05,31.05,-6.56,34.8,2.4,24.0,2218,193,443558,,,443558,,,0,1,2,bottom
2017-09-08,492206,2,445060,R,572122,L,12,Pop Out,4,3,170909_024239,f991bf11-6203-42e4-8bb8-bc46709f178e,2,1,0,F,Foul,FT,1,2.0,3.44,1.53,91.0,83.0,50.29,-0.97,50.0,5.82,-0.51,2.92,-9.3,6.45,4.36,-132.16,-3.58,-16.42,28.81,-20.79,36.0,6.0,24.0,2099,238,443558,,,443558,,,0,1,2,bottom
2017-09-08,492206,2,445060,R,572122,L,12,Pop Out,4,4,170909_024306,e087a697-5be6-4de6-bc13-0dbd70e914b0,2,1,0,X,In play- out(s),FF,3,2.0,3.42,1.59,92.1,83.2,44.9,-0.72,50.0,5.93,0.4,3.03,-3.74,13.06,4.22,-133.47,-5.94,-6.69,30.99,-8.81,28.8,2.4,24.0,2099,195,443558,,,443558,,,0,1,2,bottom
2017-09-08,492206,2,445060,R,571745,R,13,Strikeout,5,1,170909_024351,368f7e47-625e-40a4-b179-37aaa533cf4e,0,0,1,B,Ball,SL,14,2.0,3.34,1.58,83.5,75.9,56.79,-1.0,50.0,5.72,1.43,1.81,0.6,0.46,5.6,-120.94,-2.65,0.88,25.95,-31.5,3.6,8.4,24.0,2268,59,443558,,,443558,,,0,1,2,bottom
2017-09-08,492206,2,445060,R,571745,R,13,Strikeout,5,2,170909_024409,316c54c0-7795-44f5-8cd2-93fa67b9f816,1,0,1,B,Ball,SL,14,2.0,3.34,1.54,84.3,77.7,31.87,-0.93,50.0,5.63,1.33,1.25,2.69,3.19,4.62,-122.31,-4.93,4.08,23.43,-27.33,9.6,7.2,24.0,2241,119,443558,,,443558,,,0,1,2,bottom
2017-09-08,492206,2,445060,R,571745,R,13,Strikeout,5,3,170909_024429,5949d70b-9ceb-4c03-877b-9314b5a1e24d,2,1,1,C,Called Strike,FT,7,2.0,3.31,1.44,91.3,83.3,47.03,-0.78,50.0,5.62,-0.5,2.0,-9.39,5.96,3.93,-132.44,-5.34,-16.63,28.96,-21.62,34.8,6.0,24.0,1971,242,443558,,,443558,,,0,1,2,bottom
2017-09-08,492206,2,445060,R,571745,R,13,Strikeout,5,4,170909_024455,b4b06b7a-f587-41fe-8c7d-462d371f669b,2,2,1,C,Called Strike,FF,9,2.0,3.33,1.54,93.0,84.3,58.12,-0.42,50.0,5.77,0.65,1.67,-6.28,11.0,4.99,-134.7,-8.57,-11.45,31.29,-12.12,36.0,3.6,24.0,2199,211,443558,,,443558,,,0,1,2,bottom
2017-09-08,492206,2,445060,R,571745,R,13,Strikeout,5,5,170909_024520,73277f0a-f994-48c2-aff2-9c82a242c091,2,3,1,C,Called Strike,FF,12,2.0,3.27,1.49,93.2,84.8,48.68,-0.67,50.0,5.79,1.05,2.39,-4.83,10.0,6.24,-135.09,-6.47,-8.91,30.09,-13.74,26.4,3.6,24.0,2130,205,443558,,,443558,,,0,1,2,bottom
2017-09-08,492206,2,445060,R,572287,R,14,Single,3,1,170909_024553,7e087924-600f-442e-a56e-d6cba2735756,0,0,2,B,Ball,SL,14,2.0,3.42,1.62,85.1,78.1,73.98,-0.9,50.0,5.92,1.19,2.45,0.68,1.84,4.87,-123.46,-2.45,1.05,24.32,-29.32,3.6,8.4,24.0,,119,443558,,,572287,443558,,0,0,2,bottom
2017-09-08,492206,2,445060,R,572287,R,14,Single,3,2,170909_024613,d57c7164-a7ea-485e-8ae2-29c2cf7d4054,1,1,2,C,Called Strike,FT,12,2.0,3.55,1.74,92.2,83.9,49.42,-0.26,50.0,5.85,0.76,2.65,-9.92,6.5,6.09,-133.62,-4.54,-17.89,29.53,-20.46,37.2,6.0,24.0,2008,240,443558,,,572287,443558,,0,0,2,bottom
2017-09-08,492206,2,445060,R,572287,R,14,Single,3,3,170909_024639,6a20c964-bcba-4840-b93f-b38471b98b62,1,1,2,D,In play- no out,FS,4,2.0,3.53,1.71,81.6,74.9,18.7,-1.01,50.0,5.75,-0.25,2.51,-3.99,2.91,2.98,-118.45,-1.61,-5.68,22.01,-28.03,10.8,8.4,24.0,1364,242,443558,,,572287,443558,,0,0,2,bottom
2017-09-08,492206,2,445060,R,592325,L,15,Home Run,4,1,170909_024719,ae7e6dc9-808a-4d08-ad5a-45a8f72b2b65,0,0,2,S,Swinging Strike,FS,7,2.0,3.24,1.56,82.2,75.1,76.5,-1.02,50.0,5.78,-0.26,2.07,-7.93,3.86,4.22,-119.26,-3.06,-11.38,23.72,-26.64,21.6,8.4,24.0,1543,251,572287,443558,,,,,3,0,2,bottom
2017-09-08,492206,2,445060,R,592325,L,15,Home Run,4,2,170909_024739,edb1e3f9-ff4e-49dd-9e52-ea0296761a0c,0,2,2,C,Called Strike,FT,11,2.0,3.31,1.59,92.9,84.7,56.32,-0.87,50.0,5.74,-0.79,2.72,-10.02,7.07,3.67,-134.73,-4.44,-18.4,29.59,-19.19,40.8,6.0,24.0,1928,238,572287,443558,,,,,3,0,2,bottom
2017-09-08,492206,2,445060,R,592325,L,15,Home Run,4,3,170909_024813,e600f53c-98ce-4188-9599-2d25a81008d9,1,2,2,*B,Ball In Dirt,FS,14,2.0,3.31,1.57,82.6,75.3,23.91,-1.03,50.0,5.58,0.45,0.7,-8.19,7.99,5.99,-119.55,-7.13,-11.8,24.04,-20.67,26.4,7.2,24.0,1577,230,572287,443558,,,,,3,0,2,bottom
2017-09-08,492206,2,445060,R,592325,L,15,Home Run,4,4,170909_024847,c6a8c7c9-d19f-4b01-8d4b-661453743eea,1,2,2,E,In play- run(s),FS,14,2.0,3.28,1.56,82.6,76.0,25.0,-1.06,50.0,5.62,0.05,1.51,-7.35,2.65,4.91,-119.97,-3.76,-10.73,22.89,-28.3,19.2,8.4,24.0,1431,258,572287,443558,,,,,3,0,2,bottom
2017-09-08,492206,2,445060,R,628338,R,16,Bunt Groundout,3,1,170909_024932,6b26ccf7-782a-4132-8903-2ee4b14dc148,0,0,2,B,Ball,SL,11,2.0,3.37,1.64,81.8,74.6,78.47,-1.23,50.0,6.09,-0.43,3.7,4.11,0.97,0.63,-118.65,1.0,5.84,23.23,-30.79,10.8,8.4,24.0,,92,,,,,,,0,1,-1,bottom
2017-09-08,492206,2,445060,R,628338,R,16,Bunt Groundout,3,2,170909_024953,462561a0-b13f-436d-96f7-9256a72af832,1,1,2,F,Foul,SL,11,2.0,3.41,1.66,80.0,73.9,50.3,-1.09,50.0,6.09,-0.59,3.43,4.27,-0.54,-0.13,-116.33,1.03,5.9,20.37,-32.92,9.6,9.6,24.0,2452,74,,,,,,,0,1,-1,bottom
2017-09-08,492206,2,445060,R,628338,R,16,Bunt Groundout,3,3,170909_025006,5f323d5a-8e49-4fb2-bbc9-92b7dca63770,1,1,2,X,In play- out(s),SL,2,2.0,3.26,1.56,80.7,73.9,22.21,-0.95,50.0,6.05,0.02,2.88,2.56,1.27,1.46,-117.12,-0.75,3.55,22.36,-30.41,7.2,8.4,24.0,2217,97,,,,,,,0,1,-1,bottom
2017-09-08,492206,3,445060,R,516416,R,20,Flyout,6,1,170909_025928,f66375db-a5ed-4a6c-a6cc-81989c724b00,0,1,0,F,Foul,SL,6,2.0,3.36,1.6,81.2,74.6,59.13,-1.13,50.0,5.99,0.35,2.61,1.83,-0.41,2.89,-117.8,-0.82,2.58,22.06,-32.76,4.8,9.6,24.0,2408,58,,,,,,,0,1,-1,bottom
2017-09-08,492206,3,445060,R,516416,R,20,Flyout,6,2,170909_025942,03066ca2-bc07-4c2a-8ff7-7f29cef38ccb,0,1,0,B,Ball,FF,12,2.0,3.41,1.68,89.8,82.1,18.89,-0.58,50.0,6.01,1.34,2.62,-8.21,10.04,7.7,-130.05,-5.82,-14.1,26.45,-14.92,38.4,4.8,24.0,2231,220,,,,,,,0,1,-1,bottom
2017-09-08,492206,3,445060,R,516416,R,20,Flyout,6,3,170909_025955,651e42e7-5a33-4231-b188-cc785b6544d2,1,1,0,B,Ball,FF,12,2.0,3.47,1.7,90.6,82.9,67.7,-0.76,50.0,6.01,1.11,3.69,-4.12,11.27,6.26,-131.35,-3.65,-7.23,26.41,-12.38,24.0,3.6,24.0,2208,198,,,,,,,0,1,-1,bottom
2017-09-08,492206,3,445060,R,516416,R,20,Flyout,6,4,170909_030009,312ed1e8-ed4a-4edb-8b25-e41b11736dd8,2,2,0,F,Foul,FF,6,2.0,3.42,1.7,91.0,83.3,39.37,-0.53,50.0,5.95,0.43,2.81,-6.08,11.45,4.59,-132.13,-5.94,-10.8,27.06,-11.85,37.2,3.6,24.0,2372,208,,,,,,,0,1,-1,bottom
2017-09-08,492206,3,445060,R,516416,R,20,Flyout,6,5,170909_030031,113da8f8-b2ee-4862-af22-ada390e94e21,2,2,0,F,Foul,FF,5,2.0,3.31,1.54,90.2,82.5,24.19,-0.79,50.0,5.92,-0.0,2.66,-3.84,11.93,3.32,-130.93,-6.22,-6.68,26.8,-11.4,25.2,3.6,24.0,2209,198,,,,,,,0,1,-1,bottom
2017-09-08,492206,3,445060,R,516416,R,20,Flyout,6,6,170909_030106,58eaf673-a1f4-46ff-ae82-de9934d5cae5,2,2,0,X,In play- out(s),KC,5,2.0,3.25,1.52,74.2,67.9,29.5,-0.91,50.0,6.19,-0.01,2.53,9.12,-4.98,-0.6,-107.78,1.21,10.61,20.69,-37.97,15.6,13.2,24.0,2615,57,,,,,,,0,1,-1,bottom
2017-09-08,492206,3,445060,R,475174,L,21,Flyout,2,1,170909_030138,e75596ff-58a0-479b-8306-9552071bdbfa,0,1,1,F,Foul,KC,9,2.0,3.43,1.54,72.9,66.6,70.83,-0.99,50.0,6.21,0.48,2.06,7.16,-5.97,1.11,-105.68,0.75,7.98,20.47,-38.83,12.0,14.4,24.0,2473,46,,,,,,,0,1,-1,bottom
2017-09-08,492206,3,445060,R,475174,L,21,Flyout,2,2,170909_030205,e870b776-3055-45e5-8fc2-35fe9aae101f,0,1,1,X,In play- out(s),FS,11,2.0,3.45,1.54,80.0,73.7,40.04,-1.03,50.0,5.94,-0.9,2.61,-6.09,4.99,2.12,-116.21,-2.16,-8.38,20.64,-25.31,16.8,8.4,24.0,1319,236,,,,,,,0,1,-1,bottom
2017-09-08,492206,3,445060,R,429664,L,22,Double,6,1,170909_030235,f4b963d4-0d10-4da3-aa6c-ba88dc455c00,0,0,2,B,Ball,KC,11,2.0,3.77,1.78,74.3,68.1,79.73,-1.25,50.0,6.24,-1.28,3.07,8.63,-5.12,-2.45,-107.87,2.26,10.11,19.77,-38.17,14.4,13.2,24.0,2534,54,,,,,429664,,0,0,-1,bottom
2017-09-08,492206,3,445060,R,429664,L,22,Double,6,2,170909_030302,47f07ef1-3c1b-4804-a13f-bf08419c79a1,1,1,2,C,Called Strike,FF,5,2.0,3.77,1.82,91.5,83.6,25.89,-0.74,50.0,5.83,-0.06,2.49,-5.1,11.21,3.51,-132.73,-6.47,-9.12,27.85,-12.14,32.4,3.6,24.0,2090,205,,,,,429664,,0,0,-1,bottom
2017-09-08,492206,3,445060,R,429664,L,22,Double,6,3,170909_030323,e7d1f58a-b91d-4506-92f9-58c795799022,1,1,2,S,Swinging Strike,FT,4,2.0,3.83,1.88,92.1,84.2,45.72,-0.53,50.0,5.89,-0.53,2.98,-8.8,7.41,3.02,-133.77,-4.14,-15.98,28.43,-18.73,38.4,6.0,24.0,2068,233,,,,,429664,,0,0,-1,bottom
2017-09-08,492206,3,445060,R,429664,L,22,Double,6,4,170909_030352,b4842993-d899-4aec-940a-6ea353a633f9,1,2,2,F,Foul,FF,2,2.0,3.87,1.84,93.4,85.2,31.79,-0.67,50.0,5.86,0.09,3.28,-2.73,12.09,2.98,-135.66,-5.1,-5.09,29.46,-9.63,22.8,2.4,24.0,2204,192,,,,,429664,,0,0,-1,bottom
2017-09-08,492206,3,445060,R,429664,L,22,Double,6,5,170909_030414,32bb07d6-06fc-47aa-8ca6-805ec347e343,1,2,2,B,Ball,KC,11,2.0,3.73,1.74,74.0,67.4,54.35,-1.06,50.0,6.19,-1.27,2.76,10.34,-5.65,-3.27,-107.39,1.94,11.92,20.83,-38.69,16.8,14.4,24.0,2495,56,,,,,429664,,0,0,-1,bottom
2017-09-08,492206,3,445060,R,429664,L,22,Double,6,6,170909_030448,f5556af8-35f7-4401-abf3-1295a9820890,2,2,2,D,In play- no out,SL,14,2.0,3.81,1.82,83.0,76.8,49.43,-0.98,50.0,5.86,0.92,2.44,3.09,0.28,3.57,-120.61,-1.53,4.59,21.73,-31.77,9.6,8.4,24.0,2455,80,,,,,429664,,0,0,-1,bottom
2017-09-08,492206,3,445060,R,443558,R,23,Walk,6,1,170909_030540,d5857e63-b9ab-4f6e-8faa-21e1fc0e19bc,1,0,2,*B,Ball In Dirt,SL,14,2.0,3.68,1.79,84.7,78.3,55.37,-0.79,50.0,5.62,2.05,0.77,1.9,2.96,6.31,-122.84,-6.11,2.91,23.16,-27.63,8.4,7.2,24.0,2339,118,,429664,,443558,,429664,0,0,-1,bottom
2017-09-08,492206,3,445060,R,443558,R,23,Walk,6,2,170909_030607,6f6c9db5-6f7e-4594-a960-1d14ca0cf47e,1,0,2,S,Swinging Strike,SL,14,2.0,3.71,1.85,82.8,76.7,35.41,-1.03,50.0,5.71,0.12,1.73,0.65,0.38,2.54,-120.29,-2.86,0.96,21.39,-31.61,2.4,8.4,24.0,,52,,429664,,443558,,429664,0,0,-1,bottom
2017-09-08,492206,3,445060,R,443558,R,23,Walk,6,3,170909_030628,98d675f6-26ff-40d1-a7ec-fecacd44fba1,1,1,2,B,Ball,FF,12,2.0,3.7,1.79,93.3,84.9,22.49,-0.45,50.0,5.92,1.67,4.18,-5.45,11.08,7.55,-135.36,-2.48,-10.11,29.74,-11.63,34.8,3.6,24.0,2287,204,,429664,,443558,,429664,0,0,-1,bottom
2017-09-08,492206,3,445060,R,443558,R,23,Walk,6,4,170909_030652,d7559413-ee44-40e7-b2f7-41ea65241489,2,1,2,B,Ball,FT,14,2.0,3.76,1.85,93.1,84.9,33.95,-0.56,50.0,5.73,1.84,2.32,-9.95,8.94,9.83,-134.77,-6.14,-18.33,28.85,-15.7,43.2,4.8,24.0,2118,229,,429664,,443558,,429664,0,0,-1,bottom
2017-09-08,492206,3,445060,R,443558,R,23,Walk,6,5,170909_030735,7595eceb-db33-426f-8aee-6f23950ae7a6,3,2,2,W,Swinging Strike (Blocked),SL,14,2.0,3.69,1.83,83.2,76.7,22.36,-0.87,50.0,5.62,1.38,0.93,0.78,3.27,5.12,-120.67,-5.45,1.15,22.74,-27.33,3.6,7.2,24.0,2292,141,,429664,,443558,,429664,0,0,-1,bottom
2017-09-08,492206,3,445060,R,443558,R,23,Walk,6,6,170909_030820,c16df28f-b717-4eae-88ba-5a4e8c3233cc,3,2,2,B,Ball,FT,14,2.0,3.74,1.87,93.0,84.8,69.23,-0.84,50.0,5.48,0.93,1.9,-8.84,7.6,7.78,-134.76,-6.12,-16.25,29.41,-18.2,37.2,4.8,24.0,1983,231,,429664,,443558,,429664,0,0,-1,bottom
2017-09-08,492206,3,445060,R,572122,L,24,Walk,4,1,170909_030949,481f3ed8-9453-4d45-841a-0da8098467d0,0,0,2,B,Ball,SL,8,2.0,3.29,1.54,80.4,73.9,61.17,-1.2,50.0,5.68,-0.02,1.59,1.65,0.7,2.23,-116.75,-2.66,2.28,22.07,-31.2,4.8,9.6,24.0,,75,443558,,429664,572122,443558,429664,0,0,-1,bottom
2017-09-08,492206,3,445060,R,572122,L,24,Walk,4,2,170909_031013,6b736595-3028-45fe-a3b7-71a761b80d27,1,0,2,B,Ball,SL,14,2.0,3.3,1.44,82.4,75.2,50.34,-1.03,50.0,5.57,0.77,1.75,3.17,2.1,3.28,-119.46,-2.78,4.56,24.38,-29.16,9.6,8.4,24.0,,102,443558,,429664,572122,443558,429664,0,0,-1,bottom
2017-09-08,492206,3,445060,R,572122,L,24,Walk,4,3,170909_031034,7e339cbb-8b07-4a3b-9a2a-2c1beda74d73,2,0,2,B,Ball,FT,13,2.0,3.34,1.43,90.6,82.9,34.48,-1.77,50.0,5.23,-1.63,1.74,-12.0,4.7,4.4,-131.56,-4.42,-21.0,28.21,-23.95,38.4,7.2,24.0,1875,253,443558,,429664,572122,443558,429664,0,0,-1,bottom
2017-09-08,492206,3,445060,R,572122,L,24,Walk,4,4,170909_031059,2132db79-5850-4a00-b064-43518f6076ac,3,0,2,B,Ball,FF,13,2.0,3.4,1.47,92.1,84.3,44.85,-0.69,50.0,5.74,-0.18,1.45,-5.48,9.57,3.24,-133.52,-8.52,-9.9,28.19,-14.85,28.8,4.8,24.0,2102,212,443558,,429664,572122,443558,429664,0,0,-1,bottom
2017-09-08,492206,3,445060,R,571745,R,25,Single,2,1,170909_031216,0ae241ec-1369-475d-b792-1223744cf0b4,0,0,2,B,Ball,SL,14,2.0,3.26,1.56,83.9,77.0,75.22,-1.14,50.0,5.72,0.38,1.51,0.83,1.95,3.4,-121.74,-4.04,1.24,24.1,-29.25,3.6,8.4,24.0,2367,115,572122,443558,429664,571745,572122,443558,1,0,-1,bottom
2017-09-08,492206,3,445060,R,571745,R,25,Single,2,2,170909_031238,2bb8154c-69ff-4c35-a7bb-bbfe69e21189,1,0,2,E,In play- run(s),FT,8,2.0,3.42,1.62,92.9,85.0,40.94,-0.69,50.0,5.66,0.23,1.99,-8.86,7.94,5.53,-134.86,-6.49,-16.34,28.92,-17.53,38.4,4.8,24.0,2089,231,572122,443558,429664,571745,572122,443558,1,0,-1,bottom
2017-09-08,492206,3,445060,R,572287,R,26,Strikeout,6,1,170909_031332,a42c83e6-d014-4501-81dc-a7a59ad33c70,0,0,2,S,Swinging Strike,SL,14,2.0,3.55,1.83,83.6,76.5,61.03,-0.83,50.0,5.65,1.85,1.85,1.58,1.39,5.91,-121.15,-2.78,2.34,24.55,-30.11,6.0,8.4,24.0,2365,93,571745,572122,443558,,,,0,1,-2,bottom
2017-09-08,492206,3,445060,R,572287,R,26,Strikeout,6,2,170909_031359,a9c2d13f-2c5f-455e-a679-89de79d067fc,0,2,2,W,Swinging Strike (Blocked),SL,14,2.0,3.51,1.71,82.1,75.8,16.39,-0.98,50.0,5.5,1.98,0.77,0.49,1.65,6.81,-119.07,-4.8,0.7,22.53,-29.8,3.6,8.4,24.0,2448,99,571745,572122,443558,,,,0,1,-2,bottom
2017-09-08,492206,3,445060,R,572287,R,26,Strikeout,6,3,170909_031427,a29e9934-8912-4cf8-b807-32e6ccee80d8,0,2,2,B,Ball,FT,14,2.0,3.58,1.78,93.6,85.5,25.63,-0.39,50.0,5.78,1.56,2.55,-10.0,8.55,8.72,-135.72,-5.66,-18.69,28.98,-16.19,44.4,4.8,24.0,2057,231,571745,572122,443558,,,,0,1,-2,bottom
2017-09-08,492206,3,445060,R,572287,R,26,Strikeout,6,4,170909_031448,81e2f9be-90b9-442e-bf60-140ae7acfb53,1,2,2,F,Foul,SL,14,2.0,3.53,1.79,80.8,74.6,46.22,-1.07,50.0,5.64,1.02,0.94,1.15,1.69,4.51,-117.26,-4.44,1.6,21.71,-29.81,4.8,8.4,24.0,2353,100,571745,572122,443558,,,,0,1,-2,bottom
2017-09-08,492206,3,445060,R,572287,R,26,Strikeout,6,5,170909_031530,9f492547-d6d9-4c4b-a549-cfbcaccd40d2,1,2,2,B,Ball,FF,12,2.0,3.56,1.74,92.9,84.5,45.0,-0.32,50.0,6.06,1.26,4.51,-3.99,10.75,5.59,-134.93,-1.81,-7.34,29.72,-12.38,25.2,3.6,24.0,2098,198,571745,572122,443558,,,,0,1,-2,bottom
2017-09-08,492206,3,445060,R,572287,R,26,Strikeout,6,6,170909_031558,392e6ee7-72fb-4c2b-a7f2-e2ca9757d57d,2,2,2,S,Swinging Strike,FT,3,2.0,3.55,1.77,93.3,85.1,60.42,-0.52,50.0,5.84,0.57,3.49,-9.14,8.22,6.07,-135.46,-3.13,-17.0,29.35,-16.88,42.0,4.8,24.0,1991,229,571745,572122,443558,,,,0,1,-2,bottom
2017-09-08,492206,4,445060,R,592325,L,30,Groundout,3,1,170909_032437,0efe0c94-cba2-4459-95af-a056c8e969d6,0,0,0,B,Ball,FT,11,2.0,3.23,1.53,89.4,82.1,71.8,-1.04,50.0,5.84,-0.97,3.1,-9.76,6.83,3.45,-129.89,-3.06,-16.78,25.71,-20.44,37.2,6.0,24.0,1947,238,,,,,,,0,1,-2,bottom
2017-09-08,492206,4,445060,R,592325,L,30,Groundout,3,2,170909_032450,74f0668c-2538-4e19-8e7b-6f29054ef8c1,1,0,0,B,Ball,FS,14,2.0,3.29,1.55,80.1,73.8,56.15,-0.99,50.0,5.68,0.97,1.13,-7.21,8.39,6.66,-116.06,-5.96,-9.89,20.53,-20.66,21.6,7.2,24.0,1451,223,,,,,,,0,1,-2,bottom
2017-09-08,492206,4,445060,R,592325,L,30,Groundout,3,3,170909_032510,570edeeb-9f13-43c3-af60-528c188e0994,2,0,0,X,In play- out(s),FT,9,2.0,3.26,1.58,89.4,82.3,49.1,-0.79,50.0,5.78,0.41,1.87,-9.51,6.93,6.27,-129.7,-6.08,-16.34,25.04,-20.26,34.8,6.0,24.0,1861,237,,,,,,,0,1,-2,bottom
2017-09-08,492206,4,445060,R,628338,R,31,Groundout,7,1,170909_032543,0a71c3d6-e01a-4056-9477-a5c797025844,0,1,1,C,Called Strike,SL,14,2.0,3.42,1.67,82.8,76.5,83.9,-0.97,50.0,5.89,0.94,2.04,1.58,1.91,4.06,-120.3,-3.0,2.33,22.17,-29.36,6.0,8.4,24.0,2386,109,,,,,,,0,1,-2,bottom
2017-09-08,492206,4,445060,R,628338,R,31,Groundout,7,2,170909_032601,5461e89b-9e74-4c22-8254-225817750f96,0,2,1,F,Foul,KC,7,2.0,3.35,1.58,74.6,68.1,42.73,-1.03,50.0,6.2,-0.27,2.08,7.81,-7.85,-0.53,-108.24,0.99,9.12,21.65,-41.34,12.0,14.4,24.0,2699,41,,,,,,,0,1,-2,bottom
2017-09-08,492206,4,445060,R,628338,R,31,Groundout,7,3,170909_032624,548fe384-37b3-4cfd-a1a1-ce4bc463f7cb,0,2,1,B,Ball,SL,14,2.0,3.41,1.68,82.6,76.5,17.09,-0.81,50.0,5.68,1.91,1.02,1.22,0.7,6.06,-119.88,-4.47,1.78,22.16,-31.15,4.8,8.4,24.0,2455,72,,,,,,,0,1,-2,bottom
2017-09-08,492206,4,445060,R,628338,R,31,Groundout,7,4,170909_032644,108d3c42-2ff3-4498-b67e-3b6c32c812c9,1,2,1,B,Ball,FF,12,2.0,3.37,1.64,92.3,84.3,45.39,-0.57,50.0,6.03,1.2,4.15,-4.5,12.31,6.25,-134.07,-3.15,-8.21,28.41,-9.71,33.6,2.4,24.0,2078,198,,,,,,,0,1,-2,bottom
2017-09-08,492206,4,445060,R,628338,R,31,Groundout,7,5,170909_032701,80178e9a-5f30-48b1-b15a-9f782fa95518,2,2,1,B,Ball,SL,12,2.0,3.28,1.7,82.4,75.8,13.94,-0.75,50.0,5.84,1.45,2.56,1.66,0.16,4.68,-119.57,-1.01,2.41,22.54,-31.93,6.0,9.6,24.0,,70,,,,,,,0,1,-2,bottom
2017-09-08,492206,4,445060,R,628338,R,31,Groundout,7,6,170909_032729,03cf0721-ad4d-41ea-8a27-60b6d3b973c7,3,2,1,F,Foul,FF,2,2.0,3.37,1.68,92.2,84.6,38.94,-0.7,50.0,5.87,0.17,3.32,-3.77,8.74,3.6,-133.91,-3.69,-6.9,26.95,-16.19,20.4,3.6,24.0,2072,203,,,,,,,0,1,-2,bottom
2017-09-08,492206,4,445060,R,628338,R,31,Groundout,7,7,170909_032754,67100739-a0f6-4bc7-9280-8c34022caa09,3,2,1,X,In play- out(s),FT,11,2.0,3.39,1.62,93.3,85.2,64.25,-0.67,50.0,5.77,-0.59,3.49,-8.03,8.33,3.02,-135.54,-2.98,-14.96,29.29,-16.66,39.6,4.8,24.0,2017,226,,,,,,,0,1,-2,bottom
2017-09-08,492206,4,445060,R,516416,R,32,Double,4,1,170909_032822,bf3b30bb-91b2-4da8-91a3-0b56b139a2ee,0,0,2,B,Ball,FF,11,2.0,3.43,1.64,91.4,83.4,44.23,-0.78,50.0,6.1,-1.51,5.04,-4.22,9.55,-0.46,-132.74,0.08,-7.55,27.78,-15.09,26.4,3.6,24.0,2077,205,,,,,516416,,0,0,-2,bottom
2017-09-08,492206,4,445060,R,516416,R,32,Double,4,2,170909_032846,e0bc484d-1a19-40a0-a0df-ffb2924115e8,1,0,2,B,Ball,FF,12,2.0,3.43,1.64,92.2,84.1,38.86,-0.5,50.0,5.95,1.35,3.69,-3.87,12.15,6.22,-133.77,-4.07,-7.03,28.22,-10.11,27.6,2.4,24.0,2066,196,,,,,516416,,0,0,-2,bottom
2017-09-08,492206,4,445060,R,516416,R,32,Double,4,3,170909_032912,12406935-ad2f-43cc-b324-c8266fff6195,2,1,2,F,Foul,FT,5,2.0,3.44,1.68,92.1,84.4,33.46,-0.58,50.0,5.62,0.14,2.75,-8.39,6.71,4.79,-133.74,-3.82,-15.26,27.61,-19.96,34.8,6.0,24.0,1949,234,,,,,516416,,0,0,-2,bottom
2017-09-08,492206,4,445060,R,516416,R,32,Double,4,4,170909_032938,2b7ab38b-7d88-43eb-8c9a-51021ad46179,2,1,2,D,In play- no out,SL,4,2.0,3.42,1.64,81.6,74.6,32.81,-1.16,50.0,5.7,-0.3,2.23,-0.29,1.07,2.1,-118.4,-1.52,-0.42,23.45,-30.66,0.0,8.4,24.0,,180,,,,,516416,,0,0,-2,bottom
2017-09-14,492289,1,445060,R,543807,R,0,Pop Out,7,1,170915_020909,7fd6a8fa-71ae-45aa-90c4-a3a051b94eda,0,0,0,B,Ball,FF,14,2.0,3.73,1.77,88.6,81.2,82.46,-0.48,50.0,6.09,1.12,1.7,-7.02,10.65,6.39,-128.21,-8.32,-11.74,25.22,-14.35,33.6,4.8,24.0,2145,215,,,,,,,0,1,0,top
2017-09-14,492289,1,445060,R,543807,R,0,Pop Out,7,2,170915_020926,5aa3c194-deab-4dd3-b039-4ec8dc5e58a2,1,0,0,S,Swinging Strike,FF,12,2.0,3.52,1.47,89.9,82.0,57.05,-0.59,50.0,6.22,0.92,2.96,-6.14,10.14,5.93,-130.18,-5.53,-10.55,27.02,-14.75,30.0,4.8,24.0,2117,211,,,,,,,0,1,0,top
2017-09-14,492289,1,445060,R,543807,R,0,Pop Out,7,3,170915_020948,9e468206-3f77-47a2-8514-a901fe18b04b,1,2,0,F,Foul,FF,12,2.0,3.52,1.47,90.1,82.8,55.95,-0.5,50.0,6.21,1.08,2.95,-7.19,8.53,6.51,-130.75,-5.1,-12.54,25.54,-17.29,31.2,4.8,24.0,2009,221,,,,,,,0,1,0,top
2017-09-14,492289,1,445060,R,543807,R,0,Pop Out,7,4,170915_021013,178d16ce-1140-4da0-ab6c-750b827f1a74,1,2,0,B,Ball,FF,12,2.0,3.54,1.63,91.0,83.3,27.0,-0.42,50.0,6.22,1.67,3.01,-3.85,9.6,6.74,-131.84,-5.47,-6.81,26.6,-15.19,19.2,3.6,24.0,2036,200,,,,,,,0,1,0,top
2017-09-14,492289,1,445060,R,543807,R,0,Pop Out,7,5,170915_021031,c6803259-fe6b-4354-a243-ceb2a0cc4881,2,2,0,F,Foul,FT,12,2.0,3.52,1.47,91.2,83.6,59.5,-0.43,50.0,6.17,0.83,2.85,-8.15,5.55,6.05,-132.27,-4.43,-14.51,26.9,-22.29,30.0,6.0,24.0,1969,239,,,,,,,0,1,0,top
2017-09-14,492289,1,445060,R,543807,R,0,Pop Out,7,6,170915_021104,3842603e-93ad-47a3-87cb-9d0ce20dbcd4,2,2,0,F,Foul,SL,4,2.0,3.52,1.47,80.8,74.2,32.89,-1.04,50.0,6.13,-0.42,2.42,1.79,-1.71,0.89,-117.24,-1.13,2.48,22.23,-34.56,4.8,9.6,24.0,2259,35,,,,,,,0,1,0,top
2017-09-14,492289,1,445060,R,543807,R,0,Pop Out,7,7,170915_021133,9375d3a0-bfe9-48e0-82e2-188f628fcaa5,2,2,0,X,In play- out(s),FF,12,2.0,3.52,1.47,91.3,83.7,52.76,-0.45,50.0,6.14,1.18,2.93,-3.66,10.56,5.53,-132.49,-5.88,-6.54,26.87,-13.3,20.4,3.6,24.0,1962,198,,,,,,,0,1,0,top
2017-09-14,492289,1,445060,R,502210,L,1,Flyout,2,1,170915_021214,17146cfb-39bb-4404-ac30-c2202f8f6f72,0,0,1,B,Ball,FT,11,2.0,3.57,1.71,89.5,82.7,64.62,-0.93,50.0,6.12,-1.19,3.1,-7.97,4.63,2.0,-130.09,-3.1,-13.82,24.41,-24.15,28.8,6.0,24.0,1868,244,,,,,,,0,1,0,top
2017-09-14,492289,1,445060,R,502210,L,1,Flyout,2,2,170915_021238,09b39f1d-e6a4-4a7b-b943-903fdb9573fc,1,0,1,X,In play- out(s),FT,4,2.0,3.11,1.41,89.3,82.1,36.86,-0.75,50.0,6.15,-0.27,2.26,-9.47,4.46,4.37,-129.61,-5.2,-16.18,25.92,-24.56,31.2,7.2,24.0,1875,250,,,,,,,0,1,0,top
2017-09-14,492289,1,445060,R,514888,R,2,Flyout,5,1,170915_021312,a0da00d7-f868-497c-bcee-c0584798a100,0,0,2,B,Ball,KC,12,2.0,2.79,1.14,73.4,67.4,53.93,-0.94,50.0,6.46,1.54,2.3,8.86,-8.57,2.79,-106.48,1.31,10.05,20.25,-41.89,14.4,15.6,24.0,2530,44,,,,,,,0,1,0,top
2017-09-14,492289,1,445060,R,514888,R,2,Flyout,5,2,170915_021328,b29b6f21-a35b-4dc9-b610-dd95c17c2873,1,1,2,T,Foul Tip,SL,5,2.0,2.8,1.14,81.9,75.2,21.01,-1.17,50.0,6.09,0.13,2.14,0.39,-3.52,2.92,-118.84,-1.34,0.56,23.15,-37.2,1.2,10.8,24.0,2324,9,,,,,,,0,1,0,top
2017-09-14,492289,1,445060,R,514888,R,2,Flyout,5,3,170915_021351,fd928fae-f739-4137-b94d-3a68b2c8926a,1,2,2,C,Called Strike,KC,11,2.0,2.9,1.14,71.8,65.6,61.71,-1.1,50.0,6.53,-0.47,3.04,9.88,-9.87,-1.31,-104.06,3.34,10.7,19.55,-42.86,14.4,16.8,24.0,2500,42,,,,,,,0,1,0,top
2017-09-14,492289,1,445060,R,514888,R,2,Flyout,5,4,170915_021407,42acd42b-d1b4-4a39-b236-e3087b1fc4a0,1,2,2,B,Ball,FT,13,2.0,3.04,1.14,89.5,82.9,68.83,-1.08,50.0,5.9,-1.08,1.19,-10.17,3.81,3.41,-129.95,-7.14,-17.55,24.92,-25.6,32.4,7.2,24.0,1971,256,,,,,,,0,1,0,top
2017-09-14,492289,1,445060,R,514888,R,2,Flyout,5,5,170915_021431,a24176bd-6efa-44b0-a53e-5440804b93a1,2,2,2,X,In play- out(s),FF,2,2.0,2.8,1.14,90.0,82.9,38.12,-0.71,50.0,6.16,-0.13,2.59,-5.81,7.36,3.47,-130.71,-5.49,-10.13,25.54,-19.35,25.2,4.8,24.0,2055,221,,,,,,,0,1,0,top
2017-09-14,492289,2,445060,R,621043,R,9,Flyout,3,1,170915_023348,b7803d83-e67e-4074-aab8-485f043adf5d,0,0,0,B,Ball,FT,13,2.0,3.47,1.49,88.0,81.7,75.58,-1.13,50.0,5.99,-1.1,1.14,-9.52,3.6,3.23,-127.86,-7.13,-15.92,23.85,-26.15,28.8,7.2,24.0,1812,256,,,,,,,0,1,0,top
2017-09-14,492289,2,445060,R,621043,R,9,Flyout,3,2,170915_023405,39ca9740-a841-46ea-b266-58e05ec43105,1,0,0,B,Ball,SL,14,2.0,3.47,1.49,78.5,72.7,51.65,-0.78,50.0,6.25,1.16,2.12,1.39,-2.09,3.98,-113.98,-1.56,1.83,19.99,-34.94,3.6,10.8,24.0,2285,31,,,,,,,0,1,0,top
2017-09-14,492289,2,445060,R,621043,R,9,Flyout,3,3,170915_023432,e3f2b27c-9c70-49ba-b9b5-6b8ff8f7a1be,2,0,0,X,In play- out(s),FF,5,2.0,3.46,1.49,89.4,82.1,23.88,-0.58,50.0,6.23,0.06,2.74,-5.19,9.09,3.36,-129.71,-5.73,-8.9,25.43,-16.58,25.2,4.8,24.0,2157,211,,,,,,,0,1,0,top
2017-09-14,492289,2,445060,R,503556,L,10,Single,4,1,170915_023501,53f573ad-2e41-41dd-92a6-c2241887655f,0,1,1,C,Called Strike,KC,4,2.0,3.7,1.63,70.9,65.2,59.92,-0.99,50.0,6.62,-0.25,2.92,6.85,-9.4,-0.3,-102.86,2.92,7.29,18.11,-42.18,9.6,15.6,24.0,2451,33,,,,503556,,,0,0,0,top
2017-09-14,492289,2,445060,R,503556,L,10,Single,4,2,170915_023520,2777fddd-daec-483a-b03a-85d33c709cec,0,2,1,C,Called Strike,KC,5,2.0,3.8,1.63,73.7,67.7,28.58,-1.08,50.0,6.51,-0.02,2.6,5.98,-8.43,0.59,-106.85,1.73,6.87,19.63,-41.85,9.6,14.4,24.0,2483,33,,,,503556,,,0,0,0,top
2017-09-14,492289,2,445060,R,503556,L,10,Single,4,3,170915_023538,7a6a9b9b-87a4-4c57-acf6-1fa69d7a2d70,0,2,1,B,Ball,KC,14,2.0,3.82,1.78,73.3,67.8,33.03,-1.03,50.0,6.22,1.41,0.3,6.36,-6.88,3.39,-106.32,-2.81,7.19,20.09,-39.97,10.8,14.4,24.0,2519,39,,,,503556,,,0,0,0,top
2017-09-14,492289,2,445060,R,503556,L,10,Single,4,4,170915_023623,8df29b4e-4bf3-413e-a240-a01f26a2e6a3,1,2,1,D,In play- no out,FS,4,2.0,3.43,1.48,79.8,74.3,25.77,-1.0,50.0,6.05,-0.36,2.14,-4.52,-0.3,2.84,-115.92,-1.94,-6.25,18.64,-32.58,9.6,9.6,24.0,1209,286,,,,503556,,,0,0,0,top
2017-09-14,492289,2,445060,R,608324,R,11,Double,3,1,170915_023707,0964b8b6-ecaf-486a-adfd-117d975e6c0b,0,0,1,B,Ball,SL,14,2.0,3.06,1.45,78.9,72.7,86.54,-0.72,50.0,6.09,0.99,1.65,3.1,-1.05,2.96,-114.47,-2.62,4.11,21.19,-33.56,7.2,10.8,24.0,2243,56,503556,,,,608324,,1,0,0,top
2017-09-14,492289,2,445060,R,608324,R,11,Double,3,2,170915_023730,7d9b9314-98a7-4f8d-8ba9-8c6b03d21e54,1,0,1,B,Ball,FT,13,2.0,3.41,1.55,87.6,81.0,70.17,-0.99,50.0,5.8,-1.21,1.25,-10.42,3.01,2.86,-127.18,-6.05,-17.19,24.32,-27.21,30.0,8.4,24.0,1741,261,503556,,,,608324,,1,0,0,top
2017-09-14,492289,2,445060,R,608324,R,11,Double,3,3,170915_023758,b9845ee8-2887-47eb-913c-bddb12184d7a,2,0,1,E,In play- run(s),FT,4,2.0,3.07,1.3,89.8,82.7,39.26,-0.51,50.0,6.02,-0.34,2.18,-9.56,4.51,3.65,-130.38,-5.2,-16.56,25.89,-24.36,32.4,7.2,24.0,1914,250,503556,,,,608324,,1,0,0,top
2017-09-14,492289,2,445060,R,136860,L,12,Lineout,2,1,170915_023850,47176dbc-8d53-4967-94aa-0f9f3c79c9eb,0,1,1,C,Called Strike,FT,11,2.0,3.65,1.84,89.2,82.0,54.26,-0.83,50.0,6.02,-0.72,2.82,-8.38,4.72,3.07,-129.53,-3.51,-14.33,25.44,-24.1,28.8,7.2,24.0,1856,245,,608324,,,608324,,0,1,-1,top
2017-09-14,492289,2,445060,R,136860,L,12,Lineout,2,2,170915_023917,6dc69b34-cb37-4123-a146-0129eb8e37f4,0,1,1,X,In play- out(s),FS,11,2.0,3.39,1.48,80.0,74.4,39.13,-1.16,50.0,5.97,-0.93,2.51,-5.91,-2.67,2.31,-116.27,-0.2,-8.2,19.17,-35.88,12.0,10.8,24.0,1217,301,,608324,,,608324,,0,1,-1,top
2017-09-14,492289,2,445060,R,493329,R,13,Single,4,1,170915_023958,a6425f1a-f9e7-4953-a268-b08359536848,0,0,2,B,Ball,FF,11,2.0,3.6,1.7,89.0,81.6,38.65,-0.58,50.0,6.31,-0.09,4.48,-3.34,9.01,2.36,-129.27,-1.39,-5.69,25.18,-16.83,16.8,4.8,24.0,1893,200,,608324,,493329,,,1,0,-1,top
2017-09-14,492289,2,445060,R,493329,R,13,Single,4,2,170915_024020,eab0fc23-3e10-457f-a2d0-9eddc927beda,1,1,2,C,Called Strike,SL,5,2.0,3.56,1.7,80.8,74.7,16.08,-0.94,50.0,6.06,0.1,2.64,1.85,-1.83,1.85,-117.38,-0.49,2.6,20.94,-34.74,4.8,9.6,24.0,2171,37,,608324,,493329,,,1,0,-1,top
2017-09-14,492289,2,445060,R,493329,R,13,Single,4,3,170915_024038,fbb32a49-7c0a-416a-ab1b-206233efec53,1,1,2,B,Ball,SL,14,2.0,3.46,1.55,79.3,73.2,32.06,-0.53,50.0,6.02,1.74,1.33,2.4,-0.04,4.45,-115.13,-3.59,3.22,21.32,-32.22,7.2,9.6,24.0,2131,65,,608324,,493329,,,1,0,-1,top
2017-09-14,492289,2,445060,R,493329,R,13,Single,4,4,170915_024102,d5bf4421-e239-4a5c-abbe-d3dd8207653b,2,1,2,E,In play- run(s),SL,6,2.0,3.26,1.4,82.5,75.5,30.31,-0.8,50.0,6.06,0.5,2.29,1.7,-0.7,2.56,-119.68,-1.88,2.45,24.07,-33.18,4.8,9.6,24.0,2239,49,,608324,,493329,,,1,0,-1,top
2017-09-14,492289,2,445060,R,435263,L,14,Lineout,5,1,170915_024141,810e175c-74f9-4736-a66e-2d9f5e562739,0,1,2,F,Foul,FF,11,2.0,3.2,1.51,89.1,81.8,54.42,-0.65,50.0,6.12,-0.03,3.25,-3.88,7.29,2.87,-129.39,-3.49,-6.62,25.38,-19.74,16.8,4.8,24.0,1905,209,493329,,,,,,0,1,-2,top
2017-09-14,492289,2,445060,R,435263,L,14,Lineout,5,2,170915_024204,4703b36e-c88f-4863-aa5f-07ff542cdf11,0,1,2,B,Ball,FT,14,2.0,3.52,1.77,91.1,83.5,32.92,-0.32,50.0,6.0,1.39,2.24,-7.89,6.58,7.15,-132.13,-5.9,-13.98,27.32,-20.5,30.0,6.0,24.0,1844,233,493329,,,,,,0,1,-2,top
2017-09-14,492289,2,445060,R,435263,L,14,Lineout,5,3,170915_024224,1dea6476-f1fb-4315-907d-a479742a2856,1,2,2,F,Foul,KC,7,2.0,3.2,1.51,73.8,67.9,52.25,-1.0,50.0,6.16,-0.4,1.73,6.81,-10.03,-0.58,-107.15,1.03,7.85,20.15,-43.72,9.6,15.6,24.0,2485,31,493329,,,,,,0,1,-2,top
2017-09-14,492289,2,445060,R,435263,L,14,Lineout,5,4,170915_024259,3c7d6780-0793-4428-9e5b-1519d020e3bc,1,2,2,B,Ball,FF,12,2.0,3.67,1.77,90.6,83.3,21.41,-0.31,50.0,6.22,1.98,2.89,-4.61,7.49,7.52,-131.39,-5.01,-8.12,25.89,-18.98,18.0,4.8,24.0,2076,211,493329,,,,,,0,1,-2,top
2017-09-14,492289,2,445060,R,435263,L,14,Lineout,5,5,170915_024328,874251c6-90e3-4b10-91a1-85bc17b8234b,2,2,2,X,In play- out(s),FF,12,2.0,3.2,1.51,91.8,84.5,55.29,-0.52,50.0,6.08,0.72,2.91,-4.21,7.11,4.74,-133.4,-4.73,-7.65,26.45,-19.25,18.0,4.8,24.0,1999,211,493329,,,,,,0,1,-2,top
2017-09-14,492289,3,445060,R,543807,R,19,Groundout,6,1,170915_025250,cb82ee0d-d561-4adc-9760-59d3f7d68086,0,1,0,C,Called Strike,FF,6,2.0,3.75,1.64,89.0,82.4,47.68,-0.44,50.0,6.24,0.31,2.59,-4.31,9.07,3.35,-129.22,-6.13,-7.39,23.18,-16.61,21.6,4.8,24.0,1957,206,,,,,,,0,1,-2,top
2017-09-14,492289,3,445060,R,543807,R,19,Groundout,6,2,170915_025304,ae552e42-084a-4bf1-b919-b40621863148,0,2,0,F,Foul,KC,14,2.0,3.52,1.47,74.4,68.8,56.22,-0.73,50.0,6.51,1.16,2.4,9.26,-8.91,1.47,-108.01,1.26,10.92,19.27,-42.68,14.4,15.6,24.0,2626,44,,,,,,,0,1,-2,top
2017-09-14,492289,3,445060,R,543807,R,19,Groundout,6,3,170915_025330,18ed3445-7197-4c03-9095-f0118c572ec0,0,2,0,B,Ball,FF,14,2.0,3.69,1.63,90.8,83.1,23.14,-0.32,50.0,6.11,1.44,2.38,-3.81,10.97,5.87,-131.59,-7.24,-6.71,27.05,-12.88,21.6,3.6,24.0,2116,198,,,,,,,0,1,-2,top
2017-09-14,492289,3,445060,R,543807,R,19,Groundout,6,4,170915_025351,dc7d7c2b-dd0c-42df-adf8-ff2be73d8b73,1,2,0,F,Foul,FS,13,2.0,3.52,1.47,81.1,75.2,44.23,-0.97,50.0,5.97,-0.77,2.13,-6.71,0.85,2.51,-117.82,-2.35,-9.53,20.12,-30.96,16.8,9.6,24.0,1416,271,,,,,,,0,1,-2,top
2017-09-14,492289,3,445060,R,543807,R,19,Groundout,6,5,170915_025414,0ed283f5-b43f-4233-922c-822ca89c3c3f,1,2,0,B,Ball,FF,13,2.0,3.54,1.48,89.5,82.6,63.12,-0.71,50.0,5.98,-1.28,1.44,-4.98,6.6,0.19,-129.9,-7.62,-8.58,25.14,-20.8,21.6,6.0,24.0,2010,224,,,,,,,0,1,-2,top
2017-09-14,492289,3,445060,R,543807,R,19,Groundout,6,6,170915_025437,32c4a862-7e17-45cb-834c-60e0a4c37be5,2,2,0,X,In play- out(s),SL,14,2.0,3.52,1.47,82.0,75.7,45.12,-0.72,50.0,6.11,0.83,2.27,4.07,-2.72,2.4,-119.1,-1.35,5.87,22.26,-36.09,9.6,10.8,24.0,2331,50,,,,,,,0,1,-2,top
2017-09-14,492289,3,445060,R,502210,L,20,Lineout,2,1,170915_025516,f419be94-a3f9-4e7a-97de-458cc3d65a8d,0,1,1,C,Called Strike,KC,9,2.0,3.38,1.6,71.9,66.1,79.81,-0.97,50.0,6.4,0.68,1.98,8.41,-8.02,1.13,-104.33,0.92,9.17,19.33,-40.92,13.2,15.6,24.0,2497,43,,,,,,,0,1,-2,top
2017-09-14,492289,3,445060,R,502210,L,20,Lineout,2,2,170915_025538,76f5f28c-47f4-4962-b613-7e3e614b1faf,0,1,1,X,In play- out(s),KC,8,2.0,3.11,1.41,74.6,68.2,32.7,-1.05,50.0,6.38,-0.01,1.95,8.32,-9.61,-0.07,-108.23,0.81,9.71,21.76,-43.38,12.0,15.6,24.0,2603,38,,,,,,,0,1,-2,top
2017-09-14,492289,3,445060,R,514888,R,21,Walk,7,1,170915_025603,8e744fc8-e032-43e2-b577-5e348d365055,0,0,2,B,Ball,FF,12,2.0,2.89,1.14,91.9,83.9,36.13,-0.33,50.0,5.95,1.47,2.05,-5.77,10.1,6.7,-133.13,-7.6,-10.36,28.44,-14.04,30.0,3.6,24.0,2199,210,,,,514888,,,0,0,-2,top
2017-09-14,492289,3,445060,R,514888,R,21,Walk,7,2,170915_025617,b249984b-8e43-4df9-a2e2-1736c4bb66e2,1,0,2,B,Ball,FS,14,2.0,2.79,1.14,81.0,75.0,58.54,-0.84,50.0,5.9,1.2,0.78,-6.41,2.56,6.68,-117.41,-5.75,-9.01,20.82,-28.58,15.6,8.4,24.0,1414,259,,,,514888,,,0,0,-2,top
2017-09-14,492289,3,445060,R,514888,R,21,Walk,7,3,170915_025642,a79dc402-4fba-494f-a7a5-7dc12f9cfb72,2,0,2,B,Ball,SL,11,2.0,2.99,1.24,81.2,75.0,57.53,-1.12,50.0,6.12,-0.81,3.22,1.18,-3.1,0.36,-117.94,1.06,1.68,20.74,-36.58,2.4,10.8,24.0,2279,18,,,,514888,,,0,0,-2,top
2017-09-14,492289,3,445060,R,514888,R,21,Walk,7,4,170915_025657,94042db4-166e-4d15-ae0a-501e68873ac6,3,1,2,C,Called Strike,FF,1,2.0,3.25,1.14,89.0,81.6,54.48,-0.87,50.0,5.99,-0.64,3.13,-3.6,6.79,1.79,-129.25,-3.27,-6.12,25.7,-20.63,15.6,4.8,24.0,1881,210,,,,514888,,,0,0,-2,top
2017-09-14,492289,3,445060,R,514888,R,21,Walk,7,5,170915_025721,40c98b6a-f892-4ded-813d-1bc7874780e3,3,2,2,F,Foul,FF,12,2.0,2.8,1.14,91.9,84.3,65.21,-0.61,50.0,6.04,0.76,3.02,-3.97,7.86,4.98,-133.35,-4.56,-7.19,27.02,-17.94,18.0,4.8,24.0,2095,206,,,,514888,,,0,0,-2,top
2017-09-14,492289,3,445060,R,514888,R,21,Walk,7,6,170915_025739,5dac49d8-0f12-478b-9faa-651c0e620c83,3,2,2,F,Foul,FT,3,2.0,2.8,1.14,92.7,85.5,44.97,-0.52,50.0,5.92,0.25,2.54,-9.04,3.66,5.17,-134.66,-4.26,-16.74,26.92,-25.39,31.2,7.2,24.0,1803,252,,,,514888,,,0,0,-2,top
2017-09-14,492289,3,445060,R,514888,R,21,Walk,7,7,170915_025817,ac99b536-53af-4866-97be-f028838f4640,3,2,2,B,Ball,FF,11,2.0,3.08,1.24,93.0,84.5,23.92,-0.53,50.0,6.1,-0.08,4.01,-4.14,9.0,2.65,-134.85,-2.64,-7.61,29.98,-15.64,24.0,3.6,24.0,2089,205,,,,514888,,,0,0,-2,top
2017-09-14,492289,3,445060,R,621043,R,22,Flyout,2,1,170915_025931,d27b7bb7-47f1-477e-b270-dacf55e25f36,0,0,2,X,In play- out(s),SL,6,2.0,3.46,1.49,80.2,73.8,58.71,-0.85,50.0,6.16,0.31,2.28,2.21,-3.03,2.01,-116.44,-1.0,3.03,22.08,-36.32,4.8,10.8,24.0,2244,31,514888,,,,,,0,1,-2,top
2017-09-14,492289,4,445060,R,503556,L,26,Strikeout,3,1,170915_031018,c958ad88-00b7-4bb3-955e-c4efba8bfc1e,0,1,0,C,Called Strike,FS,4,2.0,3.89,1.68,80.1,73.5,85.02,-1.14,50.0,6.05,-0.61,2.59,-4.58,4.46,2.58,-116.16,-2.28,-6.27,21.12,-26.06,12.0,8.4,24.0,1417,232,,,,,,,0,1,-2,top
2017-09-14,492289,4,445060,R,503556,L,26,Strikeout,3,2,170915_031042,b2e3cc97-4b7e-4127-bf18-3e83871c4a1a,0,1,0,S,Swinging Strike,FS,13,2.0,3.42,1.48,79.8,73.4,36.6,-1.2,50.0,6.02,-1.12,2.3,-4.33,3.77,1.47,-115.74,-2.6,-5.89,20.8,-27.04,12.0,8.4,24.0,1411,238,,,,,,,0,1,-2,top
2017-09-14,492289,4,445060,R,503556,L,26,Strikeout,3,3,170915_031105,0d0e7723-ce7c-444c-8801-5e34ac94bb00,0,3,0,C,Called Strike,FF,14,2.0,3.75,1.73,90.6,83.3,47.28,-0.55,50.0,5.94,0.31,1.64,-4.02,9.32,3.6,-131.4,-8.16,-7.08,26.17,-15.77,20.4,4.8,24.0,2146,205,,,,,,,0,1,-2,top
2017-09-14,492289,4,445060,R,608324,R,27,Pop Out,2,1,170915_031144,7b201838-0c2d-4222-8f24-6e4a905dc24b,0,1,1,F,Foul,KC,14,2.0,3.07,1.3,73.8,68.4,88.21,-0.77,50.0,6.3,0.73,1.33,6.36,-7.97,1.42,-107.17,-0.7,7.37,19.07,-41.41,10.8,14.4,24.0,2422,36,,,,,,,0,1,-2,top
2017-09-14,492289,4,445060,R,608324,R,27,Pop Out,2,2,170915_031205,0db37f3b-14ed-4dc8-b443-72ee4fcb2101,0,1,1,X,In play- out(s),SL,1,2.0,3.07,1.3,80.1,73.9,39.47,-0.9,50.0,6.1,-0.4,2.84,2.63,-2.85,0.36,-116.31,0.34,3.63,20.73,-36.09,6.0,10.8,24.0,2292,36,,,,,,,0,1,-2,top
2017-09-14,492289,4,445060,R,136860,L,28,Flyout,4,1,170915_031238,3470294b-3a36-47cc-84dc-bcdb6396b90c,0,0,2,B,Ball,FF,11,2.0,3.6,1.79,91.6,83.9,54.77,-0.91,50.0,6.11,-0.56,4.11,-3.86,9.03,2.22,-132.98,-2.25,-6.95,26.98,-15.91,21.6,3.6,24.0,2214,204,,,,,,,0,1,-2,top
2017-09-14,492289,4,445060,R,136860,L,28,Flyout,4,2,170915_031249,64d93c34-bd95-4573-b873-4a601a0cd7b1,1,0,2,B,Ball,FT,13,2.0,3.7,1.79,90.6,83.5,31.41,-0.92,50.0,5.8,-1.98,2.39,-9.52,3.89,0.46,-131.63,-4.03,-16.79,26.42,-25.31,32.4,7.2,24.0,1911,253,,,,,,,0,1,-2,top
2017-09-14,492289,4,445060,R,136860,L,28,Flyout,4,3,170915_031306,9a51f4f9-d80b-4921-a05e-4dd98ad38fc0,2,1,2,F,Foul,FF,8,2.0,3.39,1.48,91.5,84.2,30.2,-0.55,50.0,5.95,0.0,1.94,-4.17,9.76,2.88,-132.77,-7.77,-7.5,26.18,-14.6,22.8,3.6,24.0,2226,204,,,,,,,0,1,-2,top
2017-09-14,492289,4,445060,R,136860,L,28,Flyout,4,4,170915_031335,72de10c6-73d4-4f26-964c-73efcdd84884,2,1,2,X,In play- out(s),SL,11,2.0,3.39,1.48,79.5,74.2,46.37,-1.23,50.0,6.03,-1.04,2.69,1.33,-3.66,0.06,-115.68,0.41,1.84,18.4,-37.21,2.4,10.8,24.0,2281,17,,,,,,,0,1,-2,top
2017-09-14,492289,5,445060,R,493329,R,33,Groundout,2,1,170915_032502,de462439-628d-4e60-988d-897d916f30d0,0,1,0,F,Foul,FF,12,2.0,3.26,1.4,89.4,82.1,83.83,-0.5,50.0,6.26,0.87,3.66,-4.97,10.62,5.19,-129.67,-3.98,-8.54,24.7,-13.93,27.6,3.6,24.0,2269,204,,,,,,,0,1,-1,top
2017-09-14,492289,5,445060,R,493329,R,33,Groundout,2,2,170915_032528,12be42a8-9239-4e05-86fd-4f02f0cd0a4b,0,1,0,X,In play- out(s),FF,12,2.0,3.26,1.4,90.5,83.3,58.0,-0.46,50.0,6.11,0.94,2.82,-3.26,8.3,4.76,-131.46,-5.19,-5.75,25.73,-17.53,14.4,4.8,24.0,2099,201,,,,,,,0,1,-1,top
2017-09-14,492289,5,445060,R,435263,L,34,Flyout,6,1,170915_032556,68c9fec6-b881-41fb-b1a0-95ceed5dea83,0,1,1,C,Called Strike,FS,7,2.0,3.56,1.67,80.8,75.2,77.71,-0.93,50.0,5.98,-0.29,2.24,-6.43,1.21,3.45,-117.38,-2.19,-9.11,18.85,-30.45,15.6,9.6,24.0,1302,267,,,,,,,0,1,-1,top
2017-09-14,492289,5,445060,R,435263,L,34,Flyout,6,2,170915_032606,dd0b9e92-057c-4801-8ef8-8c6ed1212af9,0,1,1,B,Ball,SL,14,2.0,3.47,1.77,82.4,77.1,28.33,-0.98,50.0,5.8,0.53,0.84,1.2,-2.0,3.24,-119.74,-4.42,1.76,19.77,-35.12,3.6,9.6,24.0,2383,26,,,,,,,0,1,-1,top
2017-09-14,492289,5,445060,R,435263,L,34,Flyout,6,3,170915_032623,a3f9dd2e-7f57-44c0-ad85-716857b012a1,1,1,1,B,Ball,SL,14,2.0,3.47,1.82,83.1,77.7,51.26,-0.94,50.0,5.89,0.57,1.5,1.58,-3.46,3.14,-120.9,-2.76,2.37,20.25,-37.38,4.8,9.6,24.0,2416,23,,,,,,,0,1,-1,top
2017-09-14,492289,5,445060,R,435263,L,34,Flyout,6,4,170915_032636,a49a85a7-acbd-4dab-82c7-75370812c5dd,2,1,1,B,Ball,FT,13,2.0,3.67,1.87,90.7,84.1,72.68,-0.84,50.0,5.81,-0.87,1.66,-7.71,2.82,2.53,-131.81,-5.66,-13.72,24.89,-27.15,25.2,7.2,24.0,2053,257,,,,,,,0,1,-1,top
2017-09-14,492289,5,445060,R,435263,L,34,Flyout,6,5,170915_032651,79270d82-72b8-4bf1-b517-436ba0d5b51f,3,2,1,C,Called Strike,FF,7,2.0,3.56,1.92,91.0,83.9,44.37,-0.87,50.0,5.92,-0.41,2.29,-3.52,7.25,2.4,-132.09,-5.81,-6.28,25.54,-19.25,15.6,4.8,24.0,2068,208,,,,,,,0,1,-1,top
2017-09-14,492289,5,445060,R,435263,L,34,Flyout,6,6,170915_032713,e80744aa-8b39-4894-ad02-5762d991aa3e,3,2,1,X,In play- out(s),SL,14,2.0,3.2,1.51,79.0,73.9,45.02,-1.17,50.0,5.77,0.38,1.39,1.37,-4.12,3.14,-114.83,-1.71,1.85,18.27,-37.76,3.6,10.8,24.0,2479,19,,,,,,,0,1,-1,top
2017-09-14,492289,5,445060,R,543807,R,35,Flyout,5,1,170915_032746,7eb3b38f-ad74-4c9d-9cc1-4a7825d9f21a,0,1,2,C,Called Strike,KC,14,2.0,3.65,1.69,75.1,69.5,90.83,-0.63,50.0,6.32,0.85,1.82,5.34,-9.23,1.67,-109.11,0.38,6.41,19.81,-43.26,8.4,14.4,24.0,2548,28,,,,,,,0,1,-1,top
2017-09-14,492289,5,445060,R,543807,R,35,Flyout,5,2,170915_032759,242f958d-8411-47a8-b1d2-dfacf750c724,0,1,2,S,Swinging Strike,FS,14,2.0,3.52,1.47,82.5,76.9,42.17,-0.99,50.0,5.81,0.41,1.3,-5.52,2.85,5.06,-119.79,-4.87,-8.15,19.73,-27.97,14.4,8.4,24.0,1355,252,,,,,,,0,1,-1,top
2017-09-14,492289,5,445060,R,543807,R,35,Flyout,5,3,170915_032821,dd788496-041d-41e7-900c-df9db798e363,0,2,2,F,Foul,FF,4,2.0,3.52,1.47,91.0,83.9,33.67,-0.71,50.0,6.0,-0.45,2.46,-3.05,6.72,1.74,-132.2,-5.44,-5.44,25.89,-20.17,13.2,4.8,24.0,2111,207,,,,,,,0,1,-1,top
2017-09-14,492289,5,445060,R,543807,R,35,Flyout,5,4,170915_032847,13e2aeab-945a-4e8a-8dc8-98313aaeaa52,0,2,2,B,Ball,FF,14,2.0,3.74,1.63,93.2,85.7,20.87,-0.16,50.0,5.98,1.49,2.6,-7.27,8.72,6.96,-135.14,-6.1,-13.58,26.92,-15.9,36.0,4.8,24.0,2251,221,,,,,,,0,1,-1,top
2017-09-14,492289,5,445060,R,543807,R,35,Flyout,5,5,170915_032914,bc279c05-4a8a-4a4c-b4ce-72b6306e04f5,1,2,2,X,In play- out(s),FF,12,2.0,3.52,1.47,92.8,85.0,56.61,-0.32,50.0,6.07,0.91,2.93,-4.52,10.18,4.84,-134.68,-5.84,-8.35,27.81,-13.38,26.4,3.6,24.0,2244,204,,,,,,,0,1,-1,top
2017-09-14,492289,6,445060,R,502210,L,39,Single,4,1,170915_034159,b1490770-0dd4-490b-a4df-195512b9337d,0,0,0,B,Ball,FS,11,2.0,3.47,1.61,80.7,74.6,88.97,-1.02,50.0,6.18,-0.81,4.09,-7.05,4.31,2.62,-117.22,0.75,-9.94,19.25,-26.09,20.4,8.4,24.0,1388,241,,,,502210,,,0,0,-1,top
2017-09-14,492289,6,445060,R,502210,L,39,Single,4,2,170915_034226,9302f07c-c90c-4d3f-ad1f-dd5b0aada79d,1,0,0,B,Ball,FF,11,2.0,3.42,1.61,89.8,83.1,61.5,-0.92,50.0,6.06,-0.77,3.45,-4.65,6.09,1.96,-130.49,-2.61,-8.14,23.65,-21.52,19.2,4.8,24.0,2050,220,,,,502210,,,0,0,-1,top
2017-09-14,492289,6,445060,R,502210,L,39,Single,4,3,170915_034242,018bd792-27e3-415a-9f9d-3bc75e7d6a3c,2,1,0,C,Called Strike,FT,1,2.0,3.43,1.6,89.3,82.0,53.79,-0.82,50.0,6.01,-0.57,3.01,-8.4,7.0,3.45,-129.61,-3.76,-14.38,25.36,-20.19,33.6,6.0,24.0,1923,233,,,,502210,,,0,0,-1,top
2017-09-14,492289,6,445060,R,502210,L,39,Single,4,4,170915_034311,f4825812-37bb-425f-bd73-37a6b9402998,2,1,0,D,In play- no out,SL,4,2.0,3.11,1.41,77.0,71.3,39.6,-1.16,50.0,5.88,-0.5,2.0,2.58,-3.74,0.72,-111.92,-0.24,3.29,19.25,-36.95,4.8,12.0,24.0,2327,30,,,,502210,,,0,0,-1,top
2017-09-14,492289,6,445060,R,514888,R,40,Flyout,1,1,170915_034411,1aa51478-3aff-419c-86d9-ea59257291fd,0,0,0,X,In play- out(s),FS,1,2.0,2.8,1.14,79.6,73.4,81.31,-0.73,50.0,6.03,-0.38,2.33,-8.4,4.02,3.31,-115.62,-2.64,-11.43,20.49,-26.7,21.6,8.4,24.0,1369,250,502210,,,502210,,,0,1,-1,top
2017-09-14,492289,6,445060,R,621043,R,41,Groundout,2,1,170915_034447,ba2d5ec2-d0e6-41f2-8809-152d07aa1f2b,0,1,1,C,Called Strike,FS,9,2.0,3.44,1.49,80.9,75.2,95.83,-0.72,50.0,5.98,0.61,1.66,-5.14,1.2,4.65,-117.5,-3.53,-7.27,19.84,-30.48,12.0,9.6,24.0,1397,269,502210,,,,502210,,0,1,-1,top
2017-09-14,492289,6,445060,R,621043,R,41,Groundout,2,2,170915_034509,4fe27e9e-34f0-4050-8883-eb800b1e3543,0,1,1,X,In play- out(s),FF,8,2.0,3.46,1.49,90.6,83.6,33.65,-0.61,50.0,5.98,-0.16,1.88,-6.54,8.68,3.39,-131.53,-7.46,-11.56,25.27,-16.82,31.2,4.8,24.0,2118,220,502210,,,,502210,,0,1,-1,top
2017-09-14,492289,6,445060,R,503556,L,42,Groundout,4,1,170915_034621,37b22075-f064-4881-8557-3a3b36b36c60,0,1,2,C,Called Strike,SL,7,2.0,3.65,1.93,77.4,72.0,67.44,-1.17,50.0,6.0,-0.49,2.47,1.54,-2.07,1.07,-112.46,-0.07,2.0,17.94,-34.86,3.6,10.8,24.0,2255,30,,502210,,,,,0,1,-1,top
2017-09-14,492289,6,445060,R,503556,L,42,Groundout,4,2,170915_034714,4c19694c-f92d-467c-a4f7-8919e5811732,0,1,2,B,Ball,FT,11,2.0,3.47,1.68,91.0,83.7,30.23,-1.13,50.0,5.93,-1.78,2.96,-8.46,5.22,1.18,-132.17,-3.42,-15.08,26.27,-22.88,32.4,6.0,24.0,1854,243,,502210,,,,,0,1,-1,top
2017-09-14,492289,6,445060,R,503556,L,42,Groundout,4,3,170915_034752,ad25863a-7f4b-445b-8079-5c3873984a58,1,1,2,X,In play- out(s),FS,13,2.0,3.43,1.48,80.3,75.0,11.25,-1.13,50.0,5.7,-0.1,0.96,-5.8,-0.5,4.14,-116.78,-3.89,-8.12,19.08,-32.87,13.2,9.6,24.0,1278,287,,502210,,,,,0,1,-1,top
2017-09-20,492367,1,445060,R,596019,L,0,Strikeout,3,1,170921_020850,894d3105-224c-4eeb-8e0a-eac6c9e6e8fb,0,1,0,C,Called Strike,FF,2,2.0,3.27,1.52,89.0,81.9,48.87,-0.74,50.0,6.26,0.01,3.07,-4.23,8.29,3.33,-129.24,-4.66,-7.22,24.72,-18.02,19.2,4.8,24.0,2066,208,,,,,,,0,1,0,top
2017-09-20,492367,1,445060,R,596019,L,0,Strikeout,3,2,170921_020910,ace1afef-7c24-4cc5-8344-f1b165d95679,0,2,0,F,Foul,FT,3,2.0,3.07,1.34,89.5,82.6,57.95,-0.68,50.0,6.25,0.61,2.82,-7.17,6.55,5.73,-129.98,-4.8,-12.39,24.49,-20.85,27.6,6.0,24.0,2026,230,,,,,,,0,1,0,top
2017-09-20,492367,1,445060,R,596019,L,0,Strikeout,3,3,170921_020925,8a06ddf5-01ef-432a-8205-29a9eb1e78ff,0,2,0,S,Swinging Strike,KC,13,2.0,3.07,1.34,70.9,65.5,57.89,-1.4,50.0,6.47,-0.95,2.1,7.0,-10.0,-0.93,-102.94,1.7,7.47,18.05,-42.84,9.6,16.8,24.0,2490,32,,,,,,,0,1,0,top
2017-09-20,492367,1,445060,R,457706,R,1,Strikeout,4,1,170921_020954,96c9d648-e12b-4f17-a53d-ab064c42eb7b,0,0,1,B,Ball,FF,12,2.0,3.46,1.59,89.7,82.1,66.07,-0.72,50.0,6.25,0.32,3.66,-2.66,8.9,3.55,-130.2,-3.41,-4.59,26.17,-16.83,12.0,4.8,24.0,2079,196,,,,,,,0,1,0,top
2017-09-20,492367,1,445060,R,457706,R,1,Strikeout,4,2,170921_021007,3cdc7cca-942a-4443-983e-4365303c65cb,1,0,1,S,Swinging Strike,FF,12,2.0,3.29,1.37,89.6,81.9,53.69,-0.59,50.0,6.09,1.26,2.7,-2.34,9.58,5.53,-129.91,-5.63,-4.01,26.83,-15.79,9.6,3.6,24.0,1995,191,,,,,,,0,1,0,top
2017-09-20,492367,1,445060,R,457706,R,1,Strikeout,4,3,170921_021024,4c29ddd0-c935-405a-98a0-5875432504e8,1,2,1,F,Foul,FT,9,2.0,3.29,1.37,90.3,83.2,46.72,-0.7,50.0,5.98,0.4,1.9,-9.25,3.7,5.99,-131.09,-5.64,-16.21,26.0,-25.69,30.0,7.2,24.0,1880,254,,,,,,,0,1,0,top
2017-09-20,492367,1,445060,R,457706,R,1,Strikeout,4,4,170921_021051,130c016c-5f59-4b6c-926a-0f6d8daf7916,1,3,1,C,Called Strike,FF,12,2.0,3.44,1.62,91.2,83.7,62.81,-0.3,50.0,6.18,0.91,3.16,-3.22,8.04,4.27,-132.39,-4.5,-5.75,26.57,-17.82,14.4,4.8,24.0,1868,201,,,,,,,0,1,0,top
2017-09-20,492367,1,445060,R,608070,L,2,Double,5,1,170921_021123,6e6f56ad-db60-4567-87b3-1396da560013,0,0,2,B,Ball,FS,11,2.0,3.37,1.55,80.4,72.9,65.28,-1.06,50.0,6.21,-0.12,4.9,-2.93,5.96,3.03,-116.45,2.23,-4.01,22.52,-24.01,8.4,7.2,24.0,1097,205,,,,,608070,,0,0,0,top
2017-09-20,492367,1,445060,R,608070,L,2,Double,5,2,170921_021137,38c03a07-8843-451d-83b5-61d229c10585,1,0,2,S,Swinging Strike,FT,13,2.0,3.18,1.35,89.4,82.4,70.0,-0.85,50.0,5.8,-0.87,1.38,-8.8,2.11,2.91,-129.78,-5.78,-15.08,26.09,-28.56,26.4,8.4,24.0,1692,264,,,,,608070,,0,0,0,top
2017-09-20,492367,1,445060,R,608070,L,2,Double,5,3,170921_021154,62fcc338-e651-4c36-a850-ca57e34df738,1,1,2,B,Ball,KC,11,2.0,3.37,1.53,71.6,65.6,37.15,-1.18,50.0,6.45,-1.52,3.04,8.28,-9.01,-2.89,-103.83,3.3,8.96,18.76,-41.92,12.0,15.6,24.0,2448,38,,,,,608070,,0,0,0,top
2017-09-20,492367,1,445060,R,608070,L,2,Double,5,4,170921_021208,073f2a55-f8f7-4cb3-8033-041115962f12,2,1,2,B,Ball,FS,14,2.0,3.27,1.51,80.6,74.7,40.25,-1.03,50.0,6.01,0.78,2.1,-6.2,1.93,6.07,-116.99,-2.72,-8.69,19.84,-29.48,14.4,8.4,24.0,1157,261,,,,,608070,,0,0,0,top
2017-09-20,492367,1,445060,R,608070,L,2,Double,5,5,170921_021224,cdbe06ae-739b-465f-93ea-b665fde48e1b,3,1,2,D,In play- no out,FF,1,2.0,3.15,1.32,90.8,83.0,33.16,-0.92,50.0,6.03,-0.24,2.62,-3.06,8.31,2.81,-131.84,-5.52,-5.38,27.85,-17.53,14.4,4.8,24.0,1972,201,,,,,608070,,0,0,0,top
2017-09-20,492367,1,445060,R,429665,R,3,Walk,5,1,170921_021315,e8bfacac-8f1a-4d00-aaa0-046c21fbe9b6,0,1,2,C,Called Strike,SL,5,2.0,3.49,1.76,78.0,71.9,50.02,-1.15,50.0,6.15,-0.15,2.62,2.01,-1.82,1.64,-113.23,-0.19,2.62,19.98,-34.54,4.8,10.8,24.0,2213,39,,608070,,429665,608070,,0,0,0,top
2017-09-20,492367,1,445060,R,429665,R,3,Walk,5,2,170921_021337,dcb0b6fd-c6fa-4b65-a668-8ebf11360c5e,0,1,2,B,Ball,KC,11,2.0,3.33,1.38,73.7,67.5,75.78,-1.04,50.0,6.44,-0.92,3.53,8.13,-9.14,-1.97,-106.93,4.02,9.35,19.7,-42.68,12.0,15.6,24.0,2431,39,,608070,,429665,608070,,0,0,0,top
2017-09-20,492367,1,445060,R,429665,R,3,Walk,5,3,170921_021359,41482cec-ff6c-4397-98bf-611af4e8f34e,1,1,2,B,Ball,FF,14,2.0,3.55,1.65,91.6,83.9,21.17,-0.33,50.0,6.03,2.35,2.44,-4.73,8.21,8.65,-132.72,-6.1,-8.47,27.28,-17.47,20.4,4.8,24.0,1985,208,,608070,,429665,608070,,0,0,0,top
2017-09-20,492367,1,445060,R,429665,R,3,Walk,5,4,170921_021429,69c8822f-7430-4b2d-8eea-ec3a4652863d,2,1,2,B,Ball,FF,14,2.0,3.52,1.71,92.0,84.5,20.39,-0.49,50.0,6.06,1.53,2.56,-3.39,8.15,6.49,-133.51,-5.96,-6.15,27.18,-17.38,14.4,4.8,24.0,1986,201,,608070,,429665,608070,,0,0,0,top
2017-09-20,492367,1,445060,R,429665,R,3,Walk,5,5,170921_021456,a15491b2-04b7-4596-9aa1-c6a4d340b676,3,1,2,B,Ball,FT,14,2.0,3.45,1.75,91.8,84.8,31.83,-0.42,50.0,5.81,2.36,1.26,-8.28,5.25,10.17,-133.02,-7.69,-14.99,25.83,-22.67,28.8,6.0,24.0,1800,242,,608070,,429665,608070,,0,0,0,top
2017-09-20,492367,1,445060,R,457803,L,4,Pop Out,6,1,170921_021553,dc9afc2d-1dcc-409b-850b-89c6bf1d065f,0,0,2,S,Swinging Strike,FT,13,2.0,3.48,1.52,89.9,82.9,72.23,-1.01,50.0,5.87,-0.88,1.69,-9.3,3.18,3.46,-130.46,-5.64,-16.13,25.85,-26.67,28.8,7.2,24.0,1686,258,429665,608070,,,,,0,1,0,top
2017-09-20,492367,1,445060,R,457803,L,4,Pop Out,6,2,170921_021615,c279a419-de16-4082-ad27-afcb2b07acb6,0,1,2,S,Swinging Strike,FS,13,2.0,3.48,1.52,81.3,75.2,25.69,-1.19,50.0,5.89,-0.01,1.52,-6.89,0.11,4.84,-118.02,-3.36,-9.78,21.07,-32.02,15.6,9.6,24.0,1242,279,429665,608070,,,,,0,1,0,top
2017-09-20,492367,1,445060,R,457803,L,4,Pop Out,6,3,170921_021638,b891868e-e101-438e-8f61-c3c0fbc59eca,1,2,2,*B,Ball In Dirt,FS,14,2.0,3.48,1.71,80.4,74.8,11.33,-1.1,50.0,5.77,0.17,0.29,-4.62,0.15,4.34,-116.71,-5.74,-6.42,20.38,-31.96,9.6,9.6,24.0,1134,287,429665,608070,,,,,0,1,0,top
2017-09-20,492367,1,445060,R,457803,L,4,Pop Out,6,4,170921_021720,7c692154-0a1b-415b-b5a7-2bc964e8eb61,1,2,2,F,Foul,FS,11,2.0,3.48,1.52,80.7,74.9,40.01,-1.15,50.0,6.03,-0.77,2.97,-5.61,-0.01,2.58,-117.37,-0.22,-7.92,19.62,-32.19,13.2,9.6,24.0,1058,278,429665,608070,,,,,0,1,0,top
2017-09-20,492367,1,445060,R,457803,L,4,Pop Out,6,5,170921_021754,f4c68711-70f3-42ff-ac58-0f3381187e4a,1,2,2,F,Foul,FF,3,2.0,3.48,1.52,91.2,84.1,43.45,-0.71,50.0,6.11,0.34,3.31,-4.66,5.88,4.34,-132.49,-3.24,-8.38,25.34,-21.61,19.2,4.8,24.0,1867,220,429665,608070,,,,,0,1,0,top
2017-09-20,492367,1,445060,R,457803,L,4,Pop Out,6,6,170921_021818,6cc08236-8d44-4ad4-b7d8-22af607ac397,1,2,2,X,In play- out(s),SL,4,2.0,3.48,1.52,80.5,74.3,23.74,-1.22,50.0,6.0,-0.26,2.63,1.09,-1.86,1.89,-116.86,-0.29,1.52,20.78,-34.76,2.4,9.6,24.0,2129,26,429665,608070,,,,,0,1,0,top
2017-09-20,492367,2,445060,R,467793,L,9,Double,4,1,170921_022938,4e7329f3-a041-40c1-90f2-c31337c87d27,0,1,0,C,Called Strike,KC,4,2.0,3.21,1.55,71.6,66.5,58.9,-1.3,50.0,6.55,-0.24,2.56,7.48,-9.01,0.17,-104.03,2.02,8.21,17.0,-42.07,10.8,15.6,24.0,2485,37,,,,,467793,,0,0,0,top
2017-09-20,492367,2,445060,R,467793,L,9,Double,4,2,170921_022951,7c0d407c-6481-4515-9e16-27594634a806,0,1,0,B,Ball,FF,12,2.0,3.37,1.61,88.6,81.9,55.47,-0.78,50.0,6.24,1.09,2.93,-3.35,8.34,5.89,-128.59,-4.93,-5.69,23.21,-18.02,14.4,4.8,24.0,2037,200,,,,,467793,,0,0,0,top
2017-09-20,492367,2,445060,R,467793,L,9,Double,4,3,170921_023017,002f9bbe-8c97-4fe7-b63a-7d2fa86917e9,1,1,0,B,Ball,FS,14,2.0,3.41,1.58,80.1,74.0,15.7,-0.93,50.0,5.77,1.77,0.34,-4.43,4.44,7.52,-116.01,-6.77,-6.05,20.95,-26.1,9.6,8.4,24.0,1382,231,,,,,467793,,0,0,0,top
2017-09-20,492367,2,445060,R,467793,L,9,Double,4,4,170921_023044,e7f32018-f263-4a59-a8cf-a51f51efa500,2,1,0,D,In play- no out,FT,2,2.0,3.24,1.38,90.2,82.9,36.62,-0.66,50.0,6.06,0.16,2.71,-7.82,4.22,4.76,-130.97,-3.9,-13.66,26.31,-24.81,26.4,7.2,24.0,1882,246,,,,,467793,,0,0,0,top
2017-09-20,492367,2,445060,R,543401,L,10,Double,2,1,170921_023132,63958830-9d5d-49ca-8ee8-39aa164c4cac,0,0,0,B,Ball,FT,11,2.0,3.31,1.54,88.8,82.0,53.22,-0.6,50.0,6.16,-0.16,3.51,-5.18,4.17,2.85,-129.06,-1.87,-8.83,24.07,-25.07,18.0,6.0,24.0,1875,235,,467793,,,543401,,1,0,0,top
2017-09-20,492367,2,445060,R,543401,L,10,Double,2,2,170921_023201,c76a08aa-ea8c-4778-93e1-43519c393a21,1,0,0,E,In play- run(s),FT,1,2.0,3.08,1.28,88.3,81.9,46.93,-0.83,50.0,5.87,-0.34,2.6,-7.29,2.06,3.67,-128.37,-2.72,-12.33,23.05,-28.68,21.6,7.2,24.0,1816,260,,467793,,,543401,,1,0,0,top
2017-09-20,492367,2,445060,R,547379,R,11,Groundout,7,1,170921_023238,969a5c4c-9454-47f1-8b97-7a57c0560c7e,0,1,0,C,Called Strike,SL,3,2.0,3.02,1.49,77.9,72.4,65.06,-1.1,50.0,6.23,0.43,2.51,2.21,-2.34,2.78,-113.23,-0.5,2.9,18.71,-35.24,4.8,10.8,24.0,2153,38,,543401,,,543401,,0,1,-1,top
2017-09-20,492367,2,445060,R,547379,R,11,Groundout,7,2,170921_023259,4382ac51-651e-4a27-9c2e-98e959ce3178,0,1,0,B,Ball,FT,11,2.0,3.16,1.46,89.6,83.0,31.16,-1.1,50.0,6.02,-1.59,2.73,-6.1,6.1,0.8,-130.2,-4.35,-10.62,23.82,-21.56,25.2,6.0,24.0,1972,230,,543401,,,543401,,0,1,-1,top
2017-09-20,492367,2,445060,R,547379,R,11,Groundout,7,3,170921_023320,ff09bfb0-4f35-4e12-a550-a4739562abc7,1,2,0,C,Called Strike,FT,11,2.0,3.02,1.4,89.3,82.9,66.48,-1.05,50.0,5.87,-1.19,2.75,-6.93,2.93,1.98,-129.85,-2.82,-12.01,23.35,-27.09,22.8,7.2,24.0,1789,253,,543401,,,543401,,0,1,-1,top
2017-09-20,492367,2,445060,R,547379,R,11,Groundout,7,4,170921_023347,399d0ea4-ebec-46e5-af6c-0125697a2695,1,2,0,F,Foul,KC,4,2.0,2.95,1.24,73.3,67.8,42.84,-1.08,50.0,6.25,-0.45,2.04,8.96,-7.73,-1.12,-106.52,0.93,10.26,18.73,-41.04,14.4,14.4,24.0,2557,45,,543401,,,543401,,0,1,-1,top
2017-09-20,492367,2,445060,R,547379,R,11,Groundout,7,5,170921_023456,224ba061-009a-4d74-bcd8-038af39497c1,1,2,0,B,Ball,FS,14,2.0,2.97,1.44,79.8,74.1,16.4,-0.93,50.0,5.89,1.71,1.81,-3.64,1.16,7.15,-115.81,-2.73,-5.0,19.3,-30.59,7.2,9.6,24.0,1336,268,,543401,,,543401,,0,1,-1,top
2017-09-20,492367,2,445060,R,547379,R,11,Groundout,7,6,170921_023529,56efe0a2-05d8-4948-b18b-ee24a88df38e,2,2,0,B,Ball,FF,12,2.0,3.16,1.44,88.1,80.8,29.49,-0.63,50.0,6.19,0.34,3.88,-3.58,8.54,3.64,-127.96,-2.29,-5.98,24.99,-17.94,15.6,4.8,24.0,1992,202,,543401,,,543401,,0,1,-1,top
2017-09-20,492367,2,445060,R,547379,R,11,Groundout,7,7,170921_023623,c74d5544-93aa-4a1d-9d29-765332aaa5a3,3,2,0,X,In play- out(s),FT,6,2.0,2.95,1.24,90.9,83.5,47.19,-0.67,50.0,5.93,0.56,2.24,-8.18,4.56,5.99,-131.95,-5.01,-14.49,26.79,-24.09,27.6,6.0,24.0,1844,245,,543401,,,543401,,0,1,-1,top
2017-09-20,492367,2,445060,R,570482,R,12,Lineout,4,1,170921_023708,c3eeb657-7cba-40f6-aeda-3b0409a3fa2c,0,0,1,B,Ball,SL,14,2.0,3.46,1.59,79.5,73.2,84.25,-0.91,50.0,6.05,1.13,1.93,3.51,-4.05,3.61,-115.46,-1.12,4.72,22.23,-37.62,8.4,12.0,24.0,2221,38,,543401,,,543401,,0,1,-1,top
2017-09-20,492367,2,445060,R,570482,R,12,Lineout,4,2,170921_023727,885aca45-3713-4b2d-84b9-c3b5fead4fed,1,1,1,F,Foul,SL,13,2.0,3.4,1.41,80.9,74.9,32.74,-1.04,50.0,6.06,-0.06,1.35,2.25,-3.2,1.59,-117.46,-3.04,3.15,21.58,-36.66,4.8,10.8,24.0,2236,29,,543401,,,543401,,0,1,-1,top
2017-09-20,492367,2,445060,R,570482,R,12,Lineout,4,3,170921_023750,92d2a886-50fa-4a5c-b91e-7c8198091100,1,2,1,C,Called Strike,SL,12,2.0,3.39,1.62,81.8,75.5,43.36,-0.79,50.0,6.14,1.17,2.65,1.8,-1.05,4.04,-118.74,-1.03,2.59,21.52,-33.69,6.0,9.6,24.0,2192,49,,543401,,,543401,,0,1,-1,top
2017-09-20,492367,2,445060,R,570482,R,12,Lineout,4,4,170921_023817,0b2e69d8-f300-4b60-bea0-8bcfc9adc8f3,1,2,1,X,In play- out(s),FF,3,2.0,3.45,1.45,91.5,83.7,45.74,-0.65,50.0,6.13,0.34,3.44,-5.27,6.69,4.38,-132.78,-3.23,-9.44,27.5,-20.19,22.8,4.8,24.0,1959,220,,543401,,,543401,,0,1,-1,top
2017-09-20,492367,2,445060,R,596019,L,13,Flyout,5,1,170921_023912,fb60d0d7-be63-41eb-95aa-7567ef5092ab,0,1,2,C,Called Strike,KC,6,2.0,3.18,1.53,74.2,68.1,72.87,-0.91,50.0,6.21,0.59,2.08,8.62,-8.18,0.8,-107.68,1.1,10.02,20.47,-41.68,13.2,14.4,24.0,2450,44,,543401,,,,,0,1,-1,top
2017-09-20,492367,2,445060,R,596019,L,13,Flyout,5,2,170921_023933,47dc6d10-d841-4439-bafa-344c98893b79,1,1,2,*B,Ball In Dirt,KC,14,2.0,3.26,1.53,74.1,68.1,33.26,-1.1,50.0,6.09,1.36,0.58,9.98,-6.26,2.45,-107.61,-2.29,11.51,21.59,-39.39,16.8,14.4,24.0,2506,53,,543401,,,,,0,1,-1,top
2017-09-20,492367,2,445060,R,596019,L,13,Flyout,5,3,170921_024007,53340674-3511-46f8-94a6-be3f958b605e,1,2,2,F,Foul,FT,13,2.0,3.07,1.34,89.8,83.1,57.41,-0.92,50.0,5.82,-1.05,1.97,-8.54,3.95,2.54,-130.58,-5.07,-14.9,24.94,-25.28,28.8,7.2,24.0,1860,251,,543401,,,,,0,1,-1,top
2017-09-20,492367,2,445060,R,596019,L,13,Flyout,5,4,170921_024042,e5ae4650-578d-4286-ba50-3077254a0da9,1,2,2,F,Foul,FF,12,2.0,3.07,1.34,91.5,84.1,50.72,-0.52,50.0,6.08,0.86,3.51,-3.61,6.99,4.87,-132.86,-3.04,-6.5,26.38,-19.58,15.6,4.8,24.0,1989,207,,543401,,,,,0,1,-1,top
2017-09-20,492367,2,445060,R,596019,L,13,Flyout,5,5,170921_024113,7d7c1188-530b-463c-977e-921836faa849,1,2,2,X,In play- out(s),KC,13,2.0,3.07,1.34,73.6,68.1,53.15,-1.11,50.0,6.08,-0.22,1.09,8.0,-9.45,-0.31,-106.87,-0.28,9.2,19.45,-43.03,12.0,15.6,24.0,2507,37,,543401,,,,,0,1,-1,top
2017-09-20,492367,3,445060,R,457706,R,20,Flyout,4,1,170921_030137,ce61cbde-a747-4863-b94f-4f14287e010c,0,1,0,C,Called Strike,SL,5,2.0,3.3,1.58,79.3,73.3,54.83,-1.04,50.0,6.17,-0.17,2.66,1.74,-0.79,1.47,-115.17,-0.7,2.35,20.17,-33.25,4.8,9.6,24.0,2141,48,,,,,,,0,1,0,top
2017-09-20,492367,3,445060,R,457706,R,20,Flyout,4,2,170921_030152,39d27c5c-a033-45a6-b7f5-0f72ca121476,0,1,0,B,Ball,SL,9,2.0,3.22,1.58,79.5,73.8,40.91,-0.76,50.0,6.16,0.37,1.64,2.12,-3.18,1.96,-115.51,-2.37,2.88,20.18,-36.5,4.8,10.8,24.0,2206,29,,,,,,,0,1,0,top
2017-09-20,492367,3,445060,R,457706,R,20,Flyout,4,3,170921_030210,b2cb5db1-61c1-4731-8dfd-847c00464856,1,1,0,B,Ball,FF,11,2.0,3.52,1.6,89.1,81.7,37.61,-0.9,50.0,6.16,-0.02,3.73,-6.28,8.0,4.36,-129.36,-2.62,-10.7,25.45,-18.54,27.6,4.8,24.0,2071,219,,,,,,,0,1,0,top
2017-09-20,492367,3,445060,R,457706,R,20,Flyout,4,4,170921_030246,721fe760-9a3e-4d88-aefb-9da063f5dfd4,2,1,0,X,In play- out(s),FT,5,2.0,3.29,1.37,89.7,82.5,31.33,-0.74,50.0,5.92,-0.04,2.05,-8.36,6.62,4.61,-130.1,-5.94,-14.42,25.64,-20.75,31.2,6.0,24.0,1916,235,,,,,,,0,1,0,top
2017-09-20,492367,3,445060,R,608070,L,21,Groundout,5,1,170921_030309,46a98e7b-f742-4bd7-9b63-b13050b83d40,0,0,1,B,Ball,FF,11,2.0,3.42,1.61,89.5,81.4,52.76,-0.83,50.0,6.05,-1.93,3.43,-5.33,10.91,-1.02,-129.82,-4.03,-9.08,27.83,-13.6,32.4,3.6,24.0,2074,209,,,,,,,0,1,0,top
2017-09-20,492367,3,445060,R,608070,L,21,Groundout,5,2,170921_030326,a217c32b-0638-48c4-a56b-705e66d336ea,1,0,1,B,Ball,SL,14,2.0,3.45,1.63,80.3,74.4,58.24,-0.95,50.0,5.86,0.79,1.54,1.82,0.8,3.46,-116.56,-3.25,2.52,20.43,-31.06,6.0,9.6,24.0,2346,80,,,,,,,0,1,0,top
2017-09-20,492367,3,445060,R,608070,L,21,Groundout,5,3,170921_030343,6ee3c28d-997a-4d1d-aba1-5a5f0266376b,2,1,1,C,Called Strike,FF,13,2.0,3.38,1.55,88.4,81.6,62.83,-0.61,50.0,5.97,-0.82,1.52,-6.9,8.23,1.74,-128.43,-7.7,-11.61,24.72,-18.33,30.0,6.0,24.0,1995,225,,,,,,,0,1,0,top
2017-09-20,492367,3,445060,R,608070,L,21,Groundout,5,4,170921_030357,284bf221-e6af-4c37-bcc8-285669befc95,2,2,1,F,Foul,SL,7,2.0,3.18,1.35,78.8,73.2,31.04,-1.15,50.0,5.88,-0.3,1.84,1.94,-2.97,1.35,-114.56,-1.21,2.6,19.6,-36.15,4.8,10.8,24.0,2272,28,,,,,,,0,1,0,top
2017-09-20,492367,3,445060,R,608070,L,21,Groundout,5,5,170921_030423,4f3444df-822b-4132-a4aa-96e11f03826d,2,2,1,X,In play- out(s),KC,7,2.0,3.18,1.35,73.0,67.4,56.87,-0.98,50.0,6.22,-0.45,1.44,7.12,-9.64,-0.82,-106.0,0.34,8.04,19.39,-43.06,10.8,15.6,24.0,2468,33,,,,,,,0,1,0,top
2017-09-20,492367,3,445060,R,429665,R,22,Lineout,4,1,170921_030502,6796e022-4027-40e3-876c-4c9cd2ad6fe0,0,1,2,C,Called Strike,FS,13,2.0,3.53,1.78,80.8,75.4,91.82,-0.91,50.0,5.89,-0.36,1.69,-5.39,2.99,2.92,-117.45,-3.82,-7.66,18.52,-27.93,14.4,8.4,24.0,1304,249,,,,,,,0,1,0,top
2017-09-20,492367,3,445060,R,429665,R,22,Lineout,4,2,170921_030514,ad73d1f2-090c-4351-9f24-a4397d47e05f,0,1,2,B,Ball,FF,13,2.0,3.49,1.62,90.0,83.0,19.41,-1.09,50.0,5.99,-2.18,2.47,-4.6,8.11,-1.28,-130.74,-5.65,-8.03,25.24,-18.02,22.8,4.8,24.0,2092,214,,,,,,,0,1,0,top
2017-09-20,492367,3,445060,R,429665,R,22,Lineout,4,3,170921_030533,80f5b1d7-f524-4599-b285-c48e41b2ca98,1,1,2,B,Ball,FF,11,2.0,3.47,1.7,90.5,83.6,53.99,-0.94,50.0,6.0,-1.28,2.96,-4.35,7.24,0.57,-131.61,-4.24,-7.71,25.05,-19.34,20.4,4.8,24.0,1904,215,,,,,,,0,1,0,top
2017-09-20,492367,3,445060,R,429665,R,22,Lineout,4,4,170921_030544,ee19af53-3766-4a17-8f7c-271c7cc6d007,2,1,2,X,In play- out(s),SL,6,2.0,3.31,1.38,82.3,76.6,28.46,-0.91,50.0,5.98,0.38,2.18,2.8,-0.96,2.18,-119.64,-1.95,4.11,20.08,-33.58,7.2,9.6,24.0,,58,,,,,,,0,1,0,top
2017-09-20,492367,4,445060,R,457803,L,26,Single,1,1,170921_031600,6a23eb9f-358b-4c73-a536-905e85e2ebc5,0,0,0,D,In play- no out,KC,7,2.0,3.48,1.52,72.9,67.2,73.17,-1.25,50.0,6.37,-0.58,2.14,5.9,-9.19,-0.2,-105.81,1.39,6.65,19.03,-42.53,8.4,15.6,24.0,2342,30,,,,457803,,,0,0,0,top
2017-09-20,492367,4,445060,R,467793,L,27,Walk,5,1,170921_031640,e45fec76-a387-412b-beb3-01988d2c452a,0,1,0,C,Called Strike,FS,7,2.0,3.37,1.58,78.9,73.5,92.66,-1.19,50.0,5.86,-0.54,1.77,-5.13,-0.34,3.0,-114.69,-2.15,-6.93,18.42,-32.64,10.8,9.6,24.0,1128,285,457803,,,467793,457803,,0,0,0,top
2017-09-20,492367,4,445060,R,467793,L,27,Walk,5,2,170921_031711,ae8f92dd-13a0-4f59-b55d-33ceff3ae2a4,1,1,0,*B,Ball In Dirt,SL,14,2.0,3.27,1.61,77.9,72.1,13.91,-0.91,50.0,5.83,1.43,0.8,3.63,-0.89,4.18,-113.01,-3.78,4.7,20.37,-33.33,8.4,10.8,24.0,2275,62,457803,,,467793,457803,,0,0,0,top
2017-09-20,492367,4,445060,R,467793,L,27,Walk,5,3,170921_031740,4cc5a71b-21db-427d-ae5c-8958007d06ae,1,1,0,B,Ball,FS,13,2.0,3.37,1.58,79.7,74.3,51.82,-1.11,50.0,5.78,-0.74,1.53,-4.62,-0.42,2.24,-115.87,-2.66,-6.36,19.01,-32.75,10.8,9.6,24.0,1104,289,457803,,,467793,457803,,0,0,0,top
2017-09-20,492367,4,445060,R,467793,L,27,Walk,5,4,170921_031801,ed5991f6-8ac7-40e9-86c6-cf2d1d22ba91,3,1,0,*B,Ball In Dirt,FS,14,2.0,3.28,1.57,79.4,74.0,11.83,-0.97,50.0,5.68,0.18,0.66,-6.57,1.31,4.6,-115.26,-4.84,-8.95,19.01,-30.39,14.4,9.6,24.0,1347,270,457803,,,467793,457803,,0,0,0,top
2017-09-20,492367,4,445060,R,467793,L,27,Walk,5,5,170921_031829,86dad550-9ee8-46c7-b75f-eb93bee4d83b,3,1,0,B,Ball,FT,13,2.0,3.33,1.6,90.3,83.3,29.75,-1.22,50.0,5.82,-1.39,2.17,-9.64,2.96,2.82,-131.13,-4.3,-16.91,25.74,-26.98,30.0,7.2,24.0,1770,259,457803,,,467793,457803,,0,0,0,top
2017-09-20,492367,4,445060,R,543401,L,28,Forceout,5,1,170921_031924,6a1d1eec-153e-472f-b3d3-97b640875493,0,0,0,B,Ball,FS,11,2.0,3.34,1.49,79.8,72.5,88.14,-1.07,50.0,6.21,-0.79,4.2,-4.87,1.49,2.08,-115.6,2.07,-6.55,22.56,-30.17,12.0,9.6,24.0,1232,259,467793,457803,,543401,,457803,0,1,0,top
2017-09-20,492367,4,445060,R,543401,L,28,Forceout,5,2,170921_031943,0730364e-16ec-4132-9c07-92999bb7b4de,1,0,0,B,Ball,FT,13,2.0,3.32,1.49,89.4,82.7,26.56,-0.81,50.0,6.02,-1.59,2.26,-5.98,5.82,-0.01,-129.91,-5.38,-10.33,24.52,-22.12,24.0,6.0,24.0,1741,232,467793,457803,,543401,,457803,0,1,0,top
2017-09-20,492367,4,445060,R,543401,L,28,Forceout,5,3,170921_032014,b72ceb19-8395-4974-be8d-64289bbae09c,2,1,0,C,Called Strike,FT,13,2.0,3.29,1.46,90.8,83.8,66.56,-0.77,50.0,5.8,-1.02,1.83,-7.38,5.61,1.84,-131.95,-6.14,-13.11,25.85,-22.19,28.8,6.0,24.0,1796,239,467793,457803,,543401,,457803,0,1,0,top
2017-09-20,492367,4,445060,R,543401,L,28,Forceout,5,4,170921_032041,5528639e-b318-49a0-8fde-715ea8f1bd23,2,1,0,S,Swinging Strike,SL,14,2.0,3.08,1.28,78.6,73.0,50.36,-1.15,50.0,5.8,0.71,1.71,3.16,0.14,3.28,-114.16,-2.18,4.2,19.12,-31.99,8.4,9.6,24.0,2242,75,467793,457803,,543401,,457803,0,1,0,top
2017-09-20,492367,4,445060,R,543401,L,28,Forceout,5,5,170921_032106,3865e038-048e-4362-a3a5-0f25e6fcffa3,2,2,0,X,In play- out(s),SL,4,2.0,3.08,1.28,78.8,72.8,26.99,-1.11,50.0,5.84,-0.33,2.01,1.56,-2.26,1.31,-114.45,-0.91,2.08,20.28,-35.19,3.6,10.8,24.0,2143,28,467793,457803,,543401,,457803,0,1,0,top
2017-09-20,492367,4,445060,R,547379,R,29,Strikeout,7,1,170921_032210,627fcc86-53dc-4c95-8ae5-ed54a390c064,1,0,1,*B,Ball In Dirt,SL,14,2.0,3.09,1.5,79.7,74.2,55.21,-0.62,50.0,6.04,1.35,0.76,2.66,0.44,3.72,-115.78,-5.23,3.65,19.91,-31.57,7.2,9.6,24.0,2225,73,543401,,457803,543401,,457803,0,1,0,top
2017-09-20,492367,4,445060,R,547379,R,29,Strikeout,7,2,170921_032242,87302589-024e-4869-aa7f-8b966c20140a,1,1,1,C,Called Strike,SL,9,2.0,3.07,1.49,78.9,73.4,46.34,-0.93,50.0,5.95,0.71,1.83,3.75,-2.24,2.6,-114.65,-1.62,5.04,19.23,-35.19,8.4,10.8,24.0,2110,51,543401,,457803,543401,,457803,0,1,0,top
2017-09-20,492367,4,445060,R,547379,R,29,Strikeout,7,3,170921_032312,ef1e23dd-17bb-40b3-974d-ab96e14c3547,1,2,1,F,Foul,FT,5,2.0,2.98,1.26,91.3,84.2,31.31,-0.48,50.0,5.91,0.15,2.29,-8.31,6.28,4.48,-132.55,-5.56,-14.93,25.84,-20.89,32.4,6.0,24.0,1823,237,543401,,457803,543401,,457803,0,1,0,top
2017-09-20,492367,4,445060,R,547379,R,29,Strikeout,7,4,170921_032405,6b6e1ebe-fdb3-41aa-8313-a2f7b88c648f,2,2,1,*B,Ball In Dirt,FF,13,2.0,3.12,1.51,88.8,82.3,42.28,-0.75,50.0,5.76,-0.61,-0.19,-5.44,6.84,2.17,-128.78,-11.14,-9.23,24.48,-20.58,21.6,6.0,24.0,1911,226,543401,,457803,543401,,457803,0,1,0,top
2017-09-20,492367,4,445060,R,547379,R,29,Strikeout,7,5,170921_032442,d5b49649-48b6-4c76-a7d6-5c2b33e98008,2,2,1,B,Ball,FS,11,2.0,3.13,1.46,80.0,73.5,23.69,-1.02,50.0,6.03,-0.35,3.77,-2.38,6.85,2.26,-116.16,-0.25,-3.27,20.29,-22.74,7.2,7.2,24.0,993,199,543401,,457803,543401,,457803,0,1,0,top
2017-09-20,492367,4,445060,R,547379,R,29,Strikeout,7,6,170921_032546,089a296a-f220-462b-b70c-3d968c8981f2,3,2,1,S,Swinging Strike,SL,4,2.0,2.98,1.26,78.6,73.1,23.37,-1.07,50.0,6.07,-0.32,2.25,1.93,-1.55,1.14,-114.24,-1.11,2.59,18.64,-34.25,4.8,10.8,24.0,2135,40,543401,,457803,543401,,457803,0,1,0,top
2017-09-20,492367,4,445060,R,570482,R,30,Double,1,1,170921_032640,377f6b0c-ceb0-45ad-9569-ad4784add0c7,0,0,2,E,In play- run(s),SL,5,2.0,3.43,1.43,79.1,73.4,57.26,-0.82,50.0,6.12,0.22,2.14,1.33,-4.36,1.96,-114.95,-0.7,1.79,20.02,-38.04,3.6,12.0,24.0,2174,17,543401,,457803,,570482,543401,1,0,0,top
2017-09-20,492367,4,445060,R,457706,R,32,Groundout,3,1,170921_032801,3c80250a-516e-467b-b3df-308dbc393674,0,0,2,B,Ball,FT,13,2.0,3.39,1.6,89.8,83.0,47.11,-0.68,50.0,5.8,-0.55,1.05,-10.34,3.81,3.79,-130.29,-7.29,-17.9,25.44,-25.58,32.4,7.2,24.0,1828,256,596019,570482,543401,,,,0,1,-1,top
2017-09-20,492367,4,445060,R,457706,R,32,Groundout,3,2,170921_032824,8340523f-8c6a-4bc5-8b1b-16a4ade229ff,1,0,2,B,Ball,FF,14,2.0,3.31,1.61,90.2,83.0,27.24,-0.55,50.0,5.83,1.32,1.17,-4.05,8.49,6.2,-130.78,-8.69,-7.06,26.01,-17.39,16.8,4.8,24.0,1927,206,596019,570482,543401,,,,0,1,-1,top
2017-09-20,492367,4,445060,R,457706,R,32,Groundout,3,3,170921_032852,94c94000-4fba-442d-9e4e-c59e069484b5,2,0,2,X,In play- out(s),FT,5,2.0,3.29,1.37,91.4,84.5,28.87,-0.75,50.0,5.89,-0.03,2.17,-6.43,6.4,4.1,-132.72,-5.88,-11.61,25.21,-20.63,26.4,6.0,24.0,1855,229,596019,570482,543401,,,,0,1,-1,top
2017-09-20,492367,5,445060,R,608070,L,36,Groundout,4,1,170921_033850,a0f531b7-c3c3-4767-abf0-0893c3f9f325,0,1,0,C,Called Strike,FT,8,2.0,3.39,1.59,88.9,82.0,45.13,-0.93,50.0,5.9,-0.05,1.68,-9.36,5.48,5.35,-128.98,-6.3,-15.9,24.76,-22.86,32.4,7.2,24.0,2055,244,,,,,,,0,1,-1,top
2017-09-20,492367,5,445060,R,608070,L,36,Groundout,4,2,170921_033900,619c9725-642e-401a-8683-c00442d30e86,0,1,0,B,Ball,KC,14,2.0,3.4,1.55,74.7,69.7,33.03,-1.04,50.0,5.97,1.56,-0.58,6.36,-6.92,3.8,-108.57,-4.57,7.54,20.1,-40.39,10.8,14.4,24.0,2538,39,,,,,,,0,1,-1,top
2017-09-20,492367,5,445060,R,608070,L,36,Groundout,4,3,170921_033917,8bd97046-4d42-4130-8b93-f2d9f6c8478a,1,1,0,B,Ball,FS,14,2.0,3.34,1.6,80.1,74.9,25.61,-0.97,50.0,5.84,0.52,0.82,-3.48,0.63,4.49,-116.29,-4.83,-4.84,18.57,-31.3,7.2,9.6,24.0,1242,281,,,,,,,0,1,-1,top
2017-09-20,492367,5,445060,R,608070,L,36,Groundout,4,4,170921_033938,40d3de18-d446-4cd5-b693-71ae2cf2def4,2,1,0,X,In play- out(s),FF,6,2.0,3.18,1.35,90.4,83.0,36.3,-0.79,50.0,6.03,0.5,2.2,-2.81,9.65,4.32,-131.12,-7.0,-4.93,26.03,-15.27,14.4,3.6,24.0,2159,195,,,,,,,0,1,-1,top
2017-09-20,492367,5,445060,R,429665,R,37,Strikeout,4,1,170921_034013,bd0c388a-7d89-4998-b817-257c787d1502,0,0,1,S,Swinging Strike,KC,14,2.0,3.31,1.38,72.0,66.5,79.11,-0.78,50.0,6.32,1.08,2.16,7.98,-8.18,1.69,-104.57,1.43,8.78,18.68,-41.17,12.0,15.6,24.0,2499,42,,,,,,,0,1,-1,top
2017-09-20,492367,5,445060,R,429665,R,37,Strikeout,4,2,170921_034027,3c440a66-b559-4c79-b8d8-bcc4d2191a52,0,2,1,C,Called Strike,FF,14,2.0,3.37,1.6,90.3,82.8,55.49,-0.55,50.0,6.04,1.06,2.05,-2.91,9.71,5.16,-130.93,-7.39,-5.08,26.46,-15.24,13.2,3.6,24.0,2102,195,,,,,,,0,1,-1,top
2017-09-20,492367,5,445060,R,429665,R,37,Strikeout,4,3,170921_034042,9accc2f4-2864-491d-a7b2-ab403f27a37a,0,2,1,B,Ball,SL,13,2.0,3.49,1.78,79.5,74.3,20.78,-1.19,50.0,5.74,-0.24,0.58,-1.19,-2.48,2.54,-115.64,-4.06,-1.62,19.4,-35.57,2.4,10.8,24.0,2341,346,,,,,,,0,1,-1,top
2017-09-20,492367,5,445060,R,429665,R,37,Strikeout,4,4,170921_034111,4ac1812c-00d9-45ab-8c23-fe5c04b712a8,1,2,1,S,Swinging Strike,FT,3,2.0,3.31,1.38,91.4,84.0,47.09,-0.44,50.0,6.05,0.24,3.24,-8.07,5.0,4.54,-132.8,-2.97,-14.5,26.86,-23.19,30.0,6.0,24.0,2117,242,,,,,,,0,1,-1,top
2017-09-20,492367,5,445060,R,457803,L,38,Lineout,5,1,170921_034141,26cd2189-5bc2-47e5-ace8-66f5112090e9,0,0,2,B,Ball,FT,13,2.0,3.49,1.74,89.8,82.8,43.37,-0.71,50.0,5.71,-0.44,0.99,-8.54,4.95,3.54,-130.27,-7.58,-14.77,25.84,-23.61,28.8,7.2,24.0,1903,247,,,,,,,0,1,-1,top
2017-09-20,492367,5,445060,R,457803,L,38,Lineout,5,2,170921_034157,29b582f2-7f3c-4ca5-8743-396dca6600c6,1,0,2,S,Swinging Strike,FS,9,2.0,3.48,1.52,80.0,73.9,27.05,-0.89,50.0,5.89,0.3,1.99,-4.74,0.56,4.14,-116.11,-2.14,-6.52,20.35,-31.41,10.8,9.6,24.0,1152,277,,,,,,,0,1,-1,top
2017-09-20,492367,5,445060,R,457803,L,38,Lineout,5,3,170921_034216,02397dee-d58f-4947-8169-e92a344e255e,1,1,2,B,Ball,SL,14,2.0,3.48,1.75,81.6,75.1,59.06,-1.04,50.0,5.9,1.01,1.54,2.18,-2.36,4.12,-118.45,-2.58,3.09,23.16,-35.52,6.0,10.8,24.0,2399,37,,,,,,,0,1,-1,top
2017-09-20,492367,5,445060,R,457803,L,38,Lineout,5,4,170921_034234,c5bb5370-f9ac-44fa-b08a-0006fa000683,2,2,2,F,Foul,FF,13,2.0,3.48,1.52,90.0,82.3,49.23,-0.78,50.0,5.86,-0.72,2.07,-4.0,8.33,1.5,-130.65,-6.32,-6.91,27.65,-17.78,19.2,4.8,24.0,2037,209,,,,,,,0,1,-1,top
2017-09-20,492367,5,445060,R,457803,L,38,Lineout,5,5,170921_034319,26a17a19-352d-497a-b3c5-c0bce14d3329,2,2,2,X,In play- out(s),FF,2,2.0,3.48,1.52,91.5,83.9,32.36,-0.79,50.0,6.03,0.15,2.95,-3.03,9.3,3.49,-132.86,-5.15,-5.45,26.94,-15.46,15.6,3.6,24.0,2115,198,,,,,,,0,1,-1,top
2017-09-25,492437,1,445060,R,570560,L,4,Single,4,1,170926_002221,90dc2ae5-722e-49e4-a10d-e8f530bd17d8,0,0,0,B,Ball,FF,11,2.0,3.48,1.65,86.5,79.7,72.42,-0.97,50.0,6.22,-1.02,2.99,-6.78,10.45,2.06,-125.66,-4.97,-10.95,23.09,-15.29,33.6,4.8,24.0,2200,215,,,,570560,,,0,0,0,bottom
2017-09-25,492437,1,445060,R,570560,L,4,Single,4,2,170926_002234,abc60496-9350-4b99-ab13-ad9735978191,1,1,0,C,Called Strike,FF,2,2.0,3.38,1.61,87.8,80.8,27.04,-0.93,50.0,6.21,-0.04,2.83,-6.5,10.55,4.4,-127.4,-5.64,-10.79,23.74,-14.67,32.4,4.8,24.0,2210,213,,,,570560,,,0,0,0,bottom
2017-09-25,492437,1,445060,R,570560,L,4,Single,4,3,170926_002249,3a2520d9-7a8c-4067-892a-9b99990579ab,1,1,0,S,Swinging Strike,FS,14,2.0,3.42,1.65,80.1,74.0,41.46,-1.06,50.0,5.92,0.94,1.13,-7.33,2.53,6.79,-116.18,-4.77,-10.07,20.65,-28.69,16.8,9.6,24.0,1518,260,,,,570560,,,0,0,0,bottom
2017-09-25,492437,1,445060,R,570560,L,4,Single,4,4,170926_002315,f47f65d6-dafe-490b-bfc7-3c0e6f870b0b,1,2,0,D,In play- no out,FT,2,2.0,3.38,1.7,89.1,81.9,35.53,-0.77,50.0,6.15,-0.07,2.99,-7.96,8.72,4.43,-129.43,-4.73,-13.59,25.24,-17.28,34.8,4.8,24.0,2037,224,,,,570560,,,0,0,0,bottom
2017-09-25,492437,1,445060,R,641313,R,5,Field Error,2,1,170926_002350,02ce734b-5477-4289-be81-388907d57f87,0,1,0,F,Foul,FT,3,2.0,3.32,1.59,87.8,80.3,62.67,-0.8,50.0,6.09,0.64,3.1,-10.37,6.97,7.01,-127.25,-3.42,-17.05,25.45,-20.71,36.0,6.0,24.0,1910,238,570560,,,,641313,570560,0,0,0,bottom
2017-09-25,492437,1,445060,R,641313,R,5,Field Error,2,2,170926_002419,b4bcdc39-37c7-41e7-82ac-5a6835c84bde,0,1,0,D,In play- no out,SL,14,2.0,3.26,1.46,78.9,73.1,63.87,-0.95,50.0,6.11,0.91,1.45,-0.84,-1.0,4.47,-114.55,-3.16,-1.12,20.28,-33.51,1.2,10.8,24.0,2194,353,570560,,,,641313,570560,0,0,0,bottom
2017-09-25,492437,1,445060,R,541645,R,6,Flyout,1,1,170926_002523,bb36afeb-bf33-47f7-be2a-58db90c46ffd,0,0,0,X,In play- out(s),SL,9,2.0,3.51,1.72,80.3,74.0,61.36,-1.09,50.0,6.11,0.29,2.25,-1.53,0.46,3.63,-116.56,-2.05,-2.11,21.12,-31.54,2.4,9.6,24.0,2115,300,,641313,570560,,641313,570560,0,1,0,bottom
2017-09-25,492437,1,445060,R,571602,R,7,Fielders Choice Out,2,1,170926_002608,15d51d4a-2bb5-40ce-bd3c-9e7885d5c493,0,1,1,C,Called Strike,SL,7,2.0,3.47,1.58,78.6,72.6,72.47,-1.24,50.0,6.11,-0.62,2.15,-1.38,-1.35,1.82,-114.15,-1.43,-1.82,20.25,-33.97,2.4,10.8,24.0,2091,334,,641313,570560,571602,,641313,0,1,0,bottom
2017-09-25,492437,1,445060,R,571602,R,7,Fielders Choice Out,2,2,170926_002633,4c949f5d-99d7-4f89-a7eb-f27d011cd019,0,1,1,X,In play- out(s),SL,14,2.0,3.37,1.52,80.2,74.2,53.57,-0.97,50.0,6.02,0.68,1.47,-1.17,0.45,4.15,-116.38,-3.63,-1.61,20.87,-31.55,1.2,9.6,24.0,2173,322,,641313,570560,571602,,641313,0,1,0,bottom
2017-09-25,492437,1,445060,R,547170,L,8,Double,6,1,170926_002746,fd3c46d5-c544-4733-86be-6fd236ae00ce,1,0,2,*B,Ball In Dirt,FT,14,2.0,3.39,1.64,89.4,82.4,33.86,-1.06,50.0,5.83,0.16,1.01,-10.27,7.67,6.57,-129.59,-8.66,-17.6,25.26,-19.03,38.4,6.0,24.0,2027,237,571602,,641313,,547170,,2,0,0,bottom
2017-09-25,492437,1,445060,R,547170,L,8,Double,6,2,170926_002814,a0596289-ab75-4bae-9165-551f92881920,2,0,2,*B,Ball In Dirt,FS,14,2.0,3.47,1.75,80.8,75.1,30.47,-1.02,50.0,5.77,0.65,0.77,-7.73,3.06,6.21,-117.3,-5.62,-10.88,20.11,-27.87,19.2,8.4,24.0,1360,256,571602,,641313,,547170,,2,0,0,bottom
2017-09-25,492437,1,445060,R,547170,L,8,Double,6,3,170926_002842,c154b100-d04a-461c-8572-cb0b8e07ad17,2,0,2,S,Swinging Strike,FS,14,2.0,3.45,1.67,80.0,74.2,44.07,-0.93,50.0,5.86,0.6,1.61,-7.2,1.37,5.7,-116.12,-3.21,-9.94,19.62,-30.28,16.8,9.6,24.0,1282,268,571602,,641313,,547170,,2,0,0,bottom
2017-09-25,492437,1,445060,R,547170,L,8,Double,6,4,170926_002926,85a59ca9-44a4-4c89-aade-fd9904a70b38,2,1,2,B,Ball,FT,13,2.0,3.43,1.69,91.8,84.3,68.18,-1.09,50.0,5.81,-0.71,1.47,-10.41,7.03,4.56,-133.23,-7.72,-18.78,27.6,-19.49,40.8,6.0,24.0,1999,240,571602,,641313,,547170,,2,0,0,bottom
2017-09-25,492437,1,445060,R,547170,L,8,Double,6,5,170926_002953,6cc2c239-8df4-470d-b390-d848e62e695f,3,2,2,C,Called Strike,FF,5,2.0,3.51,1.73,91.6,83.9,28.77,-0.83,50.0,5.94,-0.2,2.6,-6.59,10.05,3.9,-133.02,-6.1,-11.86,27.45,-14.1,36.0,4.8,24.0,2016,215,571602,,641313,,547170,,2,0,0,bottom
2017-09-25,492437,1,445060,R,547170,L,8,Double,6,6,170926_003031,87a4fd80-9915-4bdd-8d04-1c07be1f58aa,3,2,2,E,In play- run(s),SL,8,2.0,3.41,1.73,79.5,73.3,34.57,-1.19,50.0,5.86,0.22,1.83,0.0,-0.14,3.23,-115.51,-2.12,0.01,21.11,-32.37,1.2,9.6,24.0,2348,19,571602,,641313,,547170,,2,0,0,bottom
2017-09-25,492437,1,445060,R,542642,R,9,Strikeout,7,1,170926_003129,a6878265-ecca-486c-b667-2fb15d230487,0,0,2,B,Ball,FF,12,2.0,3.68,1.78,91.7,83.7,78.92,-0.64,50.0,6.15,0.7,3.91,-6.74,10.04,5.82,-133.04,-3.2,-12.1,27.98,-14.15,36.0,3.6,24.0,2149,214,,547170,,,,,0,1,-2,bottom
2017-09-25,492437,1,445060,R,542642,R,9,Strikeout,7,2,170926_003150,a14d3580-cc6f-4067-85c7-8766dcc85706,1,1,2,C,Called Strike,FT,14,2.0,3.64,1.76,92.1,84.5,55.57,-0.58,50.0,5.93,0.73,2.4,-11.56,5.59,7.41,-133.54,-5.16,-20.98,27.51,-22.03,40.8,7.2,24.0,1936,248,,547170,,,,,0,1,-2,bottom
2017-09-25,492437,1,445060,R,542642,R,9,Strikeout,7,3,170926_003210,70e4fa75-6cb0-4eb1-a881-c0ffcbba97f5,1,1,2,S,Swinging Strike,SL,14,2.0,3.53,1.64,80.4,74.7,59.53,-0.87,50.0,5.99,0.89,1.9,-0.18,-2.92,4.13,-116.91,-1.64,-0.25,20.47,-36.24,0.0,10.8,24.0,2346,4,,547170,,,,,0,1,-2,bottom
2017-09-25,492437,1,445060,R,542642,R,9,Strikeout,7,4,170926_003235,ca7f263f-0158-4994-8cd9-4e4f22dd18b1,2,2,2,*B,Ball In Dirt,SL,14,2.0,3.55,1.74,80.2,74.2,16.56,-0.88,50.0,5.82,1.43,0.9,-0.16,-2.59,5.36,-116.44,-3.55,-0.22,21.7,-35.74,1.2,10.8,24.0,2376,8,,547170,,,,,0,1,-2,bottom
2017-09-25,492437,1,445060,R,542642,R,9,Strikeout,7,5,170926_003329,f63504c4-8d68-4ffb-9030-127f40d80a12,2,2,2,B,Ball,FT,14,2.0,3.47,1.64,92.4,84.8,25.1,-0.5,50.0,5.94,1.72,2.45,-10.64,7.42,9.55,-133.86,-5.74,-19.43,27.05,-18.61,42.0,6.0,24.0,2052,237,,547170,,,,,0,1,-2,bottom
2017-09-25,492437,1,445060,R,542642,R,9,Strikeout,7,6,170926_003354,ad9ea356-f767-433a-9861-2f74f3ceacfb,3,2,2,F,Foul,SL,4,2.0,3.47,1.66,80.1,73.9,34.13,-0.95,50.0,6.06,-0.37,2.81,-1.82,-0.84,1.89,-116.33,-0.23,-2.51,20.76,-33.34,3.6,9.6,24.0,2173,316,,547170,,,,,0,1,-2,bottom
2017-09-25,492437,1,445060,R,542642,R,9,Strikeout,7,7,170926_003425,470c0a63-1ee5-417b-9a43-77cb073aaee9,3,2,2,S,Swinging Strike,FF,12,2.0,3.64,1.82,92.9,85.2,61.42,-0.43,50.0,6.06,1.05,3.54,-7.6,9.29,6.6,-134.89,-3.94,-14.1,27.33,-14.94,39.6,4.8,24.0,2066,220,,547170,,,,,0,1,-2,bottom
2017-09-25,492437,2,445060,R,553882,L,16,Walk,4,1,170926_005002,99e3980b-61d4-4d3a-9a9c-46422f75e320,0,0,0,B,Ball,FT,11,2.0,3.28,1.38,87.4,80.3,77.02,-0.91,50.0,6.04,-0.86,3.4,-10.95,6.61,3.69,-126.96,-2.4,-17.98,24.62,-21.32,38.4,7.2,24.0,2005,242,,,,553882,,,0,0,-1,bottom
2017-09-25,492437,2,445060,R,553882,L,16,Walk,4,2,170926_005019,0e5f81e0-d606-4277-9b87-a40b0b1ae836,1,0,0,B,Ball,FT,11,2.0,3.5,1.65,88.4,80.9,62.09,-0.86,50.0,6.26,-0.47,3.88,-7.6,8.97,3.51,-128.33,-2.65,-12.71,25.71,-17.16,34.8,4.8,24.0,2111,222,,,,553882,,,0,0,-1,bottom
2017-09-25,492437,2,445060,R,553882,L,16,Walk,4,3,170926_005035,bfe14c8a-613e-46f6-8128-b360052809eb,2,0,0,B,Ball,FF,13,2.0,3.52,1.49,89.0,81.9,57.5,-0.78,50.0,5.99,-0.71,1.82,-7.34,11.45,2.63,-129.14,-8.2,-12.5,24.91,-12.69,39.6,4.8,24.0,2086,215,,,,553882,,,0,0,-1,bottom
2017-09-25,492437,2,445060,R,553882,L,16,Walk,4,4,170926_005052,a14efff4-0650-4d68-a6c4-47799cf67a80,3,0,0,B,Ball,FF,11,2.0,3.16,1.3,88.2,80.9,32.08,-1.09,50.0,6.01,-1.3,2.92,-7.01,10.97,1.78,-128.12,-5.12,-11.72,25.12,-13.84,37.2,4.8,24.0,2003,215,,,,553882,,,0,0,-1,bottom
2017-09-25,492437,2,445060,R,573135,R,17,Single,7,1,170926_005127,0bed7471-e8a5-47fb-bc7b-7831159002d0,0,1,0,C,Called Strike,SL,14,2.0,3.2,1.41,80.0,73.7,79.14,-0.99,50.0,6.03,1.18,1.96,0.52,-1.34,4.81,-116.12,-1.9,0.71,21.78,-34.0,2.4,9.6,24.0,2283,25,553882,,,573135,553882,,0,0,-1,bottom
2017-09-25,492437,2,445060,R,573135,R,17,Single,7,2,170926_005147,6719f126-2714-4c20-a3bc-0b2aab68ee82,1,1,0,*B,Ball In Dirt,SL,14,2.0,3.18,1.34,81.3,75.3,40.91,-0.81,50.0,5.85,1.1,0.89,-1.02,-0.11,4.78,-118.09,-4.66,-1.44,21.68,-32.33,1.2,9.6,24.0,2352,344,553882,,,573135,553882,,0,0,-1,bottom
2017-09-25,492437,2,445060,R,573135,R,17,Single,7,3,170926_005213,32210ac5-480c-4d86-995f-2c9e9a602622,1,2,0,F,Foul,FT,13,2.0,3.22,1.42,88.8,82.0,60.74,-1.02,50.0,5.82,-1.03,1.87,-12.63,4.25,4.17,-129.07,-5.22,-21.44,25.24,-24.95,38.4,8.4,24.0,1879,256,553882,,,573135,553882,,0,0,-1,bottom
2017-09-25,492437,2,445060,R,573135,R,17,Single,7,4,170926_005243,4c073881-8743-4eed-9033-d742541eba21,2,2,0,*B,Ball In Dirt,FS,14,2.0,3.2,1.46,81.4,75.6,36.17,-0.9,50.0,5.6,1.24,-0.27,-10.01,3.43,8.03,-117.82,-7.87,-14.19,20.46,-27.31,24.0,8.4,24.0,1408,258,553882,,,573135,553882,,0,0,-1,bottom
2017-09-25,492437,2,445060,R,573135,R,17,Single,7,5,170926_005312,d7b34027-6490-40ea-9460-ad3b1d7043f2,3,2,0,*B,Ball In Dirt,FT,14,2.0,3.14,1.38,91.7,84.5,30.64,-0.43,50.0,5.71,1.81,0.72,-10.11,8.01,9.36,-132.71,-9.74,-18.19,26.11,-17.77,39.6,6.0,24.0,2040,235,553882,,,573135,553882,,0,0,-1,bottom
2017-09-25,492437,2,445060,R,573135,R,17,Single,7,6,170926_005413,f62ca5e3-b719-444e-8be4-250bfe2359fb,3,2,0,D,In play- no out,FT,5,2.0,3.14,1.38,91.1,83.1,36.74,-0.8,50.0,5.9,-0.17,2.43,-12.82,7.09,5.96,-132.21,-5.28,-22.62,28.91,-19.66,45.6,7.2,24.0,2028,244,553882,,,573135,553882,,0,0,-1,bottom
2017-09-25,492437,2,445060,R,641553,R,18,Strikeout,5,1,170926_005451,b194e728-9b1f-4acd-8604-0cc1078f2166,0,1,0,C,Called Strike,SL,3,2.0,3.27,1.49,79.7,73.1,74.43,-1.22,50.0,6.05,0.41,3.21,1.41,-1.32,3.32,-115.72,0.95,1.91,21.59,-33.96,3.6,9.6,24.0,2336,41,573135,553882,,573135,553882,,0,1,-1,bottom
2017-09-25,492437,2,445060,R,641553,R,18,Strikeout,5,2,170926_005518,0a33011e-88a1-4c54-856c-ae98ee944f06,0,2,0,W,Swinging Strike (Blocked),SL,14,2.0,3.49,1.57,80.4,73.9,40.3,-0.89,50.0,5.81,1.21,0.36,-1.37,-0.55,5.22,-116.53,-5.33,-1.87,23.12,-32.93,1.2,9.6,24.0,2215,344,573135,553882,,573135,553882,,0,1,-1,bottom
2017-09-25,492437,2,445060,R,641553,R,18,Strikeout,5,3,170926_005545,f90a2b0d-c5aa-4ce0-bd5f-79686c5c599d,1,2,0,*B,Ball In Dirt,SL,14,2.0,3.47,1.57,80.5,73.9,16.46,-1.0,50.0,5.79,2.06,0.57,0.21,-2.09,6.95,-116.63,-4.36,0.29,23.44,-35.04,2.4,10.8,24.0,2278,19,573135,553882,,573135,553882,,0,1,-1,bottom
2017-09-25,492437,2,445060,R,641553,R,18,Strikeout,5,4,170926_005616,923109f4-9783-4885-8bc1-d4ff6e63cb90,1,2,0,B,Ball,FF,11,2.0,3.55,1.69,90.6,83.2,60.14,-0.92,50.0,6.0,-1.18,3.42,-6.73,9.19,1.62,-131.63,-3.67,-11.89,26.01,-15.94,34.8,4.8,24.0,2008,219,573135,553882,,573135,553882,,0,1,-1,bottom
2017-09-25,492437,2,445060,R,641553,R,18,Strikeout,5,5,170926_005639,91f3c1a0-4491-4e91-8f01-ae828c8fadae,2,2,0,S,Swinging Strike,SL,14,2.0,3.51,1.65,81.0,74.8,47.44,-1.06,50.0,5.94,1.02,2.27,0.76,2.63,4.6,-117.63,-2.43,1.07,20.99,-28.47,3.6,8.4,24.0,2393,138,573135,553882,,573135,553882,,0,1,-1,bottom
2017-09-25,492437,2,445060,R,570560,L,19,Forceout,1,1,170926_005736,58412afe-731b-4587-ae18-f0aef8a9c8a2,0,0,1,X,In play- out(s),FS,14,2.0,3.38,1.63,81.0,75.0,63.18,-1.14,50.0,5.79,0.06,1.19,-8.43,3.68,5.35,-117.55,-4.93,-11.91,20.36,-26.98,21.6,8.4,24.0,1328,253,573135,553882,,570560,,553882,0,1,-1,bottom
2017-09-25,492437,2,445060,R,641313,R,20,Strikeout,4,1,170926_005905,a240df76-a58e-4fda-99da-fc498898ca60,0,1,2,C,Called Strike,SL,2,2.0,3.33,1.44,79.5,73.7,59.76,-1.13,50.0,6.05,0.16,2.94,-0.12,-0.18,2.99,-115.55,-0.05,-0.17,19.22,-32.42,0.0,9.6,24.0,2377,13,570560,,553882,,,,0,1,-1,bottom
2017-09-25,492437,2,445060,R,641313,R,20,Strikeout,4,2,170926_005924,183a58bc-35fe-4400-a489-93bd6548c3ca,0,1,2,B,Ball,SL,14,2.0,3.26,1.52,80.7,74.8,29.6,-0.65,50.0,5.92,1.92,1.51,2.84,1.16,5.13,-117.2,-3.66,3.97,20.78,-30.55,8.4,9.6,24.0,2338,88,570560,,553882,,,,0,1,-1,bottom
2017-09-25,492437,2,445060,R,641313,R,20,Strikeout,4,3,170926_010005,ddd0c39b-fa09-4d51-864c-42c64bd9d2fe,1,1,2,S,Swinging Strike,SL,14,2.0,3.24,1.48,81.6,75.1,61.22,-0.87,50.0,5.8,1.02,1.29,0.78,0.6,4.17,-118.39,-3.83,1.11,22.6,-31.32,3.6,9.6,24.0,2240,61,570560,,553882,,,,0,1,-1,bottom
2017-09-25,492437,2,445060,R,641313,R,20,Strikeout,4,4,170926_010034,19f159ac-f501-4a3f-85f5-370a65e12d12,1,2,2,S,Swinging Strike,SL,14,2.0,3.14,1.34,82.1,77.1,50.93,-1.05,50.0,5.8,0.73,1.51,0.55,0.33,4.06,-119.51,-3.54,0.81,18.64,-31.69,2.4,8.4,24.0,2411,54,570560,,553882,,,,0,1,-1,bottom
2017-09-25,492437,3,445060,R,541645,R,25,Triple,2,1,170926_011435,e8237515-df04-4992-833b-0e2d97dc4c1f,0,0,0,B,Ball,FT,14,2.0,3.56,1.71,88.8,81.4,58.87,-0.64,50.0,5.9,0.35,1.63,-10.93,7.52,6.13,-128.71,-7.02,-18.38,25.99,-19.52,39.6,6.0,24.0,1985,239,,,,,,541645,0,0,-1,bottom
2017-09-25,492437,3,445060,R,541645,R,25,Triple,2,2,170926_011457,2456d7f4-1ae7-429c-932d-c3330ef111d1,1,0,0,D,In play- no out,SL,9,2.0,3.57,1.76,80.6,72.7,42.07,-1.13,50.0,6.04,0.45,2.15,-1.31,0.15,4.01,-116.71,-1.91,-1.78,25.75,-31.97,1.2,9.6,24.0,2251,330,,,,,,541645,0,0,-1,bottom
2017-09-25,492437,3,445060,R,571602,R,26,Sac Fly,5,1,170926_011602,aa49665f-8bc3-4a81-bc90-671f9e82d9e5,0,0,0,S,Swinging Strike,FF,6,2.0,3.45,1.55,90.4,82.7,54.14,-0.67,50.0,6.1,0.46,2.66,-7.01,9.14,5.3,-131.04,-5.78,-12.23,26.99,-16.24,32.4,4.8,24.0,2082,219,,,541645,,,,1,1,-1,bottom
2017-09-25,492437,3,445060,R,571602,R,26,Sac Fly,5,2,170926_011624,cdfed4c6-fa9d-4b4c-ac2a-cfcb3f85aea7,0,1,0,B,Ball,FT,13,2.0,3.42,1.51,90.5,82.8,61.18,-0.78,50.0,5.98,-1.09,2.07,-8.41,9.33,2.04,-131.29,-7.09,-14.69,27.7,-15.89,39.6,4.8,24.0,2004,226,,,541645,,,,1,1,-1,bottom
2017-09-25,492437,3,445060,R,571602,R,26,Sac Fly,5,3,170926_011652,2655faf2-2dd4-4db9-85b5-4cd0b65be4ad,1,1,0,B,Ball,FT,13,2.0,3.42,1.6,91.5,83.7,62.21,-1.11,50.0,5.72,-1.15,2.17,-12.32,7.7,4.09,-132.76,-5.79,-22.0,28.34,-18.42,46.8,6.0,24.0,2042,242,,,541645,,,,1,1,-1,bottom
2017-09-25,492437,3,445060,R,571602,R,26,Sac Fly,5,4,170926_011712,37ec1012-e02c-4e5d-90ef-b4b98718f4d7,3,1,0,*B,Ball In Dirt,SL,14,2.0,3.44,1.55,82.5,75.9,22.19,-0.92,50.0,5.74,1.5,0.18,0.42,-2.46,5.56,-119.58,-5.52,0.6,24.24,-35.72,2.4,10.8,24.0,2389,16,,,541645,,,,1,1,-1,bottom
2017-09-25,492437,3,445060,R,571602,R,26,Sac Fly,5,5,170926_011752,df7f2912-1e1a-41fa-a8a1-56652821d24e,3,1,0,E,In play- run(s),FT,4,2.0,3.43,1.61,91.6,83.5,43.89,-0.85,50.0,5.96,-0.48,2.74,-10.69,10.84,4.61,-132.93,-6.02,-19.1,28.74,-12.8,51.6,4.8,24.0,2198,227,,,541645,,,,1,1,-1,bottom
2017-09-25,492437,3,445060,R,547170,L,27,Lineout,1,1,170926_011829,d2ff11b8-78d4-4477-970f-450a3a9fab57,0,0,1,X,In play- out(s),KC,6,2.0,3.51,1.77,73.3,67.1,59.71,-0.99,50.0,6.37,0.34,2.58,3.66,-8.36,1.78,-106.33,2.04,4.15,20.07,-41.64,6.0,14.4,24.0,2444,23,,,,,,,0,1,-2,bottom
2017-09-25,492437,3,445060,R,542642,R,28,Flyout,4,1,170926_011914,cf5c4967-4321-4fad-9fbf-12b70269e8a0,0,0,2,B,Ball,KC,14,2.0,3.61,1.71,74.1,68.3,57.83,-0.84,50.0,6.3,1.84,2.04,3.61,-4.24,4.69,-107.47,-0.25,4.21,19.27,-37.12,7.2,13.2,24.0,2479,39,,,,,,,0,1,-2,bottom
2017-09-25,492437,3,445060,R,542642,R,28,Flyout,4,2,170926_011933,cf3c6701-53f0-4b12-96cb-4b6cff87b755,1,1,2,T,Foul Tip,FF,9,2.0,3.73,1.84,92.6,85.1,50.94,-0.6,50.0,5.91,0.61,2.14,-8.02,9.39,5.99,-134.39,-7.24,-14.78,27.12,-14.88,39.6,4.8,24.0,2204,222,,,,,,,0,1,-2,bottom
2017-09-25,492437,3,445060,R,542642,R,28,Flyout,4,3,170926_011954,e1a086cd-7c4e-487c-8590-4043111cd5ab,1,1,2,B,Ball,FF,12,2.0,3.65,1.78,93.0,84.6,25.67,-0.45,50.0,6.02,1.34,3.05,-6.9,11.78,7.12,-134.7,-5.92,-12.67,29.25,-10.54,43.2,3.6,24.0,2289,210,,,,,,,0,1,-2,bottom
2017-09-25,492437,3,445060,R,542642,R,28,Flyout,4,4,170926_012021,09133d45-91c4-4dff-8606-acbf14d404d1,2,1,2,X,In play- out(s),SL,6,2.0,3.59,1.71,81.9,75.5,21.86,-1.07,50.0,6.03,0.27,2.64,0.5,-0.07,3.01,-118.95,-1.12,0.72,21.85,-32.27,2.4,9.6,24.0,2440,42,,,,,,,0,1,-2,bottom
2017-09-25,492437,4,445060,R,553882,L,32,Single,8,1,170926_013001,0f19e8f2-a596-4ffd-9e31-fb21e9e43d4e,0,0,0,B,Ball,KC,11,2.0,3.44,1.54,71.6,65.9,96.26,-1.38,50.0,6.47,-0.9,3.67,3.02,-5.91,0.18,-103.9,3.66,3.3,17.33,-38.64,4.8,14.4,24.0,2406,25,,,,553882,,,0,0,-2,bottom
2017-09-25,492437,4,445060,R,553882,L,32,Single,8,2,170926_013014,6690b5f4-e705-4ddd-8be2-4defd6e9697d,1,1,0,F,Foul,FF,8,2.0,3.43,1.61,89.0,81.9,28.81,-0.79,50.0,5.98,-0.12,2.19,-7.23,9.32,4.13,-129.23,-6.52,-12.33,24.94,-16.29,33.6,4.8,24.0,2114,220,,,,553882,,,0,0,-2,bottom
2017-09-25,492437,4,445060,R,553882,L,32,Single,8,3,170926_013037,994ab553-4916-44b3-97e1-bb817bae803b,1,1,0,B,Ball,KC,14,2.0,3.42,1.6,73.2,67.8,45.75,-0.98,50.0,6.29,1.56,1.38,5.23,-7.55,3.89,-106.24,-0.53,5.95,18.98,-40.76,8.4,14.4,24.0,2521,34,,,,553882,,,0,0,-2,bottom
2017-09-25,492437,4,445060,R,553882,L,32,Single,8,4,170926_013054,e3619486-e043-40ee-8891-e8194b5212ed,2,2,0,F,Foul,SL,1,2.0,3.37,1.66,78.5,72.4,28.07,-1.37,50.0,5.94,-0.25,2.84,-0.27,-2.29,2.58,-114.0,0.81,-0.36,20.07,-35.2,0.0,10.8,24.0,2260,1,,,,553882,,,0,0,-2,bottom
2017-09-25,492437,4,445060,R,553882,L,32,Single,8,5,170926_013117,d6e27a22-20ea-48fc-8e9c-7cd63bd35f64,2,2,0,B,Ball,FT,11,2.0,3.48,1.69,89.8,82.4,24.74,-1.16,50.0,5.81,-1.53,2.67,-10.79,5.83,2.66,-130.36,-3.8,-18.63,26.5,-22.12,38.4,7.2,24.0,1954,246,,,,553882,,,0,0,-2,bottom
2017-09-25,492437,4,445060,R,553882,L,32,Single,8,6,170926_013136,9313c541-8198-499f-a1e3-00ea55405e1b,3,2,0,F,Foul,FT,4,2.0,3.37,1.63,90.8,83.3,40.96,-0.94,50.0,5.86,-0.29,2.32,-11.39,6.99,5.55,-131.77,-5.42,-20.12,26.84,-19.83,42.0,6.0,24.0,2002,242,,,,553882,,,0,0,-2,bottom
2017-09-25,492437,4,445060,R,553882,L,32,Single,8,7,170926_013205,249c3a45-f16b-4924-a343-08d20bcd6db6,3,2,0,F,Foul,FT,9,2.0,3.49,1.66,90.7,83.9,55.86,-0.77,50.0,5.8,0.64,2.22,-10.05,5.79,7.11,-131.68,-5.16,-17.87,24.5,-21.87,36.0,6.0,24.0,2075,243,,,,553882,,,0,0,-2,bottom
2017-09-25,492437,4,445060,R,553882,L,32,Single,8,8,170926_013238,da94d9bf-eb09-4133-8719-9fff537828ca,3,2,0,D,In play- no out,FF,3,2.0,3.31,1.66,89.5,82.5,49.14,-0.93,50.0,5.94,0.4,3.19,-6.26,8.12,5.52,-130.08,-3.59,-10.83,24.73,-18.12,27.6,4.8,24.0,2054,218,,,,553882,,,0,0,-2,bottom
2017-09-25,492437,4,445060,R,573135,R,33,Pop Out,2,1,170926_013323,f53112f5-a587-48da-a4f3-b7834da159e3,0,0,0,B,Ball,FS,9,2.0,3.14,1.44,80.3,74.4,88.1,-1.11,50.0,5.75,0.38,1.57,-7.37,1.27,5.65,-116.65,-3.07,-10.24,20.35,-30.42,16.8,9.6,24.0,1390,269,553882,,,553882,,,0,1,-2,bottom
2017-09-25,492437,4,445060,R,573135,R,33,Pop Out,2,2,170926_013353,561b976d-e31c-41b6-8770-908ef3643efa,1,0,0,X,In play- out(s),FT,11,2.0,3.16,1.32,89.3,81.9,50.33,-0.93,50.0,5.89,-0.21,3.46,-10.2,6.02,5.25,-129.72,-1.98,-17.47,25.85,-21.86,36.0,6.0,24.0,1938,241,553882,,,553882,,,0,1,-2,bottom
2017-09-25,492437,4,445060,R,641553,R,34,Sac Bunt,1,1,170926_013431,afc284ac-7296-4b63-8b74-afe04a007458,0,0,1,X,In play- out(s),SL,14,2.0,3.41,1.33,81.0,74.8,81.56,-0.96,50.0,5.98,0.74,1.66,-0.95,-1.25,4.23,-117.57,-2.73,-1.33,21.6,-33.92,1.2,9.6,24.0,2325,350,553882,,,,553882,,0,1,-2,bottom
2017-09-25,492437,4,445060,R,570560,L,35,Lineout,8,1,170926_013526,6b42c130-3625-459e-8d44-f376dc73ef9b,0,1,2,C,Called Strike,KC,7,2.0,3.38,1.59,74.4,68.5,69.7,-1.23,50.0,6.21,-0.24,1.72,2.55,-6.09,1.38,-108.08,-0.31,3.0,20.0,-39.33,4.8,13.2,24.0,2498,21,,553882,,,,,0,1,-2,bottom
2017-09-25,492437,4,445060,R,570560,L,35,Lineout,8,2,170926_013545,bb860732-af99-4fee-bc16-3b3b64c375f4,0,2,2,F,Foul,FS,9,2.0,3.36,1.65,80.3,74.1,30.2,-1.16,50.0,5.87,0.3,1.92,-8.32,3.18,5.86,-116.57,-3.1,-11.51,20.8,-27.77,20.4,8.4,24.0,1407,255,,553882,,,,,0,1,-2,bottom
2017-09-25,492437,4,445060,R,570560,L,35,Lineout,8,3,170926_013633,f9f15749-3a64-4aa8-8fd7-9262b01a858b,0,2,2,F,Foul,FS,13,2.0,3.24,1.57,81.4,75.0,46.61,-1.37,50.0,5.72,-0.77,1.68,-8.8,4.34,4.08,-118.12,-3.88,-12.51,21.24,-26.01,24.0,8.4,24.0,1357,249,,553882,,,,,0,1,-2,bottom
2017-09-25,492437,4,445060,R,570560,L,35,Lineout,8,4,170926_013708,cadb1ef1-f32c-4ebd-8c65-8eecaa096f5c,0,2,2,F,Foul,FS,13,2.0,3.3,1.68,81.3,75.4,15.73,-1.2,50.0,5.73,-0.29,1.02,-9.19,4.02,4.93,-117.99,-5.38,-13.09,20.21,-26.45,24.0,8.4,24.0,1448,252,,553882,,,,,0,1,-2,bottom
2017-09-25,492437,4,445060,R,570560,L,35,Lineout,8,5,170926_013802,1077707b-f79e-411b-b8b9-17ac7320d7ec,0,2,2,B,Ball,FF,11,2.0,3.46,1.74,90.2,82.4,23.07,-1.34,50.0,6.05,-3.22,4.21,-4.9,8.83,-3.22,-131.02,-1.51,-8.52,27.42,-16.81,27.6,4.8,24.0,2086,213,,553882,,,,,0,1,-2,bottom
2017-09-25,492437,4,445060,R,570560,L,35,Lineout,8,6,170926_013826,80d05c86-901d-4bc6-b191-99ba86c70d3d,2,2,2,*B,Ball In Dirt,FS,14,2.0,3.42,1.61,81.5,75.5,18.82,-1.21,50.0,5.64,0.2,0.26,-8.62,4.39,5.92,-118.21,-7.04,-12.28,21.17,-25.92,22.8,8.4,24.0,1445,250,,553882,,,,,0,1,-2,bottom
2017-09-25,492437,4,445060,R,570560,L,35,Lineout,8,7,170926_013912,e635424f-a639-485d-8751-a0abc9eb8a91,2,2,2,F,Foul,SL,9,2.0,3.48,1.68,81.1,75.3,44.82,-1.22,50.0,5.75,0.53,1.68,-1.18,-0.17,4.44,-117.89,-2.58,-1.68,20.55,-32.42,1.2,9.6,24.0,2277,332,,553882,,,,,0,1,-2,bottom
2017-09-25,492437,4,445060,R,570560,L,35,Lineout,8,8,170926_013946,8445f098-5a3f-4d82-8d2f-d9dc4eb31167,2,2,2,X,In play- out(s),FS,7,2.0,3.4,1.68,82.2,75.9,38.3,-1.16,50.0,5.8,-0.66,2.18,-8.65,2.38,3.86,-119.4,-2.48,-12.58,21.39,-28.72,22.8,8.4,24.0,1449,260,,553882,,,,,0,1,-2,bottom
2017-09-25,492437,5,445060,R,641313,R,40,Strikeout,5,1,170926_015115,03cb1ec5-2deb-4b9e-84dd-809a7e05e7f9,0,0,0,B,Ball,SL,11,2.0,3.28,1.44,78.2,71.6,58.38,-1.36,50.0,6.27,-0.4,4.04,-0.36,-2.23,2.24,-113.36,2.85,-0.47,20.34,-35.08,0.0,10.8,24.0,2239,358,,,,,,,0,1,-1,bottom
2017-09-25,492437,5,445060,R,641313,R,40,Strikeout,5,2,170926_015130,55d7815a-d2e4-40e8-96a5-fd2dfaf100c8,1,0,0,S,Swinging Strike,FF,11,2.0,3.21,1.39,89.1,82.1,31.83,-0.93,50.0,6.17,-0.42,3.92,-5.27,10.6,3.07,-129.48,-3.05,-9.06,24.03,-13.97,30.0,3.6,24.0,1959,207,,,,,,,0,1,-1,bottom
2017-09-25,492437,5,445060,R,641313,R,40,Strikeout,5,3,170926_015149,06d70a31-e54a-4386-85ba-944f229c681c,1,1,0,B,Ball,KC,14,2.0,3.24,1.46,73.7,68.7,73.49,-1.01,50.0,6.2,1.21,1.21,2.92,-7.89,3.88,-107.11,-0.79,3.4,18.08,-41.36,4.8,14.4,24.0,2549,21,,,,,,,0,1,-1,bottom
2017-09-25,492437,5,445060,R,641313,R,40,Strikeout,5,4,170926_015213,9d4a1878-2fde-454f-99f8-1c7dd9d2ce3b,2,2,0,F,Foul,SL,6,2.0,3.22,1.42,80.7,74.2,36.64,-1.1,50.0,5.94,0.55,2.07,0.34,-2.61,3.7,-117.17,-1.22,0.47,22.49,-35.79,1.2,10.8,24.0,2263,13,,,,,,,0,1,-1,bottom
2017-09-25,492437,5,445060,R,641313,R,40,Strikeout,5,5,170926_015235,90f4e153-fe3a-43ff-b7ca-ab0859c145d6,2,3,0,C,Called Strike,FT,14,2.0,3.27,1.42,91.3,83.9,63.71,-0.66,50.0,5.81,0.94,1.75,-11.36,6.82,8.06,-132.33,-6.82,-20.28,26.51,-20.0,40.8,6.0,24.0,2040,242,,,,,,,0,1,-1,bottom
2017-09-25,492437,5,445060,R,541645,R,41,Groundout,1,1,170926_015318,19217ba0-2102-4320-a79b-c6db6d297439,0,0,1,X,In play- out(s),SL,9,2.0,3.51,1.68,81.1,74.7,78.32,-1.1,50.0,5.95,0.61,1.91,-0.72,-1.76,4.21,-117.74,-1.93,-1.01,22.32,-34.64,0.0,9.6,24.0,2354,356,,,,,,,0,1,-1,bottom
2017-09-25,492437,5,445060,R,571602,R,42,Groundout,4,1,170926_015401,ddd6d923-afb4-42ea-bd3b-d0416ed474c7,0,0,2,B,Ball,FF,12,2.0,3.32,1.43,90.6,82.4,83.73,-0.78,50.0,6.13,0.98,3.65,-5.53,9.34,6.42,-131.39,-3.35,-9.65,28.42,-15.89,26.4,4.8,24.0,2219,210,,,,,,,0,1,-1,bottom
2017-09-25,492437,5,445060,R,571602,R,42,Groundout,4,2,170926_015418,36a5db19-6f20-45fa-8c42-f377eaaebdaa,1,1,2,C,Called Strike,FF,14,2.0,3.31,1.51,90.8,83.2,53.62,-0.49,50.0,5.89,0.78,2.02,-6.91,8.73,5.64,-131.73,-6.86,-12.18,27.03,-16.78,31.2,4.8,24.0,2261,220,,,,,,,0,1,-1,bottom
2017-09-25,492437,5,445060,R,571602,R,42,Groundout,4,3,170926_015436,23f893bc-b592-4a56-a0da-3bf93f220a6f,1,2,2,F,Foul,FF,5,2.0,3.37,1.56,90.6,82.2,29.58,-0.68,50.0,5.94,0.23,2.58,-4.81,11.14,3.98,-131.35,-6.23,-8.36,29.12,-12.8,27.6,3.6,24.0,2231,204,,,,,,,0,1,-1,bottom
2017-09-25,492437,5,445060,R,571602,R,42,Groundout,4,4,170926_015501,bebd399c-be10-46a2-9dca-3c18d59907e4,1,2,2,X,In play- out(s),FS,9,2.0,3.43,1.54,81.8,75.8,36.48,-0.9,50.0,5.82,0.52,2.11,-7.26,2.5,5.58,-118.81,-2.69,-10.49,20.47,-28.56,18.0,8.4,24.0,1273,257,,,,,,,0,1,-1,bottom
2017-09-25,492437,6,445060,R,547170,L,46,Single,6,1,170926_020653,7ad04c1d-c925-49e4-bbc3-66f9178e00e9,0,0,0,B,Ball,FS,11,2.0,3.53,1.73,77.8,71.9,77.28,-1.42,50.0,6.17,-1.47,3.48,-9.33,1.79,2.59,-112.92,0.65,-12.17,18.54,-29.83,21.6,9.6,24.0,1465,263,,,,547170,,,0,0,-1,bottom
2017-09-25,492437,6,445060,R,547170,L,46,Single,6,2,170926_020707,b693743f-a018-4f5f-8158-4fb45b222fab,1,1,0,C,Called Strike,FS,11,2.0,3.53,1.65,77.9,71.7,38.16,-1.3,50.0,6.09,-0.75,2.96,-9.22,5.08,3.92,-113.06,-1.28,-12.01,19.4,-25.56,24.0,8.4,24.0,1399,245,,,,547170,,,0,0,-1,bottom
2017-09-25,492437,6,445060,R,547170,L,46,Single,6,3,170926_020724,40e82495-dd2c-4405-9178-a2f000663dd9,1,2,0,C,Called Strike,KC,2,2.0,3.49,1.69,73.2,67.8,39.65,-1.11,50.0,6.39,-0.15,3.05,4.7,-6.39,0.73,-106.37,2.36,5.4,17.69,-39.52,8.4,14.4,24.0,2477,34,,,,547170,,,0,0,-1,bottom
2017-09-25,492437,6,445060,R,547170,L,46,Single,6,4,170926_020741,5615949a-6dba-4d75-ac81-9d4a4aea061a,1,2,0,B,Ball,FS,14,2.0,3.51,1.67,79.2,73.5,38.14,-1.06,50.0,5.58,0.9,-0.22,-8.2,4.61,6.86,-114.67,-7.46,-11.02,19.45,-25.98,20.4,8.4,24.0,1346,248,,,,547170,,,0,0,-1,bottom
2017-09-25,492437,6,445060,R,547170,L,46,Single,6,5,170926_020810,bd6eb741-a802-4d2b-ab29-4fdd7744e9d1,2,2,0,B,Ball,FF,11,2.0,3.49,1.73,90.9,83.2,66.37,-0.99,50.0,6.12,-1.03,3.75,-6.95,10.2,2.26,-132.09,-3.49,-12.33,27.21,-14.1,38.4,4.8,24.0,2124,216,,,,547170,,,0,0,-1,bottom
2017-09-25,492437,6,445060,R,547170,L,46,Single,6,6,170926_020836,f70d844c-3e82-4fe1-82c5-82126ed7d05a,3,2,0,D,In play- no out,FF,4,2.0,3.57,1.67,91.3,83.7,39.39,-0.97,50.0,5.87,-0.49,2.45,-8.15,10.8,4.04,-132.52,-6.53,-14.57,27.03,-12.87,44.4,4.8,24.0,2125,219,,,,547170,,,0,0,-1,bottom
2017-09-25,492437,6,445060,R,542642,R,47,Single,2,1,170926_020920,d275a41e-5eaf-4eac-b317-e13d66af4afa,0,1,0,C,Called Strike,SL,14,2.0,3.76,1.71,81.2,75.2,82.66,-1.08,50.0,5.89,1.26,2.12,1.2,-1.37,5.08,-117.92,-1.51,1.7,21.08,-34.12,3.6,9.6,24.0,2330,37,547170,,,542642,547170,,0,0,-1,bottom
2017-09-25,492437,6,445060,R,542642,R,47,Single,2,2,170926_020955,84838e43-463b-445f-a509-5403efc373c5,0,1,0,D,In play- no out,FT,6,2.0,3.72,1.68,91.5,84.0,33.71,-0.71,50.0,6.02,0.29,2.74,-10.14,8.14,6.09,-132.76,-5.27,-18.21,26.76,-17.55,42.0,6.0,24.0,2125,233,547170,,,542642,547170,,0,0,-1,bottom
2017-09-30,492512,1,445060,R,592325,L,0,Pop Out,2,1,171001_010938,e085a2e5-b7b7-4ff4-a463-d3c6c94d6751,0,1,0,C,Called Strike,FT,1,2.0,3.26,1.38,86.4,79.6,62.56,-0.96,50.0,6.25,-0.69,2.92,-9.78,5.55,3.84,-125.44,-3.6,-15.71,23.56,-23.26,32.4,7.2,24.0,1914,244,,,,,,,0,1,0,top
2017-09-30,492512,1,445060,R,592325,L,0,Pop Out,2,2,171001_010951,d9ef0b14-31c9-48d2-8bc9-87ac7ed67838,0,1,0,X,In play- out(s),FF,12,2.0,3.25,1.36,88.2,81.4,62.42,-0.66,50.0,6.26,0.86,2.94,-5.95,8.51,5.84,-127.99,-4.91,-9.99,23.57,-17.89,25.2,4.8,24.0,2135,215,,,,,,,0,1,0,top
2017-09-30,492512,1,445060,R,571745,R,1,Double,6,1,171001_011029,0f0b3de4-9dda-4ecd-ade4-fbc961053caa,0,0,1,B,Ball,FF,12,2.0,3.18,1.28,87.4,80.1,59.21,-0.58,50.0,6.38,0.69,3.89,-4.59,9.45,4.69,-126.89,-2.95,-7.52,24.47,-16.68,21.6,4.8,24.0,2207,205,,,,,571745,,0,0,0,top
2017-09-30,492512,1,445060,R,571745,R,1,Double,6,2,171001_011047,12e44561-2520-4a83-9a14-1eacf71deb9d,1,1,1,C,Called Strike,SL,8,2.0,3.56,1.56,78.1,71.8,21.63,-1.02,50.0,6.3,0.06,2.17,1.79,-3.12,1.89,-113.29,-1.14,2.33,21.13,-36.22,3.6,12.0,24.0,2295,26,,,,,571745,,0,0,0,top
2017-09-30,492512,1,445060,R,571745,R,1,Double,6,3,171001_011100,66c4071e-daf5-44c9-a571-7cde60b3ac01,1,1,1,S,Swinging Strike,FS,5,2.0,3.17,1.28,80.1,74.1,17.49,-0.99,50.0,6.14,0.09,1.91,-7.64,3.18,4.77,-116.22,-3.71,-10.54,19.96,-27.78,19.2,8.4,24.0,1419,254,,,,,571745,,0,0,0,top
2017-09-30,492512,1,445060,R,571745,R,1,Double,6,4,171001_011121,0eb64211-bc53-4a1e-8fc2-5893c4faaf9f,1,2,1,B,Ball,FF,13,2.0,3.62,1.56,88.6,81.7,52.43,-0.78,50.0,6.06,-0.44,1.33,-6.04,8.81,2.87,-128.43,-8.66,-10.18,24.32,-17.32,27.6,4.8,24.0,2197,218,,,,,571745,,0,0,0,top
2017-09-30,492512,1,445060,R,571745,R,1,Double,6,5,171001_011137,4c587e24-03be-4355-b829-a53d78342758,2,2,1,B,Ball,FT,14,2.0,3.57,1.64,90.1,82.6,40.42,-0.33,50.0,6.07,1.49,1.75,-10.1,8.07,8.1,-130.52,-7.63,-17.5,26.53,-18.2,38.4,6.0,24.0,2106,234,,,,,571745,,0,0,0,top
2017-09-30,492512,1,445060,R,571745,R,1,Double,6,6,171001_011202,8ac44a6c-8ab3-4318-b652-71486d6c5157,3,2,1,D,In play- no out,FF,3,2.0,3.17,1.28,89.6,82.3,55.03,-0.54,50.0,6.13,0.66,2.84,-5.45,8.62,4.9,-130.07,-5.11,-9.39,25.72,-17.32,25.2,4.8,24.0,2194,213,,,,,571745,,0,0,0,top
2017-09-30,492512,1,445060,R,429664,L,2,Single,4,1,171001_011238,8309ca42-8f30-439a-8f4b-c1ea11255d8f,0,1,1,C,Called Strike,FS,4,2.0,3.99,1.58,79.2,72.9,76.35,-1.01,50.0,6.18,-0.33,3.05,-5.88,1.72,3.28,-114.91,-0.56,-7.9,20.12,-29.87,14.4,9.6,24.0,1333,261,,571745,,429664,,,0,1,0,top
2017-09-30,492512,1,445060,R,429664,L,2,Single,4,2,171001_011256,c26f8b7e-c245-431a-9a87-0664a555cd75,0,1,1,B,Ball,FS,13,2.0,3.96,1.81,79.6,73.9,34.38,-1.17,50.0,5.85,-0.83,1.14,-10.39,2.11,3.87,-115.65,-4.42,-14.2,19.76,-29.3,24.0,9.6,24.0,1583,265,,571745,,429664,,,0,1,0,top
2017-09-30,492512,1,445060,R,429664,L,2,Single,4,3,171001_011319,4a137f32-0250-4c22-afea-26865cad4849,1,2,1,C,Called Strike,SL,4,2.0,3.96,1.83,78.7,72.6,28.28,-1.19,50.0,6.13,-0.48,3.0,1.86,-1.21,1.06,-114.27,0.38,2.48,19.79,-33.79,4.8,10.8,24.0,2345,44,,571745,,429664,,,0,1,0,top
2017-09-30,492512,1,445060,R,429664,L,2,Single,4,4,171001_011355,2ef8b6cb-f58e-4d60-b4c2-18723925f9ed,1,2,1,X,In play- out(s),FS,13,2.0,3.55,1.5,81.4,75.6,53.67,-1.2,50.0,5.84,-1.03,1.59,-8.64,3.99,3.04,-118.3,-4.33,-12.39,20.15,-26.46,24.0,8.4,24.0,1495,251,,571745,,429664,,,0,1,0,top
2017-09-30,492512,1,445060,R,443558,R,3,Strikeout,6,1,171001_011451,83a759f8-b423-4287-9622-5b1588f395dc,0,0,2,B,Ball,FF,11,2.0,3.98,1.9,89.9,81.9,69.88,-0.89,50.0,6.15,-1.0,3.26,-5.2,9.16,1.46,-130.5,-4.26,-8.95,27.99,-16.42,26.4,4.8,24.0,2061,212,429664,,,,,,0,1,0,top
2017-09-30,492512,1,445060,R,443558,R,3,Strikeout,6,2,171001_011511,2783eca1-7785-4099-9347-c61fcb0edabc,1,0,2,S,Swinging Strike,FS,9,2.0,3.47,1.49,80.5,74.7,40.24,-0.84,50.0,5.95,0.35,1.53,-8.1,0.61,5.2,-116.82,-3.46,-11.31,19.93,-31.33,18.0,9.6,24.0,1412,274,429664,,,,,,0,1,0,top
2017-09-30,492512,1,445060,R,443558,R,3,Strikeout,6,3,171001_011533,57c1608b-f22f-4740-a595-e2162841bb8e,1,1,2,B,Ball,FF,14,2.0,4.01,1.8,90.8,83.1,21.54,-0.43,50.0,6.13,1.35,2.67,-5.72,9.75,6.55,-131.6,-6.11,-10.07,26.86,-15.01,28.8,4.8,24.0,2188,210,429664,,,,,,0,1,0,top
2017-09-30,492512,1,445060,R,443558,R,3,Strikeout,6,4,171001_011555,f28f1526-b6a9-47c0-b7da-bc50e98a4206,2,2,2,F,Foul,FF,14,2.0,3.47,1.49,91.3,84.0,50.88,-0.32,50.0,6.05,0.99,2.35,-5.98,9.06,5.48,-132.42,-6.65,-10.71,26.02,-15.96,28.8,4.8,24.0,2142,215,429664,,,,,,0,1,0,top
2017-09-30,492512,1,445060,R,443558,R,3,Strikeout,6,5,171001_011621,b36f1591-a778-4bdb-a509-aa3fbf6188ad,2,2,2,B,Ball,KC,12,2.0,3.58,1.7,74.2,67.7,67.2,-0.94,50.0,6.54,0.64,3.88,7.91,-7.97,1.16,-107.67,4.15,9.18,20.59,-41.42,13.2,14.4,24.0,2463,43,429664,,,,,,0,1,0,top
2017-09-30,492512,1,445060,R,443558,R,3,Strikeout,6,6,171001_011644,20e46ae4-5594-4a36-b1fa-0d50854c6fe2,3,3,2,C,Called Strike,FT,3,2.0,3.97,1.81,92.0,84.0,49.58,-0.41,50.0,6.08,0.45,3.52,-8.69,6.24,5.25,-133.58,-2.81,-15.71,28.5,-20.89,34.8,6.0,24.0,1954,237,429664,,,,,,0,1,0,top
2017-09-30,492512,2,445060,R,572122,L,8,Pop Out,3,1,171001_013006,c2733d66-6023-4bcc-bdc6-40661785c1d6,0,1,0,C,Called Strike,SL,1,2.0,3.4,1.51,76.3,71.0,61.93,-1.24,50.0,6.27,-0.27,2.9,3.49,-2.12,1.14,-110.91,0.49,4.4,17.58,-34.85,7.2,10.8,24.0,2205,51,,,,,,,0,1,0,top
2017-09-30,492512,2,445060,R,572122,L,8,Pop Out,3,2,171001_013025,8e0d8f50-b0f2-492f-8bd1-dd137e070407,0,1,0,B,Ball,KC,14,2.0,3.4,1.5,73.3,67.6,53.97,-0.82,50.0,6.3,1.26,0.18,6.86,-10.19,2.5,-106.36,-2.28,7.72,21.33,-43.63,10.8,15.6,24.0,2530,32,,,,,,,0,1,0,top
2017-09-30,492512,2,445060,R,572122,L,8,Pop Out,3,3,171001_013058,67b9c43c-0fa6-4034-90af-914399222d0a,1,1,0,X,In play- out(s),FF,12,2.0,3.15,1.23,89.0,81.4,50.67,-0.43,50.0,6.28,0.36,3.35,-3.48,9.25,3.18,-129.16,-4.23,-5.88,26.36,-16.51,16.8,4.8,24.0,2097,201,,,,,,,0,1,0,top
2017-09-30,492512,2,445060,R,475174,L,9,Single,4,1,171001_013125,acc3ba79-5061-4472-ac54-d955fe426899,0,1,1,F,Foul,FS,11,2.0,3.12,1.28,79.4,73.4,97.52,-1.03,50.0,6.19,-0.73,2.84,-4.41,0.05,1.99,-115.28,-0.62,-5.99,19.81,-32.1,9.6,9.6,24.0,1266,280,,,,475174,,,0,0,0,top
2017-09-30,492512,2,445060,R,475174,L,9,Single,4,2,171001_013145,58206d2e-ec09-4e91-a60a-15f143a07418,0,1,1,B,Ball,FT,14,2.0,3.13,1.28,89.9,82.0,30.89,-0.38,50.0,6.06,1.67,1.83,-8.74,7.52,8.19,-130.1,-7.1,-14.97,27.59,-19.29,32.4,6.0,24.0,2028,232,,,,475174,,,0,0,0,top
2017-09-30,492512,2,445060,R,475174,L,9,Single,4,3,171001_013202,1330ba2e-60e6-4c00-99d5-71de7d01db44,1,1,1,B,Ball,FT,14,2.0,3.37,1.53,90.3,82.6,41.56,-0.52,50.0,5.91,1.47,1.69,-9.09,7.02,8.21,-130.73,-7.04,-15.77,26.96,-20.0,33.6,6.0,24.0,2018,236,,,,475174,,,0,0,0,top
2017-09-30,492512,2,445060,R,475174,L,9,Single,4,4,171001_013232,c32dabe5-f998-44a5-a8d6-ae3638771051,2,1,1,D,In play- no out,SL,11,2.0,3.37,1.53,78.8,73.1,47.51,-1.21,50.0,6.07,-0.82,2.54,2.12,-5.03,0.25,-114.55,0.56,2.84,19.55,-38.91,4.8,12.0,24.0,2264,20,,,,475174,,,0,0,0,top
2017-09-30,492512,2,445060,R,434563,R,10,Walk,6,1,171001_013307,e5d96097-d097-4c9a-a0f9-14f822a47851,0,1,1,C,Called Strike,SL,9,2.0,3.3,1.5,79.4,72.9,63.05,-0.83,50.0,6.07,0.34,2.05,1.57,-2.61,2.21,-115.27,-1.28,2.11,22.04,-35.67,3.6,10.8,24.0,2236,27,475174,,,434563,475174,,0,0,0,top
2017-09-30,492512,2,445060,R,434563,R,10,Walk,6,2,171001_013325,b1ab61d0-6102-40c7-afde-472b1a5c46c8,0,1,1,B,Ball,FT,13,2.0,3.3,1.5,87.9,80.6,38.04,-0.89,50.0,5.91,-1.65,1.6,-8.87,4.47,1.01,-127.57,-5.92,-14.62,26.39,-24.81,28.8,7.2,24.0,1839,251,475174,,,434563,475174,,0,0,0,top
2017-09-30,492512,2,445060,R,434563,R,10,Walk,6,3,171001_013348,637fc469-86a3-4aed-b029-1794eded4234,1,1,1,S,Swinging Strike,FS,14,2.0,3.3,1.5,80.5,74.2,41.61,-0.73,50.0,5.9,0.4,1.29,-6.76,0.59,4.65,-116.73,-3.84,-9.35,21.43,-31.35,15.6,9.6,24.0,1421,276,475174,,,434563,475174,,0,0,0,top
2017-09-30,492512,2,445060,R,434563,R,10,Walk,6,4,171001_013424,f4d5e1c4-8dbe-4897-8975-aea2f95b1d6f,1,2,1,B,Ball,FT,13,2.0,3.3,1.5,88.3,81.0,61.23,-0.67,50.0,5.9,-0.52,1.22,-7.36,7.63,2.79,-128.16,-7.98,-12.25,26.5,-19.48,28.8,6.0,24.0,1989,229,475174,,,434563,475174,,0,0,0,top
2017-09-30,492512,2,445060,R,434563,R,10,Walk,6,5,171001_013450,f24421b1-e30b-460c-9616-f711c032de5b,2,2,1,B,Ball,FF,13,2.0,3.52,1.56,90.0,82.1,52.75,-0.66,50.0,5.9,-0.36,1.45,-7.37,8.71,3.23,-130.45,-8.11,-12.66,28.02,-17.2,32.4,4.8,24.0,2157,224,475174,,,434563,475174,,0,0,0,top
2017-09-30,492512,2,445060,R,434563,R,10,Walk,6,6,171001_013514,f9b7ebb9-d657-49fe-9e9b-4d4db33b00dd,3,2,1,B,Ball,FT,14,2.0,3.47,1.56,90.2,83.3,54.71,-0.52,50.0,5.71,0.95,0.45,-7.45,5.9,6.29,-130.71,-9.38,-12.98,25.53,-21.89,26.4,6.0,24.0,1768,237,475174,,,434563,475174,,0,0,0,top
2017-09-30,492512,2,445060,R,493596,R,11,Grounded Into DP,4,1,171001_013616,3f6c7dee-9c8c-475b-a583-e4f1a6c51a72,0,0,1,S,Swinging Strike,SL,9,2.0,3.23,1.37,80.2,73.3,70.94,-0.89,50.0,6.05,0.49,1.79,2.3,-3.3,2.49,-116.31,-1.72,3.12,23.78,-36.64,6.0,10.8,24.0,2269,30,434563,475174,,,,,0,2,0,top
2017-09-30,492512,2,445060,R,493596,R,11,Grounded Into DP,4,2,171001_013635,2f16d54d-1de8-4902-8d2a-18b41226265a,0,1,1,B,Ball,FF,14,2.0,3.64,1.61,90.4,82.7,19.22,-0.27,50.0,6.0,1.49,2.51,-4.28,9.69,6.01,-131.14,-6.11,-7.48,27.0,-15.25,20.4,3.6,24.0,2111,203,434563,475174,,,,,0,2,0,top
2017-09-30,492512,2,445060,R,493596,R,11,Grounded Into DP,4,3,171001_013655,a4dde4a1-f8d1-4da0-8f89-671545b12336,1,2,1,F,Foul,FT,14,2.0,3.23,1.37,91.1,83.8,55.66,-0.37,50.0,5.91,0.89,2.26,-8.96,5.67,6.35,-132.22,-5.32,-15.97,26.27,-22.07,32.4,6.0,24.0,2059,241,434563,475174,,,,,0,2,0,top
2017-09-30,492512,2,445060,R,493596,R,11,Grounded Into DP,4,4,171001_013725,a1e7e408-8402-4ccf-9ad3-d10dd5d3849b,1,2,1,X,In play- out(s),FS,6,2.0,3.23,1.37,82.5,77.0,31.43,-0.73,50.0,5.93,0.69,2.3,-4.84,0.5,4.87,-119.93,-2.07,-7.17,19.33,-31.43,12.0,8.4,24.0,1360,274,434563,475174,,,,,0,2,0,top
2017-09-30,492512,3,445060,R,595238,L,16,Pop Out,6,1,171001_015048,7f898c20-441b-4ded-aecb-7d38c2b485ed,0,0,0,B,Ball,FF,12,2.0,3.52,1.57,87.9,80.3,43.39,-0.55,50.0,6.41,0.23,4.38,-4.09,8.92,3.32,-127.61,-1.67,-6.76,25.54,-17.41,19.2,4.8,24.0,2092,204,,,,,,,0,1,0,top
2017-09-30,492512,3,445060,R,595238,L,16,Pop Out,6,2,171001_015102,da0b7b3b-6a4b-48fe-82df-a97124e73f25,1,1,0,C,Called Strike,SL,7,2.0,3.59,1.41,76.3,70.8,40.71,-1.27,50.0,6.13,-0.6,2.05,1.0,-3.22,1.16,-110.86,-0.69,1.25,18.71,-36.2,2.4,12.0,24.0,,15,,,,,,,0,1,0,top
2017-09-30,492512,3,445060,R,595238,L,16,Pop Out,6,3,171001_015117,fbb73f09-f384-4088-8930-ac46b9044324,1,1,0,S,Swinging Strike,FS,7,2.0,3.59,1.36,79.5,73.9,34.8,-0.92,50.0,6.03,-0.28,1.43,-6.18,2.3,3.3,-115.42,-4.19,-8.43,19.04,-29.04,14.4,9.6,24.0,1538,260,,,,,,,0,1,0,top
2017-09-30,492512,3,445060,R,595238,L,16,Pop Out,6,4,171001_015134,5d133733-ee99-4957-a99c-c77bffa8a307,1,2,0,F,Foul,FT,4,2.0,3.59,1.36,89.9,82.5,39.15,-0.71,50.0,6.1,-0.43,2.5,-7.72,5.44,3.31,-130.53,-4.86,-13.38,26.51,-22.76,28.8,6.0,24.0,2012,240,,,,,,,0,1,0,top
2017-09-30,492512,3,445060,R,595238,L,16,Pop Out,6,5,171001_015205,e71c2783-19a4-4699-a247-871aeb91422a,1,2,0,B,Ball,FS,11,2.0,3.54,1.47,79.8,73.9,46.82,-1.1,50.0,6.12,-1.19,3.15,-5.82,2.93,1.55,-115.96,-0.72,-8.02,19.36,-28.14,15.6,8.4,24.0,1324,250,,,,,,,0,1,0,top
2017-09-30,492512,3,445060,R,595238,L,16,Pop Out,6,6,171001_015231,36370abb-9fb7-4cc9-96e3-89c09d30a43f,2,2,0,X,In play- out(s),FS,7,2.0,3.59,1.36,79.8,73.8,39.63,-1.07,50.0,5.96,-0.66,1.74,-6.69,2.84,2.93,-115.82,-3.51,-9.16,20.21,-28.29,16.8,8.4,24.0,1247,255,,,,,,,0,1,0,top
2017-09-30,492512,3,445060,R,592325,L,17,Flyout,2,1,171001_015300,6e60457b-6b9a-48c8-a326-828dd99efed6,0,1,1,C,Called Strike,SL,6,2.0,3.36,1.5,77.7,71.8,63.33,-0.86,50.0,6.08,0.49,2.52,1.81,-3.15,2.5,-112.81,0.18,2.35,19.71,-36.25,4.8,10.8,24.0,2351,28,,,,,,,0,1,0,top
2017-09-30,492512,3,445060,R,592325,L,17,Flyout,2,2,171001_015324,071e9b20-bc73-4b64-8266-f6925a43b1e8,0,1,1,X,In play- out(s),KC,14,2.0,3.25,1.36,73.8,67.9,63.11,-0.94,50.0,6.38,0.5,1.15,7.59,-9.2,0.95,-107.03,-0.82,8.68,20.83,-42.7,12.0,15.6,24.0,2534,36,,,,,,,0,1,0,top
2017-09-30,492512,3,445060,R,571745,R,18,Single,4,1,171001_015352,2d7db9e0-cf20-476f-8af6-ba98fbb885e9,0,0,2,B,Ball,KC,14,2.0,3.57,1.48,74.8,69.3,65.56,-0.78,50.0,6.32,1.49,1.1,4.55,-9.11,3.59,-108.59,-1.1,5.4,20.1,-42.98,7.2,14.4,24.0,2434,26,,,,571745,,,0,0,0,top
2017-09-30,492512,3,445060,R,571745,R,18,Single,4,2,171001_015407,5ae7c3c3-82b9-491e-bdb7-4f7a141341ba,1,0,2,S,Swinging Strike,FS,13,2.0,3.17,1.28,80.6,75.1,34.63,-1.03,50.0,5.93,-0.27,1.25,-5.56,1.41,3.45,-117.06,-4.37,-7.81,19.42,-30.19,13.2,9.6,24.0,1342,268,,,,571745,,,0,0,0,top
2017-09-30,492512,3,445060,R,571745,R,18,Single,4,3,171001_015426,9474e07e-b8b6-4464-865c-b534ed9d77fb,1,2,2,F,Foul,FS,9,2.0,3.17,1.28,81.9,76.5,33.66,-0.82,50.0,5.93,0.43,1.47,-4.78,1.39,4.44,-119.05,-4.17,-6.98,19.24,-30.14,12.0,8.4,24.0,1397,266,,,,571745,,,0,0,0,top
2017-09-30,492512,3,445060,R,571745,R,18,Single,4,4,171001_015457,0f033fc8-6bff-410a-a0dd-e5091bcb31f9,1,2,2,D,In play- no out,FT,4,2.0,3.17,1.28,89.7,83.6,42.12,-0.93,50.0,5.87,-0.48,2.12,-6.82,3.09,3.49,-130.47,-4.57,-11.98,22.77,-26.76,22.8,7.2,24.0,1963,252,,,,571745,,,0,0,0,top
2017-09-30,492512,3,445060,R,429664,L,19,Lineout,2,1,171001_015542,2e7144c0-0fb2-4136-9f5a-e91ab239f92f,0,0,2,B,Ball,KC,11,2.0,3.7,1.66,76.7,70.9,95.38,-1.22,50.0,6.12,-0.84,3.9,6.41,0.15,-1.01,-111.45,2.33,8.13,18.27,-31.98,14.4,10.8,24.0,2257,86,571745,,,,,,0,1,0,top
2017-09-30,492512,4,445060,R,443558,R,25,Strikeout,5,1,171001_021415,01dd755b-e462-4fdf-ba7f-7f20e15119e2,0,1,0,F,Foul,FS,7,2.0,3.47,1.49,80.3,74.4,86.38,-0.75,50.0,6.04,-0.45,1.91,-7.04,2.31,2.81,-116.61,-3.27,-9.77,20.08,-28.97,18.0,9.6,24.0,1464,260,,,,,,,0,1,0,top
2017-09-30,492512,4,445060,R,443558,R,25,Strikeout,5,2,171001_021442,bc2d14b1-6b7e-4fb8-b042-0454e6223ff1,0,2,0,C,Called Strike,KC,14,2.0,4.07,1.92,75.1,68.4,66.06,-0.82,50.0,6.5,0.97,2.35,7.63,-8.44,1.71,-108.88,1.01,8.99,22.39,-42.11,12.0,14.4,24.0,2580,40,,,,,,,0,1,0,top
2017-09-30,492512,4,445060,R,443558,R,25,Strikeout,5,3,171001_021508,98e81fbf-58a0-4997-a4ae-c25c753a9c31,0,2,0,F,Foul,SL,14,2.0,3.47,1.49,80.2,74.1,31.52,-1.03,50.0,6.08,0.0,1.12,0.53,-0.83,2.21,-116.44,-4.17,0.73,21.76,-33.31,2.4,9.6,24.0,2287,20,,,,,,,0,1,0,top
2017-09-30,492512,4,445060,R,443558,R,25,Strikeout,5,4,171001_021626,2d9f2a68-af82-47e2-9a43-8d9b0150ec19,0,2,0,B,Ball,FF,14,2.0,3.99,1.83,90.9,83.2,22.84,-0.42,50.0,6.02,0.16,1.4,-6.64,8.69,3.77,-131.71,-8.78,-11.68,27.51,-16.89,30.0,4.8,24.0,1953,221,,,,,,,0,1,0,top
2017-09-30,492512,4,445060,R,443558,R,25,Strikeout,5,5,171001_021638,485bb854-3947-4a20-b43b-c73201401a32,1,2,0,S,Swinging Strike,FS,13,2.0,3.47,1.49,80.3,74.0,49.17,-1.08,50.0,5.83,-0.53,1.21,-6.71,0.72,3.27,-116.48,-3.87,-9.24,21.51,-31.18,15.6,9.6,24.0,1371,275,,,,,,,0,1,0,top
2017-09-30,492512,4,445060,R,572122,L,26,Groundout,3,1,171001_021723,55009190-a7d6-458a-bcd7-cad93e7e20e3,0,1,1,C,Called Strike,KC,6,2.0,3.46,1.39,75.2,69.4,69.28,-0.94,50.0,6.4,0.55,2.22,6.15,-8.29,1.48,-109.3,0.79,7.4,20.33,-42.14,10.8,14.4,24.0,2458,34,,,,,,,0,1,0,top
2017-09-30,492512,4,445060,R,572122,L,26,Groundout,3,2,171001_021738,469befee-4778-48ab-bb69-8bf49df849d5,0,1,1,B,Ball,FS,13,2.0,3.61,1.51,80.8,75.0,20.64,-1.05,50.0,5.81,-1.65,1.81,-8.55,-1.67,1.2,-117.45,-1.9,-12.04,20.53,-34.52,19.2,10.8,24.0,1357,287,,,,,,,0,1,0,top
2017-09-30,492512,4,445060,R,572122,L,26,Groundout,3,3,171001_021754,9f0c705a-ddbe-4971-ad02-7bd86fcb7690,1,1,1,X,In play- out(s),FS,7,2.0,3.15,1.23,81.2,74.6,29.5,-1.12,50.0,5.97,-0.32,1.47,-9.22,-0.37,4.65,-117.72,-3.42,-12.93,22.41,-32.7,20.4,10.8,24.0,1265,280,,,,,,,0,1,0,top
2017-09-30,492512,4,445060,R,475174,L,27,Groundout,4,1,171001_021832,0af8238a-6522-4d65-965a-5b84d22fd1d6,0,0,2,S,Swinging Strike,FS,8,2.0,3.12,1.28,80.8,73.8,76.23,-0.99,50.0,6.08,0.09,1.55,-7.59,3.28,4.75,-117.01,-4.44,-10.46,23.17,-27.65,19.2,8.4,24.0,1293,255,,,,,,,0,1,0,top
2017-09-30,492512,4,445060,R,475174,L,27,Groundout,4,2,171001_021852,393ff7bd-e768-4e25-b7b6-f2e78c2f667c,0,1,2,S,Swinging Strike,FS,14,2.0,3.12,1.28,80.0,73.8,39.28,-0.82,50.0,5.86,0.74,1.73,-5.59,0.87,5.25,-116.04,-2.72,-7.66,20.76,-30.98,12.0,9.6,24.0,1237,273,,,,,,,0,1,0,top
2017-09-30,492512,4,445060,R,475174,L,27,Groundout,4,3,171001_021915,17194204-82eb-44cc-bff4-00b51218a9f1,0,2,2,F,Foul,FF,12,2.0,3.12,1.28,91.5,83.4,49.51,-0.45,50.0,6.08,0.97,2.32,-5.2,8.27,5.48,-132.66,-6.5,-9.26,28.8,-17.45,22.8,4.8,24.0,2093,213,,,,,,,0,1,0,top
2017-09-30,492512,4,445060,R,475174,L,27,Groundout,4,4,171001_021940,24dfce64-8b66-429d-8901-c88280b4f1e9,0,2,2,X,In play- out(s),FT,6,2.0,3.12,1.28,91.4,84.2,39.5,-0.72,50.0,5.95,0.34,2.35,-7.09,3.36,5.23,-132.78,-4.51,-12.75,26.51,-26.14,24.0,7.2,24.0,1898,251,,,,,,,0,1,0,top
2017-09-30,492512,5,445060,R,434563,R,33,Flyout,5,1,171001_023255,06dd2264-1885-493d-ba19-8cd71d202483,0,0,0,B,Ball,FF,11,2.0,3.42,1.59,87.7,80.2,59.3,-0.81,50.0,6.25,-0.11,3.59,-3.59,8.5,2.94,-127.23,-3.08,-5.91,25.13,-18.18,15.6,4.8,24.0,2113,203,,,,,,,0,1,1,top
2017-09-30,492512,5,445060,R,434563,R,33,Flyout,5,2,171001_023308,f54f4eb8-1dea-4b0c-be8a-13064ffd9ad2,1,1,0,C,Called Strike,SL,8,2.0,3.51,1.56,78.6,73.7,26.34,-1.08,50.0,6.07,-0.03,1.82,2.73,-1.83,1.59,-114.31,-2.05,3.67,17.47,-34.64,6.0,10.8,24.0,2253,46,,,,,,,0,1,1,top
2017-09-30,492512,5,445060,R,434563,R,33,Flyout,5,3,171001_023322,4b35a40b-8761-4f33-855b-c5a5aca21513,1,1,0,B,Ball,FS,13,2.0,3.54,1.59,80.2,74.6,12.84,-0.86,50.0,5.91,-0.12,0.76,-6.46,2.59,3.65,-116.4,-5.69,-8.96,19.54,-28.59,15.6,8.4,24.0,1519,259,,,,,,,0,1,1,top
2017-09-30,492512,5,445060,R,434563,R,33,Flyout,5,4,171001_023343,ce695ae3-27c2-4ec5-931e-63ecbd210eef,2,2,0,F,Foul,FF,4,2.0,3.01,1.28,88.6,81.8,41.05,-0.63,50.0,5.99,-0.52,1.86,-3.96,8.06,1.59,-128.64,-6.9,-6.7,24.22,-18.53,18.0,4.8,24.0,2035,209,,,,,,,0,1,1,top
2017-09-30,492512,5,445060,R,434563,R,33,Flyout,5,5,171001_023414,00306e66-e81a-4dac-bcd8-ed855491f3e7,2,2,0,X,In play- out(s),KC,2,2.0,3.01,1.28,74.3,68.3,47.18,-1.01,50.0,6.45,0.16,2.94,8.1,-9.02,0.26,-107.8,2.6,9.47,19.74,-42.73,13.2,15.6,24.0,2475,40,,,,,,,0,1,1,top
2017-09-30,492512,5,445060,R,493596,R,34,Lineout,4,1,171001_023440,951c6e71-69dc-448a-b107-66347d829ee6,0,0,1,S,Swinging Strike,SL,14,2.0,3.23,1.37,80.4,75.0,84.78,-0.88,50.0,5.98,0.77,1.56,3.79,-1.51,2.69,-116.92,-2.86,5.3,19.74,-34.29,9.6,9.6,24.0,2348,57,,,,,,,0,1,1,top
2017-09-30,492512,5,445060,R,493596,R,34,Lineout,4,2,171001_023455,b2c0e7aa-cdcd-468d-87fb-9d6a19a4e54d,0,1,1,B,Ball,SL,14,2.0,3.6,1.61,79.1,73.9,31.41,-0.8,50.0,6.08,0.54,1.08,2.99,-4.19,2.17,-114.97,-3.11,4.05,19.24,-37.84,6.0,12.0,24.0,2355,31,,,,,,,0,1,1,top
2017-09-30,492512,5,445060,R,493596,R,34,Lineout,4,3,171001_023510,cbac3bb6-8a07-4ef7-b719-d78a7d1d638c,1,1,1,B,Ball,SL,14,2.0,3.5,1.61,81.6,76.0,31.25,-0.7,50.0,5.97,1.54,1.27,1.57,1.35,4.8,-118.46,-4.62,2.26,19.88,-30.23,6.0,8.4,24.0,2332,93,,,,,,,0,1,1,top
2017-09-30,492512,5,445060,R,493596,R,34,Lineout,4,4,171001_023537,81382bc7-96cf-4411-a94e-012ba0d7dc30,2,1,1,X,In play- out(s),FS,6,2.0,3.23,1.37,81.6,75.4,32.26,-0.97,50.0,5.95,0.58,2.1,-6.23,4.03,5.53,-118.48,-3.43,-8.93,20.73,-26.39,16.8,8.4,24.0,1392,242,,,,,,,0,1,1,top
2017-09-30,492512,5,445060,R,595238,L,35,Home Run,2,1,171001_023617,c92a28d1-a7e8-4786-936a-c0cfe71f5f1c,0,0,2,B,Ball,SL,11,2.0,3.64,1.54,77.5,71.8,79.17,-1.44,50.0,6.02,-1.07,2.94,2.39,-1.62,0.14,-112.6,0.79,3.1,18.6,-34.28,4.8,10.8,24.0,2357,45,,,,,,,1,0,1,top
2017-09-30,492512,5,445060,R,595238,L,35,Home Run,2,2,171001_023640,d14ec7f3-f405-48e5-8f83-b9dab6b20c80,1,0,2,E,In play- run(s),FF,2,2.0,3.59,1.36,89.2,81.3,28.12,-0.68,50.0,6.19,0.1,2.94,-4.44,10.41,3.48,-129.37,-5.44,-7.53,27.04,-14.54,24.0,3.6,24.0,2144,203,,,,,,,1,0,1,top
2017-09-30,492512,5,445060,R,592325,L,36,Groundout,2,1,171001_023729,5634895c-b0b4-4ee8-8349-40326d445369,0,1,2,C,Called Strike,SL,7,2.0,3.46,1.6,77.7,71.6,63.62,-1.21,50.0,6.09,-0.37,2.2,3.71,-1.87,0.8,-112.81,-0.9,4.78,20.32,-34.58,8.4,10.8,24.0,2069,52,,,,,,,0,1,0,top
2017-09-30,492512,5,445060,R,592325,L,36,Groundout,2,2,171001_023741,e574e802-92e5-4400-b887-abf5f349452d,0,1,2,X,In play- out(s),KC,14,2.0,3.25,1.36,74.0,68.2,39.93,-1.03,50.0,6.31,0.4,0.75,7.54,-8.6,0.95,-107.44,-1.76,8.7,20.89,-42.09,12.0,15.6,24.0,2418,37,,,,,,,0,1,0,top
2017-09-30,492512,6,445060,R,571745,R,42,Double,5,1,171001_025532,3296c1cc-3461-46dc-8bff-804a4c5c60c4,0,0,0,B,Ball,KC,14,2.0,3.47,1.51,73.3,68.4,74.91,-1.02,50.0,6.31,1.21,0.77,4.22,-7.54,3.52,-106.57,-1.95,4.86,18.34,-40.85,7.2,14.4,24.0,2365,28,,,,,571745,,0,0,2,top
2017-09-30,492512,6,445060,R,571745,R,42,Double,5,2,171001_025548,c51a2480-190f-4e45-93b1-537241939525,1,1,0,F,Foul,FS,11,2.0,3.17,1.28,79.6,73.5,42.37,-1.04,50.0,6.14,-0.95,2.5,-6.0,0.35,1.99,-115.54,-1.39,-8.16,20.35,-31.7,13.2,9.6,24.0,1430,276,,,,,571745,,0,0,2,top
2017-09-30,492512,6,445060,R,571745,R,42,Double,5,3,171001_025612,b8ec1ab4-9013-4e52-b80c-36506e8e68d8,1,1,0,S,Swinging Strike,KC,8,2.0,3.17,1.28,74.0,68.1,33.32,-0.78,50.0,6.28,0.02,1.87,4.27,-9.96,0.53,-107.41,1.02,4.94,20.26,-43.7,6.0,15.6,24.0,2427,21,,,,,571745,,0,0,2,top
2017-09-30,492512,6,445060,R,571745,R,42,Double,5,4,171001_025633,c4f73549-a6b3-4a7b-8d41-d7742b9ebba0,1,2,0,B,Ball,SL,14,2.0,3.6,1.59,81.6,75.5,17.39,-0.73,50.0,5.85,1.91,0.3,2.79,-0.92,5.33,-118.34,-5.82,3.96,22.49,-33.48,8.4,9.6,24.0,2313,54,,,,,571745,,0,0,2,top
2017-09-30,492512,6,445060,R,571745,R,42,Double,5,5,171001_025703,d6029557-391e-4ec3-b454-c9efaa3fd233,2,2,0,D,In play- no out,FF,2,2.0,3.17,1.28,90.6,82.8,32.95,-0.71,50.0,6.02,0.12,2.87,-5.06,8.2,3.86,-131.47,-4.75,-8.87,27.51,-17.8,22.8,4.8,24.0,2155,213,,,,,571745,,0,0,2,top
2017-09-30,492512,6,445060,R,429664,L,43,Lineout,2,1,171001_025821,f4b67a0f-3b60-47a4-914b-21dc63c2619c,1,0,0,*B,Ball In Dirt,KC,14,2.0,3.73,1.63,73.1,68.0,67.76,-0.95,50.0,6.12,0.61,0.27,5.67,-8.51,1.72,-106.18,-2.23,6.43,19.05,-41.84,8.4,15.6,24.0,2347,31,,571745,,,571745,,0,1,2,top
2017-09-30,492512,6,445060,R,429664,L,43,Lineout,2,2,171001_025854,505cfc68-3911-4766-9dde-846b1d6f1db6,1,0,0,X,In play- out(s),FS,4,2.0,3.55,1.5,80.1,74.1,23.36,-1.13,50.0,6.05,-0.41,2.45,-5.59,-0.63,3.33,-116.39,-1.12,-7.73,20.38,-33.05,12.0,9.6,24.0,1306,286,,571745,,,571745,,0,1,2,top
2017-09-30,492512,6,445060,R,443558,R,44,Single,2,1,171001_025945,f8c10108-36b8-4ac3-ab97-3674e4345ece,0,1,1,C,Called Strike,KC,5,2.0,3.92,1.74,74.4,68.4,53.62,-0.98,50.0,6.39,0.03,2.48,6.1,-8.2,0.48,-108.03,1.52,7.16,20.06,-41.79,9.6,14.4,24.0,2351,34,,571745,,443558,,571745,0,0,2,top
2017-09-30,492512,6,445060,R,443558,R,44,Single,2,2,171001_030008,c8eb7dd7-f250-4c84-85bd-067c753fb4ca,0,1,1,D,In play- no out,SL,14,2.0,3.47,1.49,79.9,74.4,56.07,-1.2,50.0,5.86,0.71,1.4,1.82,-2.65,3.85,-116.1,-2.5,2.51,19.65,-35.82,4.8,10.8,24.0,2294,32,,571745,,443558,,571745,0,0,2,top
